Time	wtime	pss	rss	swap	vmem	rchar	read_bytes	wchar	write_bytes	rx_bytes	rx_packets	tx_bytes	tx_packets	stime	utime	nprocs	nthreads
1677767967	1	243714	246100	0	457888	2601799	0	34572	0	0	0	0	0	0	0	1	1
1677767969	3	415743	582948	0	21005424	59994216	0	156222	4096	15597	205	16179	208	14	4	1	162
1677767971	5	339412	622336	0	21846512	67185305	0	157154	4096	1172501	3101	1173599	3106	14	5	1	176
1677767973	7	342397	629828	0	22363772	67532326	0	169034	4096	18567358	21056	4760039	16171	14	5	1	180
1677767975	9	339617	629920	0	22363772	67833819	0	180914	4096	33435095	36314	6246895	26263	14	5	1	180
1677767977	11	339472	629944	0	22363772	68131227	0	192794	4096	33961269	37131	6328275	26910	14	6	1	180
1677767979	13	339479	629964	0	22363772	68443147	0	204674	4096	34002012	37506	6369612	27288	14	6	1	180
1677767981	15	339459	629984	0	22363772	68747363	0	216950	4096	34051272	38035	6419388	27819	14	6	1	180
1677767983	17	339479	630008	0	22363772	69017218	0	227840	4096	34090432	38394	6459130	28181	14	6	1	180
1677767985	19	339528	630064	0	22363772	69316625	0	239720	4096	427229713	298690	7259309	37174	14	6	1	180
1677767987	21	339576	630112	0	22363772	69613408	0	251600	4096	1400177310	942126	8829473	54792	14	6	1	180
1677767989	23	339604	630140	0	22363772	69914556	0	263480	4096	2336150183	1561120	10317388	71411	14	6	1	180
1677767991	25	339636	630172	0	22363772	70211336	0	275360	4096	3269741485	2178583	11680023	86637	14	7	1	180
1677767993	27	339668	630204	0	22363772	70522581	0	287240	4096	4152045797	2762145	13071753	102233	14	7	1	180
1677767995	29	339696	630232	0	22363772	70819398	0	299120	4096	5100984484	3389778	14635961	119658	14	7	1	180
1677767997	31	339720	630256	0	22363772	71148043	0	311000	4096	6054576143	4020322	16107518	136147	14	7	1	180
1677767999	33	339752	630288	0	22363772	71392213	0	321692	4096	6877692900	4564653	17499271	151755	14	7	1	180
1677768001	35	339784	630320	0	22363772	71691018	0	334100	4096	7812237567	5182720	19038547	169085	14	7	1	180
1677768003	37	339808	630344	0	22364796	71987860	0	346046	4096	8627576675	5722060	20440958	184720	14	7	1	180
1677768005	39	339832	630368	0	22364796	72289147	0	357926	4096	9430127014	6252882	21697688	198677	14	7	1	180
1677768007	41	339856	630392	0	22364796	72586192	0	369806	4096	10284868270	6818206	23109498	214396	14	8	1	180
1677768009	43	339880	630416	0	22364796	72897796	0	381686	4096	11149840396	7390217	24461873	229534	15	8	1	180
1677768011	45	339920	630456	0	22364796	73194922	0	393566	4096	12096764304	8016585	25986345	246525	15	8	1	180
1677768013	47	339936	630472	0	22364796	73523873	0	405446	4096	13020369628	8627459	27464917	262980	15	8	1	180
1677768015	49	339964	630500	0	22364796	73768317	0	416138	4096	13835748262	9166634	28771781	277654	15	8	1	180
1677768017	51	339988	630524	0	22364796	74067436	0	428018	4096	14784686967	9794191	30328066	295096	15	8	1	180
1677768019	53	340016	630552	0	22364796	74364563	0	439898	4096	15675771944	10383528	31807537	311628	15	8	1	180
1677768021	55	340040	630576	0	22364796	74666062	0	452372	4096	16589649866	10987950	33384475	329389	15	9	1	180
1677768023	57	340068	630604	0	22364796	74963182	0	464252	4096	17429410704	11543416	34780399	345010	15	9	1	180
1677768025	59	340460	630996	0	22364796	75418510	0	476132	4096	18310355806	12126037	36338167	362368	15	9	1	180
1677768027	61	340492	631028	0	22364796	75717018	0	488012	4096	19187086325	12705933	37871926	379491	15	9	1	180
1677768029	63	340516	631052	0	22364796	75991905	0	498704	4096	20037611472	13268273	39335357	395985	15	9	1	180
1677768031	65	340544	631080	0	22364796	76291015	0	510584	4096	20941668605	13866301	40802471	412413	15	9	1	180
1677768033	67	340552	631088	0	22364796	76588136	0	523544	4096	21817363997	14445365	42267031	428787	15	9	1	180
1677768035	69	340572	631108	0	22364796	76889635	0	536504	4096	22763050036	15070753	43800359	445887	15	10	1	180
1677768037	71	340588	631124	0	22364796	77186829	0	549608	4096	23705176370	15693802	45309784	462807	15	10	1	180
1677768039	73	340608	631144	0	22364796	77498519	0	563072	4096	24634965022	16308709	46852754	480031	15	10	1	180
1677768041	75	340632	631168	0	22364796	77795740	0	576032	4096	25519344090	16893729	48261941	495801	15	10	1	180
1677768043	77	340648	631184	0	22364796	78124813	0	588992	4096	26474178969	17525148	49775531	512726	15	10	1	180
1677768045	79	340668	631204	0	22364796	78369341	0	600656	4096	27326406677	18088712	51169252	528410	15	10	1	180
1677768047	81	340680	631216	0	22364796	78668560	0	613616	4096	28202247420	18667952	52553576	543895	15	10	1	180
1677768049	83	340700	631236	0	22364796	78965783	0	626576	4096	29125988517	19278834	53995799	559972	15	10	1	180
1677768051	85	340716	631252	0	22364796	79267371	0	639536	4096	29982793780	19845607	55403132	575598	15	11	1	180
1677768053	87	340736	631272	0	22364796	79564560	0	652496	4096	30833217723	20408069	56989942	593088	15	11	1	180
1677768055	89	340752	631288	0	22364796	79876229	0	665456	4096	31730754210	21001628	58616814	611260	15	11	1	180
1677768057	91	340768	631304	0	22364796	80173429	0	679064	4096	32685326924	21632933	60221890	629188	16	11	1	180
1677768059	93	340784	631320	0	22364796	80502484	0	692024	4096	33648013576	22269561	61835982	647179	16	11	1	180
1677768061	95	340800	631336	0	22364796	80746994	0	703688	4096	34424756577	22783255	63092715	661169	16	11	1	180
1677768063	97	340824	631360	0	22364796	81046216	0	716648	4096	35310654756	23369207	64611515	677991	16	11	1	180
1677768065	99	340836	631372	0	22364796	81343464	0	729608	4096	36246643894	23988195	66134369	694972	16	12	1	180
1677768067	101	340856	631392	0	22364796	81645049	0	742568	4096	37213969359	24627862	67711068	712658	16	12	1	180
1677768069	103	340872	631408	0	22365820	81942243	0	755528	4096	38138565651	25239349	69142748	728569	16	12	1	180
1677768071	105	340900	631436	0	22365820	82253895	0	768488	4096	39139488577	25901253	70648462	745390	16	12	1	180
1677768073	107	340916	631452	0	22365820	82551098	0	781592	4096	40074187757	26519511	72231654	763040	16	12	1	180
1677768075	109	340936	631472	0	22365820	82880122	0	795056	4096	41050151953	27164940	73802112	780657	16	12	1	180
1677768077	111	340952	631488	0	22365820	83124596	0	806720	4096	41910429249	27733839	75187882	796191	16	12	1	180
1677768079	113	340972	631508	0	22365820	83423745	0	819680	4096	42890219500	28381751	76854332	814910	16	13	1	180
1677768081	115	340984	631520	0	22365820	83725291	0	832640	4096	43861624834	29024163	78412010	832290	16	13	1	180
1677768083	117	341004	631540	0	22365820	84022459	0	845600	4096	44813875310	29653973	79829392	848234	16	13	1	180
1677768085	119	341020	631556	0	22365820	84330102	0	858560	4096	45774210955	30289075	81424691	866078	16	13	1	180
1677768087	121	341052	631588	0	22365820	84631266	0	871520	4096	46742455134	30929388	82895572	882474	16	13	1	180
1677768089	123	341072	631608	0	22365820	84940423	0	884480	4096	47671255921	31543632	84479943	900139	16	13	1	180
1677768091	125	341096	631632	0	22365820	85204803	0	896216	4096	48519955991	32104878	85888539	916043	16	13	1	180
1677768093	127	341132	631668	0	22365820	85504021	0	909320	4096	49487291116	32744695	87493981	933953	16	13	1	180
1677768095	129	341132	631668	0	22365820	85801323	0	922712	4096	50421807198	33362690	88998519	950883	16	14	1	180
1677768097	131	341136	631672	0	22365820	86102926	0	935672	4096	51384043731	33999039	90561138	968304	16	14	1	180
1677768099	133	341152	631688	0	22365820	86400153	0	948632	4096	52361370930	34645362	92056826	984984	16	14	1	180
1677768101	135	341168	631704	0	22365820	86711869	0	961592	4096	53298220907	35264966	93626482	1002593	17	14	1	180
1677768103	137	341188	631724	0	22365820	87009128	0	974552	4096	54229378861	35880834	95178998	1019900	17	14	1	180
1677768105	139	341204	631740	0	22365820	87338224	0	987512	4096	55198834493	36521921	96715860	1037169	17	14	1	180
1677768107	141	341220	631756	0	22365820	87582797	0	999176	4096	56039178838	37077603	98042943	1052084	17	14	1	180
1677768109	143	341236	631772	0	22365820	87882131	0	1012136	4096	57028935123	37732091	99616274	1069722	17	15	1	180
1677768111	145	341256	631792	0	22365820	88179515	0	1025096	4096	57993280478	38369865	101120613	1086564	17	15	1	180
1677768113	147	341272	631808	0	22365820	88481307	0	1038416	4096	58941149080	38996728	102483569	1101845	17	15	1	180
1677768115	149	341288	631824	0	22365820	88778783	0	1051664	4096	59918454753	39643046	103940410	1118063	17	15	1	180
1677768117	151	341304	631840	0	22365820	89090839	0	1064624	4096	60884540644	40281918	105424898	1134629	17	15	1	180
1677768119	153	341324	631860	0	22365820	89388515	0	1077584	4096	61845330386	40917339	107100664	1153340	17	15	1	180
1677768121	155	341340	631876	0	22365820	89718101	0	1090544	4096	62788631781	41541204	108604940	1170210	17	15	1	180
1677768123	157	341356	631892	0	22365820	89963076	0	1102208	4096	63615906751	42088360	109967285	1185577	17	15	1	180
1677768125	159	341376	631912	0	22365820	90262818	0	1115168	4096	64560985359	42713293	111489360	1202660	17	16	1	180
1677768127	161	341392	631928	0	22365820	90560603	0	1128128	4096	65506947235	43338921	113075631	1220374	17	16	1	180
1677768129	163	341408	631944	0	22365820	90862768	0	1141088	4096	66464853694	43972359	114522398	1236484	17	16	1	180
1677768131	165	341424	631960	0	22365820	91160558	0	1154480	4096	67444531753	44620237	116031733	1253285	17	16	1	180
1677768133	167	341444	631980	0	22365820	91472842	0	1167656	4096	68385664050	45242798	117522769	1269931	17	16	1	180
1677768135	169	341460	631996	0	22365820	91770666	0	1180616	4096	69391424173	45907884	119089720	1287409	17	16	1	180
1677768137	171	341480	632016	0	22365820	92100343	0	1193576	4096	70372020644	46556313	120638259	1304755	17	16	1	180
1677768139	173	341496	632032	0	22365820	92345401	0	1205240	4096	71156229013	47074974	121935697	1319172	17	17	1	180
1677768141	175	341512	632048	0	22365820	92645210	0	1218200	4096	72068297020	47678119	123505094	1336622	17	17	1	180
1677768143	177	341528	632064	0	22365820	92944252	0	1231160	4096	72966555996	48272269	124962004	1352762	17	17	1	180
1677768145	179	341548	632084	0	22365820	93245327	0	1244120	4096	73928061168	48908114	126442277	1369200	18	17	1	180
1677768147	181	341572	632108	0	22365820	93551210	0	1257080	4096	74803065235	49486861	127958133	1385755	18	17	1	180
1677768149	183	341596	632132	0	22365820	93855671	0	1270054	4096	75620107442	50027531	129564284	1402309	18	17	1	180
1677768151	185	341616	632152	0	22365820	94162008	0	1283704	4096	76447382862	50575510	131245855	1419470	18	17	1	180
1677768153	187	341632	632168	0	22365820	94430679	0	1295404	4096	77226038235	51090545	132691814	1435100	18	17	1	180
1677768155	189	341652	632188	0	22365820	94730651	0	1308404	4096	78212746618	51743546	134482584	1453975	18	18	1	180
1677768157	191	341672	632208	0	22365820	95028602	0	1321404	4096	79240687356	52423689	136332628	1473659	18	18	1	180
1677768159	193	341688	632224	0	22365820	95331027	0	1334404	4096	80246169709	53089018	138054601	1491627	18	18	1	180
1677768161	195	341719	632256	0	22365820	95629070	0	1347404	4096	81210283087	53726891	139671286	1508209	18	18	1	180
1677768163	197	341734	632272	0	22365820	95941492	0	1360404	4096	82243154970	54410028	141540050	1528100	18	18	1	180
1677768165	199	341754	632292	0	22365820	96239439	0	1373404	4096	83304843399	55112539	143461593	1548581	18	18	1	180
1677768167	201	341770	632308	0	22365820	96569304	0	1386404	4096	84487535422	55895110	145478875	1569891	18	18	1	180
1677768169	203	341782	632320	0	22365820	96814552	0	1398754	4096	85457559368	56536732	147238007	1588203	18	19	1	180
1677768171	205	341818	632356	0	22365820	97114640	0	1411754	4096	86464389029	57203511	149324322	1608430	18	19	1	180
1677768173	207	341842	632380	0	22365820	97412678	0	1424788	4096	87534798462	57911957	151285478	1628878	18	19	1	180
1677768175	209	341858	632396	0	22365820	97714975	0	1437828	4096	88687546180	58674338	153201876	1649654	18	19	1	180
1677768177	211	341874	632412	0	22365820	98012846	0	1450868	4096	89927389170	59494153	155004703	1669713	18	19	1	180
1677768179	213	341890	632428	0	22365820	98325238	0	1463908	4096	91033446394	60225658	156603833	1687208	18	19	1	180
1677768181	215	341914	632452	0	22366844	98623172	0	1476964	4096	92129978515	60951425	158540587	1707373	18	19	1	180
1677768183	217	341934	632472	0	22366844	98952980	0	1490024	4096	93192980004	61654563	160297167	1726531	18	20	1	180
1677768185	219	341950	632488	0	22366844	99198119	0	1501924	4096	94235889650	62344303	162166723	1747561	18	20	1	180
1677768187	221	341970	632508	0	22366844	99498069	0	1515502	4096	95427057437	63132037	164078017	1768234	18	20	1	180
1677768189	223	341986	632524	0	22366844	99796016	0	1528582	4096	96578556980	63893687	165928300	1788329	19	20	1	180
1677768191	225	342010	632548	0	22366844	100098435	0	1541677	4096	97664627894	64612391	167756144	1807097	19	20	1	180
1677768193	227	342026	632564	0	22366844	100396414	0	1554777	4096	98795124119	65360353	169541862	1826156	19	20	1	180
1677768195	229	342046	632584	0	22366844	100708866	0	1567877	4096	99980025866	66144243	171473737	1846884	19	20	1	180
1677768197	231	342062	632600	0	22366844	101006873	0	1580977	4096	101092685675	66880297	173276938	1865953	19	20	1	180
1677768199	233	342086	632624	0	22366844	101336736	0	1594077	4096	102085947718	67537388	174776216	1881995	19	21	1	180
1677768201	235	342102	632640	0	22366844	101581954	0	1605867	4096	102930215934	68096068	176080967	1895976	19	21	1	180
1677768203	237	342122	632660	0	22366844	101881908	0	1619040	4096	103993606114	68799381	177686530	1913754	19	21	1	180
1677768205	239	342138	632676	0	22366844	102179852	0	1632722	4096	105088000289	69523551	179516205	1933544	19	21	1	180
1677768207	241	342166	632704	0	22366844	102482257	0	1645833	4096	106224091075	70275232	181461029	1953773	19	21	1	180
1677768209	243	342182	632720	0	22366844	102780180	0	1658953	4096	107319130044	70999663	183635715	1976966	19	21	1	180
1677768211	245	342210	632748	0	22366844	103092563	0	1672073	4096	108508523181	71786354	185574697	1998190	19	21	1	180
1677768213	247	342226	632764	0	22366844	103390411	0	1685193	4096	109811258923	72647816	187585018	2020378	19	22	1	180
1677768215	249	342266	632804	0	22366844	103667365	0	1697001	4096	110897857624	73366386	189158918	2037911	19	22	1	180
1677768217	251	342282	632820	0	22366844	103966422	0	1710121	4096	111985783952	74085935	190895560	2056839	19	22	1	180
1677768219	253	342310	632848	0	22366844	104265063	0	1723241	4096	113076824433	74807526	192544307	2074769	19	22	1	180
1677768221	255	342326	632864	0	22366844	104567279	0	1736361	4096	114127854665	75502806	194213096	2092602	19	22	1	180
1677768223	257	342342	632880	0	22366844	104865115	0	1749481	4096	115112971725	76154402	195850639	2110499	19	22	1	180
1677768225	259	342362	632900	0	22366844	105167028	0	1763257	4096	116136419197	76831581	197501940	2128123	19	22	1	180
1677768227	261	342378	632916	0	22366844	105475264	0	1776377	4096	117223637786	77550997	199322433	2147474	19	23	1	180
1677768229	263	342406	632944	0	22366844	105789261	0	1789497	4096	118327875398	78281945	201359908	2168224	19	23	1	180
1677768231	265	342418	632956	0	22366844	106050223	0	1801305	4096	119133058334	78815192	202838853	2183120	19	23	1	180
1677768233	267	342438	632976	0	22366844	106350038	0	1814425	4096	120194988845	79517524	204509363	2201635	20	23	1	180
1677768235	269	342462	633000	0	22366844	106647870	0	1827545	4096	121350102140	80281494	206185587	2219948	20	23	1	180
1677768237	271	342482	633020	0	22366844	106950102	0	1840665	4096	122531818838	81063109	208025946	2240218	20	23	1	180
1677768239	273	342498	633036	0	22366844	107247913	0	1853785	4096	123691847523	81830363	209910864	2260560	20	23	1	180
1677768241	275	342514	633052	0	22366844	107560212	0	1866905	4096	124804113131	82565980	211611115	2279476	20	23	1	180
1677768243	277	342530	633068	0	22366844	107858014	0	1880681	4096	125998595174	83356021	213476669	2299965	20	24	1	180
1677768245	279	342554	633092	0	22366844	108187678	0	1893801	4096	127161618945	84125292	215283861	2319185	20	24	1	180
1677768247	281	342574	633112	0	22366844	108432710	0	1905609	4096	128266527007	84855968	216973116	2337955	20	24	1	180
1677768249	283	342590	633128	0	22366844	108732498	0	1918729	4096	129423078421	85620919	218889303	2358858	20	24	1	180
1677768251	285	342622	633160	0	22366844	109030267	0	1931849	4096	130615794064	86409825	220772122	2378998	20	24	1	180
1677768253	287	342642	633180	0	22366844	109332468	0	1944969	4096	131840994249	87220245	222775002	2400563	20	24	1	180
1677768255	289	342662	633200	0	22366844	109630299	0	1958089	4096	133011348551	87994412	224601349	2420244	20	24	1	180
1677768257	291	342678	633216	0	22366844	109942583	0	1971209	4096	134233397941	88802641	226456461	2440539	20	24	1	180
1677768259	293	342698	633236	0	22366844	110240418	0	1984329	4096	135428399662	89593176	228355437	2460765	20	25	1	180
1677768261	295	342722	633260	0	22366844	110570145	0	1997449	4096	136524675921	90318644	230121908	2479354	20	25	1	180
1677768263	297	342737	633276	0	22366844	110815231	0	2009913	4096	137557659924	91002010	231795250	2497290	20	25	1	180
1677768265	299	342753	633292	0	22366844	111115079	0	2023033	4096	138762364420	91798862	233665739	2517400	20	25	1	180
1677768267	301	342773	633312	0	22366844	111412874	0	2036153	4096	140012965245	92625914	235553966	2538255	20	25	1	180
1677768269	303	342797	633336	0	22366844	111715089	0	2049273	4096	141251477884	93444987	237452797	2558841	20	25	1	180
1677768271	305	342817	633356	0	22366844	112012967	0	2062395	4096	142419393971	94217763	239344805	2578683	20	25	1	180
1677768273	307	342833	633372	0	22366844	112325344	0	2075535	4096	143532009001	94954058	241168384	2597769	20	25	1	180
1677768275	309	342857	633396	0	22366844	112623189	0	2088675	4096	144658129963	95698958	242961247	2616966	20	26	1	180
1677768277	311	342893	633432	0	22366844	112952844	0	2101815	4096	145755600265	96424725	244624467	2635510	21	26	1	180
1677768279	313	342909	633448	0	22366844	113197876	0	2113641	4096	146772877468	97097452	246136591	2652260	21	26	1	180
1677768281	315	342929	633468	0	22367868	113497691	0	2127438	4096	147891213451	97837250	247961565	2671842	21	26	1	180
1677768283	317	342957	633496	0	22367868	113799960	0	2140578	4096	148945802337	98535266	249874641	2692023	21	26	1	180
1677768285	319	342973	633512	0	22367868	114097792	0	2153718	4096	150043459253	99261252	251446355	2709374	21	26	1	180
1677768287	321	342993	633532	0	22367868	114405095	0	2166858	4096	151229407140	100045633	253163369	2728429	21	26	1	180
1677768289	323	343017	633556	0	22367868	114707960	0	2179998	4096	152328239306	100772664	254955239	2747082	21	27	1	180
1677768291	325	343049	633588	0	22367868	115019445	0	2193138	4096	153359353120	101454809	256411210	2762998	21	27	1	180
1677768293	327	343081	633620	0	22367868	115282906	0	2204964	4096	154217505958	102022660	257986043	2779770	21	27	1	180
1677768295	329	343117	633656	0	22367868	115582807	0	2218104	4096	155254090935	102708770	259783712	2798245	21	27	1	180
1677768297	331	343129	633668	0	22367868	115880684	0	2231244	4096	156428631356	103485804	261765906	2818986	21	27	1	180
1677768299	333	343137	633676	0	22367868	116182999	0	2244749	4096	157552995330	104229804	263646219	2839000	21	27	1	180
1677768301	335	343157	633696	0	22367868	116480862	0	2258181	4096	158650803257	104956040	265458326	2858489	21	27	1	180
1677768303	337	343173	633712	0	22367868	116793147	0	2271321	4096	159784450443	105705832	267260443	2878389	21	27	1	180
1677768305	339	343205	633744	0	22367868	117090936	0	2284461	4096	160917141017	106455047	269103807	2898031	21	28	1	180
1677768307	341	343217	633756	0	22367868	117420572	0	2297601	4096	162115059165	107247331	270859399	2917504	21	28	1	180
1677768309	343	343233	633772	0	22367868	117665593	0	2309427	4096	163143812799	107927653	272494904	2935699	21	28	1	180
1677768311	345	343257	633796	0	22367868	117965402	0	2322567	4096	164244782828	108655863	274170825	2953994	21	28	1	180
1677768313	347	341265	631804	0	22367852	118263244	0	2335567	4096	165381382069	109407711	275948286	2972755	21	28	1	179
1677768315	349	345356	636396	0	22368952	118820135	0	2345142	4096	166467088829	110125995	277860847	2991347	21	28	1	177
1677768317	351	345360	636400	0	22368952	119118023	0	2353902	4096	167400326748	110743333	279275379	3006049	21	29	1	177
1677768319	353	345360	636400	0	22368952	119430395	0	2362662	4096	168339360889	111364371	280582546	3020414	21	29	1	177
1677768321	355	345360	636400	0	22368952	119728234	0	2371422	4096	169202462419	111935198	281799628	3033789	22	29	1	177
1677768323	357	345360	636400	0	22368952	120057950	0	2380182	4096	170142458229	112557106	283269215	3049680	22	29	1	177
1677768325	359	345364	636404	0	22368952	120303005	0	2388358	4096	171172351565	113238490	285027263	3068554	22	29	1	177
1677768327	361	345356	636396	0	22368936	120602835	0	2397124	4096	172301750423	113985671	286969910	3088301	22	29	1	176
1677768329	363	345296	636336	0	22352512	120900677	0	2402538	4096	173357028701	114683539	288764264	3107147	22	29	1	174
1677768331	365	345296	636336	0	22352512	121202891	0	2406918	4096	174138236399	115200207	290052338	3121272	22	29	1	174
1677768333	367	345284	636324	0	22344300	121500771	0	2410063	4096	174769004632	115617409	291068497	3131708	22	30	1	173
1677768335	369	345284	636324	0	22344300	121813110	0	2412983	4096	175335699795	115992238	292039788	3141674	22	30	1	173
1677768337	371	345284	636324	0	22344300	122110964	0	2415903	4096	176022432268	116446455	293060097	3152743	22	30	1	173
1677768339	373	345284	636324	0	22344300	122440726	0	2418823	4096	176621390076	116842637	293880543	3161656	22	30	1	173
1677768341	375	345288	636328	0	22344300	122685881	0	2421451	4096	177148667274	117191289	294594254	3169465	22	30	1	173
1677768343	377	345288	636328	0	22344300	122985826	0	2424517	4096	177730510345	117576144	295426498	3178524	22	30	1	173
1677768345	379	345296	636336	0	22344300	123284139	0	2427437	4096	178380929523	118006309	296395651	3189119	22	30	1	173
1677768347	381	345296	636336	0	22344300	123586128	0	2430357	4096	178957059792	118387386	297201022	3197834	22	30	1	173
1677768349	383	345296	636336	0	22344300	123898587	0	2433277	4096	179594083342	118808723	298102188	3207605	22	30	1	173
1677768351	385	345296	636336	0	22344300	124196595	0	2436197	4096	180190079446	119202893	298939258	3216616	22	31	1	173
1677768353	387	345296	636336	0	22344300	124522485	0	2439117	4096	180763935915	119582469	299724102	3225133	22	31	1	173
1677768355	389	345296	636336	0	22344300	124771753	0	2441745	4096	181269704770	119916988	300544462	3234178	22	31	1	173
1677768357	391	345296	636336	0	22344300	125071804	0	2444665	4096	181829841026	120287508	301467595	3244294	22	31	1	173
1677768359	393	345296	636336	0	22344300	125369852	0	2447585	4096	182296292424	120596102	302154374	3251695	22	31	1	173
1677768361	395	345296	636336	0	22344300	125672309	0	2450505	4096	182734515426	120885983	302827761	3258667	22	31	1	173
1677768363	397	345296	636336	0	22344300	125970371	0	2453571	4096	183133044040	121149672	303381915	3264549	22	31	1	173
1677768365	399	345296	636336	0	22344300	126282953	0	2456491	4096	183516491745	121403397	303909329	3270186	22	31	1	173
1677768367	401	345304	636344	0	22344300	126581031	0	2459411	4096	183921298661	121671236	304556752	3277044	22	31	1	173
1677768369	403	345316	636356	0	22344300	126910976	0	2462331	4096	184332721483	121943447	305217618	3284206	22	32	1	173
1677768371	405	345332	636372	0	22344300	127156260	0	2464959	4096	184718792786	122198886	305750754	3289966	22	32	1	173
1677768373	407	345380	636420	0	22336088	127456381	0	2466644	4096	185065055492	122427960	306304551	3294907	22	32	1	172
1677768375	409	345380	636420	0	22336088	127754469	0	2468104	4096	185345995733	122613953	306711324	3299125	22	32	1	172
1677768377	411	345380	636420	0	22336088	128056968	0	2469564	4096	185676259945	122832418	307182808	3304025	23	32	1	172
1677768379	413	345388	636428	0	22336088	128355056	0	2471024	4096	186021130603	123060624	307730807	3309857	23	32	1	172
1677768381	415	345388	636428	0	22336088	128667638	0	2472557	4096	186294831454	123241731	308159728	3314334	23	32	1	172
1677768383	417	345400	636440	0	22336088	128965726	0	2474017	4096	186577874788	123429085	308551845	3318348	23	32	1	172
1677768385	419	345416	636456	0	22336088	129295692	0	2475477	4096	186807429761	123581039	308862259	3321490	23	32	1	172
1677768387	421	345432	636472	0	22336088	129540994	0	2476791	4096	187047912827	123740181	309351607	3326493	23	33	1	172
1677768389	423	345436	636476	0	22336088	129841085	0	2478251	4096	187249354577	123873590	309666276	3329733	23	33	1	172
1677768391	425	345436	636476	0	22336088	130139173	0	2479711	4096	187480693986	124026719	309985866	3332969	23	33	1	172
1677768393	427	345436	636476	0	22336088	130441672	0	2481171	4096	187681059031	124159361	310306101	3336238	23	33	1	172
1677768395	429	345436	636476	0	22336088	130739760	0	2482631	4096	187902299682	124305819	310628805	3339529	23	33	1	172
1677768397	431	345436	636476	0	22336088	131052342	0	2484091	4096	188056144110	124407737	310874307	3341932	23	33	1	172
1677768399	433	345440	636480	0	22336088	131350430	0	2485551	4096	188242682252	124531321	311172024	3344948	23	33	1	172
1677768401	435	345456	636496	0	22336088	131680396	0	2487084	4096	188455073064	124671960	311488074	3348166	23	33	1	172
1677768403	437	345480	636520	0	22336088	131925698	0	2488398	4096	188650133268	124801048	311799768	3351436	23	33	1	172
1677768405	439	345496	636536	0	22336088	132225806	0	2489858	4096	188872558682	124948297	312176192	3354970	23	34	1	172
1677768407	441	345512	636552	0	22336088	132523962	0	2491318	4096	188932788726	124988334	312303005	3356065	23	34	1	172
1677768409	443	345528	636568	0	22336088	132826529	0	2492778	4096	188984516135	125022753	312399708	3356834	23	34	1	172
1677768411	445	345544	636584	0	22336088	133124685	0	2494238	4096	189067001132	125077555	312548024	3358196	23	34	1	172
1677768413	447	345560	636600	0	22336088	133437340	0	2495698	4096	189122857822	125114670	312657290	3359026	23	34	1	172
1677768415	449	345576	636616	0	22336088	133735496	0	2497158	4096	189133385637	125121881	312724176	3359444	23	34	1	172
1677768417	451	345592	636632	0	22336088	134065541	0	2498618	4096	189133434253	125122131	312773394	3359697	23	34	1	172
1677768419	453	345604	636644	0	22336088	134310895	0	2500005	4096	189191845074	125160903	312873770	3360597	23	34	1	172
1677768421	455	345620	636660	0	22336088	134611054	0	2501465	4096	189244105326	125195708	312978718	3361479	23	35	1	172
1677768423	457	345635	636672	0	22336088	134909210	0	2502925	4096	189314103609	125242196	313136440	3362945	23	35	1	172
1677768425	459	345651	636688	0	22336088	135211777	0	2504385	4096	189386485123	125290261	313280102	3364212	23	35	1	172
1677768427	461	345671	636708	0	22336088	135509933	0	2505845	4096	189461718958	125340240	313412022	3365374	23	35	1	172
1677768429	463	345691	636728	0	22336088	135822588	0	2507305	4096	189536243865	125389738	313549820	3366556	23	35	1	172
1677768431	465	450438	743392	0	22438836	135954995	0	2732094	233472	189536397957	125390090	313703956	3366904	23	37	1	162
1677768433	467	361542	654980	0	22350180	136020023	0	3065245	561152	189536495180	125391375	313866753	3368915	23	38	1	162
