Time	wtime	pss	rss	swap	vmem	rchar	read_bytes	wchar	write_bytes	rx_bytes	rx_packets	tx_bytes	tx_packets	stime	utime	nprocs	nthreads
1677767185	1	21935	26712	0	66280	2011895	0	0	0	0	0	0	0	0	0	1	1
1677767187	3	538780	575028	0	19825268	59954381	0	96278	4096	9094	119	9941	122	14	4	1	146
1677767189	5	349952	614628	0	20517828	67296848	0	97210	4096	423354	1568	424717	1573	14	5	1	157
1677767191	7	350794	620628	0	21182584	67450299	0	109090	4096	8903156	10348	2708618	8177	14	5	1	164
1677767193	9	350842	620676	0	21182584	67607062	0	120970	4096	21950217	23681	4003376	16858	14	5	1	164
1677767195	11	347969	620688	0	21182584	67760626	0	133048	4096	30198903	32006	4796956	22163	14	5	1	164
1677767197	13	347684	620696	0	21182584	67914315	0	144928	4096	32035732	34045	4987680	23509	14	5	1	164
1677767199	15	348272	621384	0	21183608	68326200	0	156874	4096	32116331	34536	5031729	23991	14	6	1	164
1677767201	17	348213	621400	0	21183608	68476733	0	167896	4096	32149873	34884	5065787	24341	14	6	1	164
1677767203	19	348215	621416	0	21183608	68630497	0	179776	4096	32185521	35260	5102282	24720	14	6	1	164
1677767205	21	348199	621432	0	21183608	68784197	0	191656	4096	217614380	158203	5528093	29468	14	6	1	164
1677767207	23	348214	621448	0	21183608	68940827	0	203536	4096	663293245	453167	6276342	37740	14	6	1	164
1677767209	25	348226	621460	0	21183608	69094231	0	215416	4096	1133450126	764323	7002995	45802	14	6	1	164
1677767211	27	348246	621480	0	21183608	69247635	0	227296	4096	1613125856	1081833	7837634	55054	14	6	1	164
1677767213	29	348262	621496	0	21183608	69401058	0	239176	4096	2051680466	1372025	8523687	62647	14	6	1	164
1677767215	31	348274	621508	0	21183608	69551317	0	249868	4096	2437130835	1627168	9248701	70634	14	6	1	164
1677767217	33	348294	621528	0	21183608	69704741	0	261946	4096	2896187040	1930942	9980652	78751	14	7	1	164
1677767219	35	348306	621540	0	21183608	69858165	0	273826	4096	3378166689	2249938	10860086	88490	14	7	1	164
1677767221	37	348318	621552	0	21183608	70011593	0	285706	4096	3846845523	2560112	11698410	97840	14	7	1	164
1677767223	39	348338	621572	0	21183608	70168222	0	297586	4096	4332835900	2881709	12601537	107843	14	7	1	164
1677767225	41	348350	621584	0	21183608	70321735	0	309862	4096	4769969814	3171033	13370168	116298	14	7	1	164
1677767227	43	348362	621596	0	21183608	70475296	0	321742	4096	5195491707	3452684	14121150	124475	14	7	1	164
1677767229	45	348390	621624	0	21183608	70628869	0	333622	4096	5672226562	3768310	14943749	133376	14	7	1	164
1677767231	47	348406	621640	0	21183608	70779269	0	344314	4096	6086413313	4042468	15644656	141032	14	7	1	164
1677767233	49	348418	621652	0	21183608	70932853	0	356194	4096	6583524743	4371439	16460637	150080	14	8	1	164
1677767235	51	348426	621660	0	21183608	71086437	0	368074	4096	7051804551	4681349	17249635	158757	14	8	1	164
1677767237	53	348438	621672	0	21183608	71240021	0	379954	4096	7538071388	5003104	18028950	167413	14	8	1	164
1677767239	55	348454	621688	0	21183608	71396789	0	391834	4096	8008956142	5314750	18816016	176110	15	8	1	164
1677767241	57	348466	621700	0	21183608	71550373	0	403912	4096	8452464906	5608298	19539788	184113	15	8	1	164
1677767243	59	348478	621712	0	21183608	71703957	0	416056	4096	8922394868	5919285	20321051	192775	15	8	1	164
1677767245	61	348498	621732	0	21183608	71857541	0	428068	4096	9391872176	6229965	21124145	201672	15	8	1	164
1677767247	63	348510	621744	0	21183608	72007941	0	438760	4096	9839606582	6526251	21936417	210642	15	8	1	164
1677767249	65	348522	621756	0	21183608	72161525	0	450640	4096	10304710285	6834091	22795686	220151	15	9	1	164
1677767251	67	348554	621788	0	21183608	72322136	0	463582	4096	10780007207	7148609	23564277	228683	15	9	1	164
1677767253	69	348570	621804	0	21183608	72475727	0	476542	4096	11278846067	7478683	24378788	237714	15	9	1	164
1677767255	71	348586	621820	0	21183608	72632495	0	489502	4096	11730866276	7777829	25110517	245796	15	9	1	164
1677767257	73	348602	621836	0	21183608	72786079	0	502462	4096	12199197183	8087768	25951314	255084	15	9	1	164
1677767259	75	348614	621848	0	21183608	72939663	0	515422	4096	12674129121	8402107	26707209	263495	15	9	1	164
1677767261	77	348630	621864	0	21183608	73093252	0	528382	4096	13093586812	8679745	27378911	270863	15	9	1	164
1677767263	79	348642	621876	0	21183608	73243690	0	540622	4096	13546332059	8979347	28115944	279020	15	9	1	164
1677767265	81	348654	621888	0	21183608	73397334	0	553654	4096	13975459114	9263371	28809542	286665	15	10	1	164
1677767267	83	348666	621900	0	21183608	73551007	0	566614	4096	14399070862	9543746	29534229	294670	15	10	1	164
1677767269	85	348682	621916	0	21183608	73704667	0	579574	4096	14800289888	9809336	30238723	302344	15	10	1	164
1677767271	87	348698	621932	0	21183608	73861513	0	592534	4096	15238581836	10099425	30974474	310349	15	10	1	164
1677767273	89	348710	621944	0	21183608	74015173	0	605494	4096	15680995022	10392236	31838723	319784	15	10	1	164
1677767275	91	348722	621956	0	21183608	74168853	0	618454	4096	16138812406	10695200	32651762	328767	15	10	1	164
1677767277	93	348738	621972	0	21183608	74322533	0	631414	4096	16616792666	11011496	33561218	338868	15	10	1	164
1677767279	95	348750	621984	0	21183608	74473026	0	643078	4096	17077417731	11316293	34289168	346957	15	10	1	164
1677767281	97	348762	621996	0	21183608	74626706	0	656038	4096	17560029525	11635691	35085758	355762	15	10	1	164
1677767283	99	348774	622008	0	21183608	74780386	0	669646	4096	18051188928	11960719	35873010	364461	15	11	1	164
1677767285	101	348790	622024	0	21183608	74934066	0	682606	4096	18540900482	12284779	36674603	373365	15	11	1	164
1677767287	103	348802	622036	0	21183608	75090933	0	695566	4096	18987034856	12580036	37468302	382142	15	11	1	164
1677767289	105	348814	622048	0	21183608	75244613	0	708526	4096	19461456956	12893997	38138943	389559	15	11	1	164
1677767291	107	348834	622068	0	21183608	75398293	0	721486	4096	19929214114	13203594	38834612	397188	15	11	1	164
1677767293	109	348850	622084	0	21183608	75551973	0	734446	4096	20412573938	13523440	39571883	405343	15	11	1	164
1677767295	111	349026	622260	0	21183608	75768888	0	746110	4096	20854908033	13816134	40325086	413678	15	11	1	164
1677767297	113	349062	622296	0	21183608	75922568	0	759070	4096	21347167173	14141846	41108031	422348	16	11	1	164
1677767299	115	349086	622320	0	21183608	76076248	0	772030	4096	21830238490	14461523	41898184	431073	16	12	1	164
1677767301	117	349102	622336	0	21183608	76229928	0	784990	4096	22305251313	14775932	42668676	439530	16	12	1	164
1677767303	119	349110	622344	0	21183608	76386795	0	798094	4096	22790718662	15097161	43476904	448473	16	12	1	164
1677767305	121	349118	622352	0	21183608	76540475	0	811558	4096	23264498070	15410755	44323920	457854	16	12	1	164
1677767307	123	349126	622360	0	21183608	76694155	0	824518	4096	23753816317	15734509	45209740	467654	16	12	1	164
1677767309	125	349138	622372	0	21183608	76847835	0	837478	4096	24220284850	16043257	46137496	477889	16	12	1	164
1677767311	127	349150	622384	0	21183608	76998328	0	849142	4096	24644464024	16323971	46864588	485898	16	12	1	164
1677767313	129	349158	622392	0	21183608	77152008	0	862102	4096	25135741688	16649067	47639956	494468	16	12	1	164
1677767315	131	349166	622400	0	21183608	77305688	0	875062	4096	25613235240	16965024	48427118	503189	16	13	1	164
1677767317	133	349174	622408	0	21183608	77459368	0	888022	4096	26084445618	17276851	49167961	511363	16	13	1	164
1677767319	135	349186	622420	0	21183608	77616235	0	900982	4096	26564567286	17594587	49984294	520442	16	13	1	164
1677767321	137	349202	622436	0	21184632	77769915	0	913942	4096	27057779320	17920992	50807699	529599	16	13	1	164
1677767323	139	349206	622440	0	21184632	77923608	0	926902	4096	27515042800	18223628	51543945	537709	16	13	1	164
1677767325	141	349218	622452	0	21184632	78077317	0	940366	4096	27927600881	18496707	52167108	544560	16	13	1	164
1677767327	143	349226	622460	0	21184632	78227833	0	952174	4096	28367499482	18787783	52850894	552108	16	13	1	164
1677767329	145	349234	622468	0	21184632	78381587	0	965134	4096	28865294487	19117222	53660469	561041	16	13	1	164
1677767331	147	349242	622476	0	21184632	78535347	0	978094	4096	29348975692	19437302	54426083	569484	16	13	1	164
1677767333	149	349258	622492	0	21184632	78689117	0	991054	4096	29825813435	19752858	55144898	577397	16	14	1	164
1677767335	151	349262	622496	0	21184632	78846107	0	1004014	4096	30310484717	20073574	55908501	585838	16	14	1	164
1677767337	153	349274	622508	0	21184632	78999985	0	1016974	4096	30784614753	20387333	56644788	593969	16	14	1	164
1677767339	155	349278	622512	0	21184632	79153895	0	1029934	4096	31260588744	20702320	57430051	602669	16	14	1	164
1677767341	157	349290	622524	0	21184632	79307822	0	1042894	4096	31743509058	21021951	58267415	611952	16	14	1	164
1677767343	159	349294	622528	0	21184632	79458562	0	1054558	4096	32164491980	21300544	59044592	620493	16	14	1	164
1677767345	161	349306	622540	0	21184632	79612511	0	1067662	4096	32624170739	21604740	60051625	631596	16	14	1	164
1677767347	163	349310	622544	0	21184632	79766471	0	1081126	4096	33043047103	21881987	60842070	640262	16	14	1	164
1677767349	165	349326	622560	0	21184632	79920431	0	1094086	4096	33536639729	22208609	61660406	649328	16	15	1	164
1677767351	167	349334	622568	0	21184632	80077592	0	1107046	4096	34009644657	22521677	62408537	657612	16	15	1	164
1677767353	169	349342	622576	0	21184632	80231572	0	1120006	4096	34481362956	22833827	63295627	667408	16	15	1	164
1677767355	171	349350	622584	0	21184632	80385552	0	1132966	4096	34950423697	23144240	64409195	679763	16	15	1	164
1677767357	173	349362	622596	0	21184632	80539522	0	1145926	4096	35413182984	23450455	65244805	688964	17	15	1	164
1677767359	175	349374	622608	0	21184632	80690281	0	1157590	4096	35853409553	23741786	66061949	697982	17	15	1	164
1677767361	177	349390	622624	0	21184632	80844241	0	1170550	4096	36354069089	24073082	66852751	706778	17	15	1	164
1677767363	179	349398	622632	0	21184632	80998201	0	1183510	4096	36821623677	24382533	67616098	715226	17	15	1	164
1677767365	181	349418	622652	0	21184632	81152161	0	1196470	4096	37289883904	24692419	68345165	723273	17	15	1	164
1677767367	183	349426	622660	0	21184632	81309322	0	1209502	4096	37779436953	25016361	69158790	732288	17	16	1	164
1677767369	185	349438	622672	0	21184632	81463282	0	1223038	4096	38235483111	25318190	69868611	740124	17	16	1	164
1677767371	187	349442	622676	0	21184632	81617242	0	1235998	4096	38728291318	25644280	70768762	750153	17	16	1	164
1677767373	189	349454	622688	0	21184632	81771192	0	1248958	4096	39186474447	25947553	71673903	760262	17	16	1	164
1677767375	191	349466	622700	0	21184632	81921932	0	1260622	4096	39603619404	26223596	72422375	768522	17	16	1	164
1677767377	193	349486	622720	0	21184632	82075872	0	1273582	4096	40062021308	26526970	73243850	777452	17	16	1	164
1677767379	195	349490	622724	0	21184632	82229812	0	1286542	4096	40504571128	26819860	74031801	786119	17	16	1	164
1677767381	197	349498	622732	0	21184632	82383752	0	1299502	4096	40940672830	27108504	74880070	795424	17	16	1	164
1677767383	199	349502	622736	0	21184632	82540892	0	1312462	4096	41432397950	27433920	75649915	803959	17	17	1	164
1677767385	201	349510	622744	0	21184632	82694832	0	1325422	4096	41915013277	27753286	76424156	812503	17	17	1	164
1677767387	203	349518	622752	0	21184632	82848772	0	1338526	4096	42400700421	28074674	77177083	820863	17	17	1	164
1677767389	205	349522	622756	0	21184632	83002712	0	1351990	4096	42878054331	28390614	77948312	829378	17	17	1	164
1677767391	207	349530	622764	0	21184632	83153452	0	1363654	4096	43288335177	28662131	78586121	836396	17	17	1	164
1677767393	209	349546	622780	0	21184632	83307392	0	1376614	4096	43727148975	28952571	79241750	843615	17	17	1	164
1677767395	211	349550	622784	0	21184632	83461332	0	1389574	4096	44186769370	29256725	79934574	851252	17	17	1	164
1677767397	213	349594	622828	0	21184632	83615272	0	1402534	4096	44665655748	29573633	80671134	859356	17	17	1	164
1677767399	215	349610	622844	0	21184632	83772412	0	1415494	4096	45180250155	29914109	81535838	868984	17	17	1	164
1677767401	217	349618	622852	0	21184632	83926352	0	1428454	4096	45661015784	30232302	82266440	877021	17	18	1	164
1677767403	219	349626	622860	0	21184632	84080292	0	1441414	4096	46124861725	30539280	82991966	885061	17	18	1	164
1677767405	221	349642	622876	0	21184632	84234232	0	1454374	4096	46611953223	30861629	83772924	893695	17	18	1	164
1677767407	223	349662	622896	0	21184632	84384972	0	1466038	4096	47039817230	31144773	84474626	901444	17	18	1	164
1677767409	225	349686	622920	0	21184632	84538920	0	1478998	4096	47521105859	31463256	85286925	910382	17	18	1	164
1677767411	227	349690	622924	0	21184632	84692865	0	1492390	4096	48020464401	31793729	86059511	918929	17	18	1	164
1677767413	229	349698	622932	0	21184632	84846805	0	1505566	4096	48507736132	32116214	86815324	927285	17	18	1	164
1677767415	231	349706	622940	0	21184632	85003945	0	1518526	4096	48987498922	32433696	87638551	936434	17	18	1	164
1677767417	233	349734	622968	0	21184632	85157885	0	1531486	4096	49440961556	32733772	88414956	945066	18	18	1	164
1677767419	235	349750	622984	0	21184632	85311825	0	1544446	4096	49913336306	33046393	89355187	955462	18	19	1	164
1677767421	237	349758	622992	0	21184632	85465765	0	1557406	4096	50403783623	33370946	90192094	964710	18	19	1	164
1677767423	239	349762	622996	0	21184632	85616505	0	1569070	4096	50808307309	33638736	90812031	971463	18	19	1	164
1677767425	241	349766	623000	0	21184632	85770445	0	1582030	4096	51298469721	33963084	91489840	978940	18	19	1	164
1677767427	243	349770	623004	0	21184632	85924398	0	1594990	4096	51764781970	34271684	92248317	987259	18	19	1	164
1677767429	245	349826	623060	0	21184632	86078341	0	1607950	4096	52213586681	34568715	92981539	995213	18	19	1	164
1677767431	247	349834	623068	0	21184632	86235481	0	1620910	4096	52665898810	34868055	93716909	1003182	18	19	1	164
1677767433	249	349870	623104	0	21184632	86389421	0	1634518	4096	53127094284	35173316	94395734	1010636	18	19	1	164
1677767435	251	349874	623108	0	21184632	86543361	0	1647478	4096	53609210337	35492336	95098798	1018347	18	19	1	164
1677767437	253	349890	623124	0	21184632	86697301	0	1660438	4096	54102644755	35818847	95855796	1026689	18	19	1	164
1677767439	255	349902	623136	0	21184632	86848041	0	1672102	4096	54500442051	36082145	96476670	1033499	18	20	1	164
1677767441	257	349922	623156	0	21184632	87001981	0	1685062	4096	54895495126	36343652	97065711	1039917	18	20	1	164
1677767443	259	349938	623172	0	21184632	87155921	0	1698022	4096	55351897034	36645668	97690493	1046784	18	20	1	164
1677767445	261	349938	623172	0	21184632	87309861	0	1710982	4096	55845978914	36972660	98421158	1054823	18	20	1	164
1677767447	263	349962	623196	0	21184632	87467001	0	1723942	4096	56335930459	37296877	99181382	1063214	18	20	1	164
1677767449	265	349966	623200	0	21184632	87620941	0	1736902	4096	56856049331	37641041	99982723	1072128	18	20	1	164
1677767451	267	349974	623208	0	21184632	87774881	0	1749862	4096	57357694064	37972966	100759186	1080695	18	20	1	164
1677767453	269	349982	623216	0	21184632	87928821	0	1763470	4096	57820322291	38279128	101523073	1089170	18	20	1	164
1677767455	271	349990	623224	0	21184632	88079561	0	1775134	4096	58251851576	38564738	102204539	1096653	18	21	1	164
1677767457	273	350002	623236	0	21184632	88233501	0	1788094	4096	58759944545	38900914	102949832	1104912	18	21	1	164
1677767459	275	350010	623244	0	21184632	88387441	0	1801054	4096	59230883279	39212624	103650736	1112591	18	21	1	164
1677767461	277	350062	623296	0	21184632	88541381	0	1814014	4096	59709482141	39529328	104400185	1120887	18	21	1	164
1677767463	279	350070	623304	0	21184632	88698521	0	1826974	4096	60164908885	39830727	105159242	1129289	18	21	1	164
1677767465	281	350078	623312	0	21184632	88852461	0	1839934	4096	60604489848	40121700	105905322	1137550	18	21	1	164
1677767467	283	350102	623336	0	21184632	89006401	0	1852894	4096	61064402240	40426042	106620496	1145468	18	21	1	164
1677767469	285	350110	623344	0	21184632	89160341	0	1865854	4096	61529977514	40734144	107346764	1153434	18	21	1	164
1677767471	287	350118	623352	0	21184632	89311081	0	1877518	4096	61925386915	40995877	107967276	1160258	18	21	1	164
1677767473	289	350126	623360	0	21184632	89465021	0	1890694	4096	62420151229	41323296	108705459	1168423	18	22	1	164
1677767475	291	350134	623368	0	21184632	89618961	0	1904086	4096	62881954934	41628925	109421344	1176337	18	22	1	164
1677767477	293	350142	623376	0	21184632	89772901	0	1917046	4096	63349248333	41938188	110140276	1184231	18	22	1	164
1677767479	295	350150	623384	0	21184632	89930041	0	1930006	4096	63833282863	42258468	110887818	1192521	19	22	1	164
1677767481	297	350174	623408	0	21184632	90083981	0	1942966	4096	64294198835	42563515	111591170	1200289	19	22	1	164
1677767483	299	350178	623412	0	21184632	90237921	0	1955926	4096	64790200820	42891714	112345178	1208630	19	22	1	164
1677767485	301	350198	623432	0	21184632	90391861	0	1968886	4096	65299127103	43228502	113143675	1217412	19	22	1	164
1677767487	303	350202	623436	0	21184632	90542604	0	1980550	4096	65735006013	43516940	113774954	1224365	19	22	1	164
1677767489	305	350214	623448	0	21184632	90696564	0	1993510	4096	66203243962	43826812	114670420	1234248	19	22	1	164
1677767491	307	350218	623452	0	21184632	90850524	0	2006470	4096	66655870338	44126345	115464332	1242969	19	23	1	164
1677767493	309	350274	623508	0	21184632	91004484	0	2019430	4096	67100114306	44420363	116211466	1251170	19	23	1	164
1677767495	311	350286	623520	0	21184632	91161645	0	2032606	4096	67579230779	44737433	116997506	1259918	19	23	1	164
1677767497	313	350306	623540	0	21184632	91315605	0	2045998	4096	68091026239	45076098	117751996	1268233	19	23	1	164
1677767499	315	350310	623544	0	21184632	91469565	0	2058958	4096	68559231397	45385952	118447195	1275919	19	23	1	164
1677767501	317	350322	623556	0	21184632	91623525	0	2071918	4096	69009415792	45683921	119150589	1283665	19	23	1	164
1677767503	319	350330	623564	0	21184632	91774284	0	2083582	4096	69450921494	45976034	119824221	1291089	19	23	1	164
1677767505	321	350342	623576	0	21184632	91928244	0	2096542	4096	69925029097	46289813	120620163	1299792	19	23	1	164
1677767507	323	350350	623584	0	21184632	92082204	0	2109502	4096	70394715034	46600665	121336468	1307665	19	23	1	164
1677767509	325	350358	623592	0	21184632	92236145	0	2122462	4096	70880251446	46922022	122148388	1316602	19	24	1	164
1677767511	327	350366	623600	0	21184632	92393285	0	2135422	4096	71344032157	47228980	122878416	1324593	19	24	1	164
1677767513	329	350378	623612	0	21184632	92547225	0	2148454	4096	71859866152	47570284	123639205	1333025	19	24	1	164
1677767515	331	350386	623620	0	21184632	92701165	0	2161990	4096	72328778271	47880642	124317243	1340477	19	24	1	164
1677767517	333	350398	623632	0	21184632	92855105	0	2174950	4096	72780476387	48179581	124990972	1347923	19	24	1	164
1677767519	335	350406	623640	0	21184632	93005845	0	2186614	4096	73218341160	48469381	125707384	1355804	19	24	1	164
1677767521	337	350426	623660	0	21185656	93159785	0	2199574	4096	73699885898	48788047	126470293	1364222	19	24	1	164
1677767523	339	350462	623696	0	21185656	93313761	0	2212534	4096	74134790957	49076153	127258121	1372358	19	24	1	164
1677767525	341	350490	623724	0	21185656	93467761	0	2225494	4096	74557085444	49356133	128049561	1380280	19	25	1	164
1677767527	343	350498	623732	0	21185656	93624964	0	2238454	4096	74961044472	49623692	128763044	1387782	19	25	1	164
1677767529	345	350514	623748	0	21185656	93778964	0	2251414	4096	75371980609	49896011	129690031	1397313	19	25	1	164
1677767531	347	350530	623764	0	21185656	93932991	0	2264391	4096	75778876670	50165893	130548640	1405808	19	25	1	164
1677767533	349	350554	623788	0	21185656	94087051	0	2277371	4096	76153810349	50415077	131406106	1413495	19	25	1	164
1677767535	351	350553	623792	0	21185656	94237902	0	2289702	4096	76507023112	50649593	132269939	1421565	19	25	1	164
1677767537	353	350557	623796	0	21185656	94392055	0	2302682	4096	76782581798	50833684	133178274	1428873	19	25	1	164
1677767539	355	350559	623800	0	21185656	94546196	0	2315662	4096	77073129338	51027421	134118856	1436684	19	25	1	164
1677767541	357	350567	623808	0	21185656	94700316	0	2328642	4096	77415569096	51255436	135079972	1444882	19	25	1	164
1677767543	359	350575	623816	0	21185656	94857570	0	2341622	4096	77772531969	51491889	135664209	1451046	19	25	1	164
1677767545	361	350583	623824	0	21185656	95011510	0	2354602	4096	78358558991	51879659	136547476	1460747	20	26	1	164
1677767547	363	350591	623832	0	21185656	95165450	0	2367582	4096	78906111665	52242079	137569613	1471941	20	26	1	164
1677767549	365	350603	623844	0	21185656	95319390	0	2380562	4096	79464843792	52611854	138532696	1482506	20	26	1	164
1677767551	367	350611	623852	0	21185656	95470130	0	2392244	4096	79962414826	52941090	139345293	1491421	20	26	1	164
1677767553	369	350627	623868	0	21185656	95624070	0	2405224	4096	80524119284	53312781	140154867	1500268	20	26	1	164
1677767555	371	350635	623876	0	21185656	95778019	0	2418853	4096	81082384353	53682305	140973781	1509121	20	26	1	164
1677767557	373	350690	623932	0	21185656	95932016	0	2431833	4096	81583366568	54014045	141792074	1517646	20	26	1	164
1677767559	375	350698	623940	0	21185656	96089219	0	2444813	4096	82103090212	54358557	142675240	1526549	20	26	1	164
1677767561	377	350706	623948	0	21185656	96243219	0	2457793	4096	82652984779	54722867	143708157	1537014	20	26	1	164
1677767563	379	350722	623964	0	21185656	96397210	0	2470773	4096	83088097860	55010946	144392918	1544290	20	27	1	164
1677767565	381	350730	623972	0	21185656	96551201	0	2483753	4096	83555657831	55320849	145203100	1552420	20	27	1	164
1677767567	383	350748	623992	0	21185656	96701998	0	2495435	4096	84011278512	55622892	146011384	1560283	20	27	1	164
1677767569	385	350752	623996	0	21185656	96855998	0	2508415	4096	84541630806	55974280	146961715	1569958	20	27	1	164
1677767571	387	350764	624008	0	21185656	97009965	0	2521395	4096	85058828587	56316590	147725362	1578254	20	27	1	164
1677767573	389	350772	624016	0	21185656	97163905	0	2534375	4096	85585949859	56665473	148475530	1586416	20	27	1	164
1677767575	391	350780	624024	0	21185656	97321045	0	2547572	4096	86119880079	57018786	149256770	1594937	20	27	1	164
1677767577	393	350788	624032	0	21185656	97474971	0	2560984	4096	86625406308	57353452	149953727	1602467	20	27	1	164
1677767579	395	350796	624040	0	21185656	97628891	0	2573964	4096	87146354614	57698224	150825722	1611964	20	27	1	164
1677767581	397	350800	624044	0	21185656	97782811	0	2586944	4096	87728337711	58083305	151766663	1622251	20	28	1	164
1677767583	399	350808	624052	0	21185656	97933532	0	2598626	4096	88222116027	58410095	152542949	1630690	20	28	1	164
1677767585	401	350816	624060	0	21185656	98087452	0	2611606	4096	88736960325	58750848	153289913	1638771	20	28	1	164
1677767587	403	350824	624068	0	21185656	98241399	0	2624586	4096	89331679097	59144435	154204371	1648819	20	28	1	164
1677767589	405	350884	624128	0	21185656	98395359	0	2637566	4096	89857047698	59492195	154990344	1657375	20	28	1	164
1677767591	407	350900	624144	0	21185656	98552526	0	2650546	4096	90441482330	59878939	155951581	1667900	20	28	1	164
1677767593	409	350908	624152	0	21185656	98706513	0	2663526	4096	90992287252	60243431	156771934	1676841	20	28	1	164
1677767595	411	350920	624164	0	21185656	98860535	0	2676506	4096	91541711398	60607035	157584300	1685679	20	28	1	164
1677767597	413	350932	624176	0	21185656	99014582	0	2690135	4096	92115936569	60987115	158437024	1694944	20	28	1	164
1677767599	415	350936	624180	0	21185656	99165436	0	2701817	4096	92620750301	61321172	159161770	1702809	20	28	1	164
1677767601	417	350952	624196	0	21185656	99319504	0	2714797	4096	93181054025	61691961	159997807	1711936	20	29	1	164
1677767603	419	350976	624220	0	21185656	99473584	0	2727777	4096	93771225318	62082490	160842402	1721118	20	29	1	164
1677767605	421	350984	624228	0	21185656	99627676	0	2740757	4096	94312047602	62440398	161665541	1730081	20	29	1	164
1677767607	423	350992	624236	0	21185656	99784984	0	2753737	4096	94801674979	62764542	162348854	1737490	20	29	1	164
1677767609	425	351008	624252	0	21185656	99939084	0	2766717	4096	95231771385	63049285	163068295	1745212	21	29	1	164
1677767611	427	351012	624256	0	21185656	100093184	0	2779697	4096	95736502940	63383332	163985188	1755104	21	29	1	164
1677767613	429	351024	624268	0	21185656	100247305	0	2792677	4096	96320709380	63769921	165142071	1767723	21	29	1	164
1677767615	431	351028	624272	0	21185656	100398235	0	2804359	4096	96849198594	64119662	166046627	1777550	21	29	1	164
1677767617	433	351040	624284	0	21185656	100552371	0	2817339	4096	97436320127	64508157	166911866	1786974	21	29	1	164
1677767619	435	351044	624288	0	21185656	100706491	0	2830608	4096	97943020436	64843585	167671984	1795199	21	30	1	164
1677767621	437	351096	624340	0	21185656	100860611	0	2843948	4096	98501381664	65213075	168597474	1805254	21	30	1	164
1677767623	439	351184	624428	0	21185656	101017940	0	2856928	4096	99073261707	65591544	169409514	1814005	21	30	1	164
1677767625	441	351204	624448	0	21185656	101172060	0	2869908	4096	99651447708	65974137	170264030	1823349	21	30	1	164
1677767627	443	351212	624456	0	21185656	101326180	0	2882888	4096	100234992396	66360322	171112548	1832588	21	30	1	164
1677767629	445	351232	624476	0	21185656	101480288	0	2895868	4096	100818648260	66746600	171917490	1841357	21	30	1	164
1677767631	447	351236	624480	0	21185656	101631161	0	2907550	4096	101345958374	67095555	172735473	1850267	21	30	1	164
1677767633	449	351376	624620	0	21185656	101785241	0	2920530	4096	101938437185	67487583	173596899	1859688	21	30	1	164
1677767635	451	351380	624624	0	21185656	101939321	0	2933510	4096	102481002635	67846680	174408593	1868408	21	30	1	164
1677767637	453	351392	624636	0	21185656	102093401	0	2946490	4096	103042957210	68218540	175186816	1876886	21	30	1	164
1677767639	455	351400	624644	0	21185656	102250688	0	2959470	4096	103598294454	68586121	175936420	1884977	21	31	1	164
1677767641	457	351424	624656	0	21185656	102404781	0	2973099	4096	104175584456	68968169	176792060	1894315	21	31	1	164
1677767643	459	351440	624672	0	21185656	102558881	0	2986079	4096	104786307192	69372260	177687908	1904089	21	31	1	164
1677767645	461	351440	624672	0	21185656	102712981	0	2999059	4096	105400817202	69778863	178521632	1913179	21	31	1	164
1677767647	463	351444	624676	0	21185656	102863873	0	3010741	4096	105940259157	70135834	179318934	1921843	21	31	1	164
1677767649	465	351460	624692	0	21185656	103017973	0	3023721	4096	106470035367	70486482	180278005	1932165	21	31	1	164
1677767651	467	351476	624708	0	21185656	103172064	0	3036701	4096	107054186120	70873050	181232807	1942546	21	31	1	164
1677767653	469	351536	624768	0	21185656	103326144	0	3049681	4096	107606818098	71238800	182007906	1950904	21	31	1	164
1677767655	471	351708	624940	0	21185656	103483430	0	3062661	4096	108205555853	71634996	183027618	1961935	21	31	1	164
1677767657	473	351720	624952	0	21185656	103637490	0	3075641	4096	108796581868	72026069	183908870	1971586	21	32	1	164
1677767659	475	351732	624964	0	21185656	103791551	0	3088621	4096	109401141610	72426167	184812282	1981405	21	32	1	164
1677767661	477	351748	624980	0	21185656	103945655	0	3101601	4096	110004187562	72825221	185677674	1990795	21	32	1	164
1677767663	479	351756	624988	0	21185656	104096566	0	3113283	4096	110552010355	73187706	186405144	1998658	21	32	1	164
1677767665	481	351768	625000	0	21185656	104250686	0	3126912	4096	111123121183	73565671	187202191	2007294	21	32	1	164
1677767667	483	351772	625004	0	21185656	104404806	0	3139892	4096	111734642946	73970317	188108113	2017066	21	32	1	164
1677767669	485	351788	625020	0	21185656	104558917	0	3152872	4096	112321901145	74358953	188959287	2026391	21	32	1	164
1677767671	487	351792	625024	0	21185656	104714637	0	3165852	4096	112877735661	74726797	189722101	2034674	22	32	1	164
1677767673	489	351804	625036	0	21185656	104870362	0	3178832	4096	113440486812	75099217	190453903	2042562	22	32	1	164
1677767675	491	351824	625056	0	21185656	105024482	0	3191812	4096	114041285077	75496752	191246441	2051198	22	33	1	164
1677767677	493	351848	625080	0	21185656	105178615	0	3204792	4096	114667021103	75910793	192107940	2060573	22	33	1	164
1677767679	495	351856	625088	0	21185656	105332755	0	3217772	4096	115265094607	76306638	193033365	2070695	22	33	1	164
1677767681	497	351868	625100	0	21185656	105483685	0	3229454	4096	115806359402	76664789	193751614	2078500	22	33	1	164
1677767683	499	351876	625108	0	21185656	105637808	0	3242434	4096	116397642191	77056066	194572952	2087392	22	33	1	164
1677767685	501	352024	625256	0	21185656	105791928	0	3255414	4096	116986669136	77445828	195393887	2096284	22	33	1	164
1677767687	503	352028	625260	0	21185656	105946048	0	3268394	4096	117588204650	77843846	196189259	2104943	22	33	1	164
1677767689	505	352040	625272	0	21185656	106103383	0	3281374	4096	118188668544	78241284	197022079	2113931	22	33	1	164
1677767691	507	352056	625288	0	21185656	106257523	0	3294787	4096	118792297353	78640717	197945132	2124025	22	33	1	164
1677767693	509	352064	625296	0	21185656	106411663	0	3307983	4096	119405226928	79046272	198859802	2134052	22	33	1	164
1677767695	511	352068	625300	0	21185656	106565794	0	3320963	4096	119961943119	79414686	199647746	2142542	22	34	1	164
1677767697	513	352076	625308	0	21185656	106716697	0	3332645	4096	120498284273	79769606	200444274	2151198	22	34	1	164
1677767699	515	352084	625316	0	21185656	106870817	0	3345625	4096	121100450241	80168080	201271044	2160178	22	34	1	164
1677767701	517	352096	625328	0	21185656	107024937	0	3358605	4096	121699368207	80564480	202012449	2168216	22	34	1	164
1677767703	519	352100	625332	0	21185656	107179057	0	3371585	4096	122282684333	80950413	202791486	2176691	22	34	1	164
1677767705	521	352116	625348	0	21185656	107333177	0	3384565	4096	122871185969	81339831	203680990	2186282	22	34	1	164
1677767707	523	352120	625352	0	21185656	107490514	0	3397545	4096	123446486864	81720527	204680932	2197187	22	34	1	164
1677767709	525	352128	625360	0	21185656	107644654	0	3410525	4096	124004692834	82089921	205512633	2206242	22	34	1	164
1677767711	527	352136	625368	0	21185656	107798780	0	3423505	4096	124626742425	82501578	206372110	2215643	22	34	1	164
1677767713	529	352148	625380	0	21185656	107952900	0	3436485	4096	125201641211	82882021	207169060	2224226	22	35	1	164
1677767715	531	352232	625464	0	21185656	108103811	0	3448167	4096	125723632836	83227452	207913148	2232325	22	35	1	164
1677767717	533	352284	625516	0	21185656	108257916	0	3461436	4096	126335682113	83632449	208723028	2241046	22	35	1	164
1677767719	535	352304	625536	0	21185656	108412016	0	3474776	4096	126942645764	84034089	209576291	2250335	22	35	1	164
1677767721	537	352324	625556	0	21185656	108566116	0	3487756	4096	127570612338	84449677	210448735	2259888	22	35	1	164
1677767723	539	352336	625568	0	21185656	108721448	0	3500736	4096	128152590102	84834792	211262306	2268606	22	35	1	164
1677767725	541	353208	626440	0	21185656	108877569	0	3513716	4096	128645695202	85161198	211976207	2276109	22	35	1	164
1677767727	543	353228	626460	0	21186680	109031681	0	3526696	4096	129146634591	85492765	212782417	2284883	22	35	1	164
1677767729	545	353240	626472	0	21186680	109185856	0	3539686	4096	129629437953	85812765	213747154	2294247	22	35	1	164
1677767731	547	353252	626484	0	21186680	109339962	0	3552686	4096	130224390202	86206460	214550211	2303071	22	35	1	164
1677767733	549	353260	626492	0	21186680	109490854	0	3564386	4096	130792537311	86582365	215307361	2311281	23	36	1	164
1677767735	551	353268	626500	0	21186680	109644981	0	3577386	4096	131361805848	86959278	216164387	2320081	23	36	1	164
1677767737	553	353280	626512	0	21186680	109799099	0	3590386	4096	131943276743	87344004	217021533	2329261	23	36	1	164
1677767739	555	353288	626520	0	21186680	109953199	0	3603386	4096	132527082055	87730316	217899389	2338657	23	36	1	164
1677767741	557	353296	626528	0	21186680	110107299	0	3616386	4096	133103151919	88111512	218885592	2349457	23	36	1	164
1677767743	559	353307	626540	0	21186680	110264618	0	3629386	4096	133709981072	88513035	219722320	2358392	23	36	1	164
1677767745	561	353323	626556	0	21186680	110418768	0	3642604	4096	134331356817	88924161	220589314	2367477	23	36	1	164
1677767747	563	353327	626560	0	21186680	110572907	0	3656045	4096	134954072975	89336269	221510148	2377008	23	36	1	164
1677767749	565	353383	626616	0	21186680	110727047	0	3669065	4096	135648424642	89795587	222402968	2386759	23	36	1	164
1677767751	567	353387	626620	0	21186680	110877986	0	3680783	4096	136272009604	90208111	223266229	2396318	23	37	1	164
1677767753	569	353403	626636	0	21186680	111032146	0	3693803	4096	136952333860	90658145	224156437	2406109	23	37	1	164
1677767755	571	353407	626640	0	21186680	111186291	0	3706823	4096	137608324750	91092132	225127948	2416816	23	37	1	164
1677767757	573	353419	626652	0	21186680	111340450	0	3719843	4096	138220940969	91497442	225976491	2426126	23	37	1	164
1677767759	575	353427	626660	0	21186680	111494613	0	3732863	4096	138767404292	91859085	226782784	2434685	23	37	1	164
1677767761	577	353519	626752	0	21186680	111652038	0	3745883	4096	139245603950	92175942	227692912	2442730	23	37	1	164
1677767763	579	353531	626764	0	21186680	111806203	0	3758903	4096	139847124504	92573937	228590292	2452239	23	37	1	164
1677767765	581	353531	626764	0	21186680	111960344	0	3771928	4096	140478048974	92991320	229409522	2461223	23	37	1	164
1677767767	583	353551	626784	0	21186680	112114518	0	3784988	4096	141083004730	93391713	230305034	2470171	23	37	1	164
1677767769	585	353559	626792	0	21186680	112265429	0	3796742	4096	141645962431	93764138	231023864	2478013	23	38	1	164
1677767771	587	353567	626800	0	21186680	112419547	0	3809802	4096	142260019919	94170431	231827274	2486883	23	38	1	164
1677767773	589	353575	626808	0	21186680	112573667	0	3822862	4096	142800880074	94528295	232653039	2495655	23	38	1	164
1677767775	591	353587	626820	0	21186680	112727811	0	3836214	4096	143378695512	94910631	233532639	2505127	23	38	1	164
1677767777	593	353599	626832	0	21186680	112881931	0	3849635	4096	144050965705	95355362	234559010	2516431	23	38	1	164
1677767779	595	353599	626832	0	21186664	113039298	0	3862630	4096	144733367821	95806806	235651615	2528210	23	38	1	163
1677767781	597	357432	631072	0	21186772	113190233	0	3873669	4096	145378812557	96233742	236530317	2537504	23	38	1	163
1677767783	599	357448	631088	0	21186772	113344410	0	3885302	4096	145953004882	96614056	237497508	2546498	23	38	1	163
1677767785	601	357452	631092	0	21186772	113498557	0	3896942	4096	146616007082	97052595	238391667	2556353	23	39	1	163
1677767787	603	357452	631092	0	21186772	113649489	0	3907418	4096	147200950193	97439694	239231128	2565186	23	39	1	163
1677767789	605	357456	631096	0	21186772	113803654	0	3919058	4096	147716725318	97781071	239966595	2572966	23	39	1	163
1677767791	607	357456	631096	0	21186772	113957789	0	3930715	4096	148222144710	98115563	240675955	2580407	23	39	1	163
1677767793	609	357460	631100	0	21186772	114111945	0	3942375	4096	148834763008	98520878	241493756	2589258	23	39	1	163
1677767795	611	357460	631100	0	21186772	114266088	0	3954035	4096	149500549643	98961305	242403778	2599134	24	39	1	163
1677767797	613	357460	631100	0	21186772	114423468	0	3965695	4096	150170629845	99404563	243334104	2609311	24	39	1	163
1677767799	615	357460	631100	0	21186772	114577653	0	3977355	4096	150752274853	99789471	244208707	2618489	24	39	1	163
1677767801	617	357460	631100	0	21186772	114731859	0	3989015	4096	151274183693	100134802	244866835	2625658	24	39	1	163
1677767803	619	357460	631100	0	21186772	114886022	0	4000675	4096	151928785440	100567904	245774087	2635432	24	39	1	163
1677767805	621	357460	631100	0	21186772	115036971	0	4011169	4096	152542808684	100974045	246680555	2645427	24	40	1	163
1677767807	623	357464	631104	0	21186772	115191131	0	4023412	4096	153255016787	101445131	247608997	2655711	24	40	1	163
1677767809	625	357464	631104	0	21186772	115345291	0	4035072	4096	153928591356	101890718	248511995	2665682	24	40	1	163
1677767811	627	357464	631104	0	21186772	115499451	0	4046732	4096	154553350373	102303976	249304320	2674442	24	40	1	163
1677767813	629	357464	631104	0	21186772	115653611	0	4058392	4096	155125212184	102682341	250060919	2682803	24	40	1	163
1677767815	631	357464	631104	0	21186772	115811009	0	4070052	4096	155677127565	103047506	250943107	2692248	24	40	1	163
1677767817	633	357464	631104	0	21186772	115965214	0	4081712	4096	156188107882	103385592	251729714	2700529	24	40	1	163
1677767819	635	357464	631104	0	21186772	116119461	0	4093372	4096	156650765344	103692170	252513590	2707854	24	40	1	163
1677767821	637	357464	631104	0	21186772	116273699	0	4105032	4096	157174052993	104038656	253326326	2716175	24	40	1	163
1677767823	639	357468	631108	0	21186772	116424651	0	4115526	4096	157790955449	104446769	254176111	2725535	24	41	1	163
1677767825	641	357468	631108	0	21186772	116578811	0	4127186	4096	158436681885	104873931	254999317	2734568	24	41	1	163
1677767827	643	357476	631116	0	21186772	116732975	0	4138846	4096	159100177621	105312808	255882562	2744299	24	41	1	163
1677767829	645	357484	631124	0	21186772	116887153	0	4150506	4096	159751170093	105743415	256739102	2753757	24	41	1	163
1677767831	647	357496	631136	0	21186772	117041313	0	4162166	4096	160411612662	106180291	257651050	2763801	24	41	1	163
1677767833	649	357504	631144	0	21186772	117198684	0	4173826	4096	161087159964	106627195	258500782	2773157	24	41	1	163
1677767835	651	357516	631156	0	21186772	117352847	0	4185487	4096	161741995445	107060380	259377591	2782797	24	41	1	163
1677767837	653	357527	631172	0	21186772	117507046	0	4197167	4096	162322462667	107444642	260251292	2791339	24	41	1	163
1677767839	655	357543	631188	0	21186772	117661266	0	4209139	4096	162940974698	107853797	261043568	2800083	24	41	1	163
1677767841	657	357547	631192	0	21186772	117812272	0	4219943	4096	163441326154	108184860	261698569	2807257	24	41	1	163
1677767843	659	357551	631196	0	21186772	117966492	0	4231623	4096	163995462566	108551720	262435176	2814875	24	42	1	163
1677767845	661	357559	631204	0	21186772	118120673	0	4243303	4096	164633419044	108973741	263225782	2823405	24	42	1	163
1677767847	663	357571	631216	0	21186772	118274832	0	4254983	4096	165288576700	109407109	264039353	2832300	24	42	1	163
1677767849	665	357579	631224	0	21186772	118428978	0	4266663	4096	165867436218	109790169	264843613	2840833	24	42	1	163
1677767851	667	357587	631232	0	21186772	118586328	0	4278343	4096	166400597774	110142927	265568542	2848762	24	42	1	163
1677767853	669	357595	631240	0	21186772	118740468	0	4290023	4096	166874286007	110456432	266249863	2856251	24	42	1	163
1677767855	671	357614	631260	0	21186772	118894620	0	4301703	4096	167403869914	110806945	267039529	2864484	24	42	1	163
1677767857	673	357626	631272	0	21186772	119048808	0	4313383	4096	167933433698	111157332	267774303	2872213	25	42	1	163
1677767859	675	357774	631420	0	21186756	119199782	0	4323755	4096	168507576416	111537232	268643433	2881407	25	42	1	162
1677767861	677	358458	632104	0	21187780	119353940	0	4333975	4096	169174926284	111978605	269861249	2894330	25	43	1	162
1677767863	679	358458	632104	0	21187780	119508080	0	4344195	4096	169762000937	112366970	270793623	2904571	25	43	1	162
1677767865	681	358466	632112	0	21187780	119662226	0	4354415	4096	170323462781	112738407	271648241	2913513	25	43	1	162
1677767867	683	358470	632116	0	21187780	119819603	0	4365000	4096	170961333059	113160327	272536286	2923317	25	43	1	162
1677767869	685	358468	632116	0	21187780	119973830	0	4375366	4096	171502779550	113519082	273566801	2932756	25	43	1	162
1677767871	687	358468	632116	0	21187780	120128015	0	4385586	4096	172092742435	113909370	274431071	2941868	25	43	1	162
1677767873	689	358468	632116	0	21187780	120282176	0	4395806	4096	172672782583	114293049	275429992	2952751	25	43	1	162
1677767875	691	358468	632116	0	21187780	120436328	0	4406026	4096	173293751486	114703898	276590264	2965099	25	43	1	162
1677767877	693	358468	632116	0	21187780	120587273	0	4415224	4096	173847990721	115070639	277462771	2974280	25	43	1	162
1677767879	695	359548	633196	0	21187780	120741413	0	4425444	4096	174503333955	115504102	278386383	2984494	25	43	1	162
1677767881	697	359548	633196	0	21187780	120895553	0	4435664	4096	175188340799	115957186	279303605	2994594	25	44	1	162
1677767883	699	359548	633196	0	21187780	121049693	0	4445884	4096	175837355001	116386483	280222486	3004724	25	44	1	162
1677767885	701	359548	633196	0	21187780	121207043	0	4456104	4096	176506953368	116829435	281133684	3014758	25	44	1	162
1677767887	703	359548	633196	0	21187780	121361225	0	4466324	4096	177094056632	117218043	282027941	3023795	25	44	1	162
1677767889	705	360692	634340	0	21187780	121515398	0	4476544	4096	177752426586	117653515	282879986	3033174	25	44	1	162
1677767891	707	360692	634340	0	21187780	121669547	0	4486764	4096	178393990725	118077970	283843859	3043574	25	44	1	162
1677767893	709	360692	634340	0	21187780	121818075	0	4495962	4096	178948004348	118444513	284760087	3053498	25	44	1	162
1677767895	711	360692	634340	0	21187780	121974623	0	4506693	4096	179547631117	118841204	285706969	3063945	25	44	1	162
1677767897	713	360692	634340	0	21187780	122128763	0	4516913	4096	180201847441	119273921	286626126	3074038	25	44	1	162
1677767899	715	362368	636016	0	21187780	122282903	0	4527133	4096	180846852216	119700532	287661477	3085443	25	44	1	162
1677767901	717	362372	636020	0	21187780	122437112	0	4537353	4096	181369425121	120046462	288715453	3096214	25	44	1	162
1677767903	719	362348	635996	0	21187748	122594535	0	4547585	4096	181969589730	120443590	289944246	3108232	25	45	1	160
1677767905	721	362272	635920	0	21171324	122748751	0	4552415	4096	182522275210	120809141	291292718	3121903	25	45	1	158
1677767907	723	362272	635920	0	21171324	122902891	0	4556795	4096	183055292140	121161608	292237882	3132245	25	45	1	158
1677767909	725	362272	635920	0	21171324	123057031	0	4561175	4096	183548278495	121487637	293044225	3141026	25	45	1	158
1677767911	727	362272	635920	0	21171324	123207961	0	4565117	4096	184033023521	121808185	293834766	3149647	25	45	1	158
1677767913	729	362276	635924	0	21171324	123362101	0	4569497	4096	184602558205	122184822	294777686	3159850	25	45	1	158
1677767915	731	362284	635932	0	21171324	123516241	0	4573877	4096	185091963889	122508498	295367137	3166295	25	45	1	158
1677767917	733	362284	635932	0	21171324	123670381	0	4578257	4096	185592340305	122839399	295985079	3172997	25	45	1	158
1677767919	735	362284	635932	0	21171324	123824521	0	4582637	4096	186005852604	123112916	296498058	3178548	25	45	1	158
1677767921	737	360228	633876	0	21163112	123981903	0	4585709	4096	186338852092	123333239	297023515	3183758	25	45	1	157
1677767923	739	360188	633836	0	21154900	124136075	0	4588197	4096	186615693832	123516410	297626567	3189860	25	45	1	156
1677767925	741	360188	633836	0	21154900	124290201	0	4589657	4096	186765929491	123615933	297867047	3192173	25	46	1	156
1677767927	743	360188	633836	0	21154900	124444321	0	4591190	4096	186915144401	123714696	298071854	3194196	25	46	1	156
1677767929	745	360188	633836	0	21154900	124592825	0	4592504	4096	187051632516	123805077	298275012	3196198	25	46	1	156
1677767931	747	360188	633836	0	21154900	124749352	0	4593964	4096	187209533464	123909571	298498731	3198456	25	46	1	156
1677767933	749	360188	633836	0	21154900	124903472	0	4595424	4096	187349118436	124001979	298705616	3200532	25	46	1	156
1677767935	751	360188	633836	0	21154900	125057592	0	4596884	4096	187510098032	124108604	298934893	3202875	26	46	1	156
1677767937	753	360192	633840	0	21154900	125211712	0	4598344	4096	187673142950	124216502	299147795	3204991	26	46	1	156
1677767939	755	360200	633848	0	21154900	125369041	0	4599804	4096	187823515353	124316017	299345700	3206953	26	46	1	156
1677767941	757	360208	633856	0	21154900	125523161	0	4601264	4096	187978433889	124418589	299552943	3209017	26	46	1	156
1677767943	759	360216	633864	0	21154900	125677281	0	4602724	4096	188144013545	124528180	299767101	3211154	26	46	1	156
1677767945	761	360224	633872	0	21154900	125831401	0	4604184	4096	188209437368	124571664	299882023	3212203	26	46	1	156
1677767947	763	360232	633880	0	21154900	125985521	0	4605644	4096	188285814878	124622286	300003751	3213298	26	46	1	156
1677767949	765	360244	633892	0	21154900	126136432	0	4606958	4096	188350898898	124665433	300100946	3214127	26	46	1	156
1677767951	767	360260	633908	0	21154900	126290552	0	4608418	4096	188429054079	124717267	300228566	3215266	26	46	1	156
1677767953	769	360264	633912	0	21154900	126444672	0	4609878	4096	188506148826	124768375	300353353	3216396	26	47	1	156
1677767955	771	360264	633912	0	21154900	126598792	0	4611338	4096	188591999491	124825323	300497245	3217773	26	47	1	156
1677767957	773	360264	633912	0	21154900	126756121	0	4612798	4096	188674773868	124880210	300634113	3219055	26	47	1	156
1677767959	775	360264	633912	0	21154900	126910241	0	4614258	4096	188758533031	124935715	300771709	3220332	26	47	1	156
1677767961	777	462285	737540	0	21256488	127098502	0	4691180	81920	188802707787	124965104	300958669	3221336	26	48	1	146
1677767963	779	462477	737732	0	21256680	127099268	0	5012042	405504	188802709604	124965135	300961412	3221374	26	50	1	146
