Time	wtime	pss	rss	swap	vmem	rchar	read_bytes	wchar	write_bytes	rx_bytes	rx_packets	tx_bytes	tx_packets	stime	utime	nprocs	nthreads
1677760155	1	364478	367436	0	515328	31417267	0	35124	0	150	2	474	4	0	0	1	1
1677760157	3	346222	578704	0	19830736	68417415	0	96173	4096	9506	123	10830	127	14	4	1	146
1677760159	5	401229	670904	0	21216580	75153962	0	98755	4096	7821162	2136	7839058	2160	14	5	1	164
1677760161	7	399554	670964	0	21216580	75304368	0	109447	4096	57541689	40141	10808769	15229	14	6	1	164
1677760163	9	399574	670984	0	21216580	75458037	0	121459	4096	115221753	83991	12810502	29112	14	6	1	164
1677760165	11	396666	670988	0	21216580	75611743	0	133339	4096	145119320	106477	13792790	35821	14	6	1	164
1677760167	13	396476	670996	0	21216580	75765432	0	145219	4096	145469637	107274	13881467	36499	14	6	1	164
1677760169	15	396484	671004	0	21216580	75921984	0	157099	4096	145544464	107909	13976110	37156	14	6	1	164
1677760171	17	396479	671012	0	21216580	76075364	0	168979	4096	145620776	108574	14072400	37846	14	6	1	164
1677760173	19	396487	671032	0	21216580	76228790	0	181321	4096	590039666	403168	15537469	53569	14	6	1	164
1677760175	21	396495	671040	0	21216580	76382310	0	193201	4096	1180179856	794160	17524790	74974	14	6	1	164
1677760177	23	396503	671048	0	21216580	76532651	0	203893	4096	1733880063	1161052	19252652	93481	14	7	1	164
1677760179	25	396515	671060	0	21216580	76686171	0	215905	4096	2250041183	1503127	21054872	112657	14	7	1	164
1677760181	27	396519	671064	0	21216580	76839715	0	227785	4096	2797750905	1866100	22726848	130531	14	7	1	164
1677760183	29	396535	671080	0	21216580	76993364	0	239665	4096	3345111073	2228782	24344861	147725	14	7	1	164
1677760185	31	396547	671092	0	21216580	77150210	0	251545	4096	3825567038	2547224	25775804	162857	14	7	1	164
1677760187	33	396563	671108	0	21216580	77303863	0	263425	4096	4311974875	2869602	27053716	176309	14	7	1	164
1677760189	35	396575	671120	0	21216580	77457503	0	275305	4096	4759043947	3165965	28621950	192905	14	7	1	164
1677760191	37	396591	671136	0	21216580	77611153	0	287647	4096	5274647637	3507674	30360537	211579	14	7	1	164
1677760193	39	396603	671148	0	21216580	77761627	0	298339	4096	5672165344	3771241	31764634	226397	14	8	1	164
1677760195	41	396619	671164	0	21216580	77915287	0	310219	4096	6167854948	4099729	33371455	243499	14	8	1	164
1677760197	43	396631	671176	0	21216580	78068947	0	322231	4096	6672901892	4434500	34762912	258085	14	8	1	164
1677760199	45	396647	671192	0	21216580	78225757	0	334111	4096	7217367702	4795304	36377268	275293	14	8	1	164
1677760201	47	396655	671200	0	21216580	78379377	0	345991	4096	7722219356	5129865	38151592	294330	14	8	1	164
1677760203	49	396671	671216	0	21216580	78532997	0	357871	4096	8153193819	5415568	39980940	313796	14	8	1	164
1677760205	51	396687	671232	0	21216580	78686619	0	369751	4096	8664153861	5754244	41279737	327298	14	8	1	164
1677760207	53	397951	672496	0	21218628	79321856	0	380443	4096	9051631243	6011046	42616534	341614	14	8	1	164
1677760209	55	397983	672528	0	21218628	79475746	0	392604	4096	9399864816	6243176	44225550	354332	14	8	1	164
1677760211	57	397999	672544	0	21218628	79629814	0	404702	4096	9596099012	6375645	45733437	365499	15	9	1	164
1677760213	59	398003	672548	0	21218628	79784014	0	416734	4096	9646898462	6412805	47229122	374865	15	9	1	164
1677760215	61	398023	672568	0	21218628	79941427	0	428634	4096	9685319641	6440943	48338229	381799	15	9	1	164
1677760217	63	398035	672580	0	21218628	80095627	0	440534	4096	9723152552	6468632	49442849	388699	15	9	1	164
1677760219	65	398047	672592	0	21218628	80249827	0	452548	4096	9760166786	6495719	50520601	395435	15	9	1	164
1677760221	67	398055	672600	0	21218628	80404026	0	465528	4096	9794652790	6520843	51502766	401460	15	9	1	164
1677760223	69	398067	672612	0	21218628	80555006	0	477210	4096	9827699228	6544925	52441679	407190	15	9	1	164
1677760225	71	398079	672624	0	21218628	80709203	0	490190	4096	9861825426	6569836	53425096	413239	15	9	1	164
1677760227	73	398095	672640	0	21218628	80863403	0	503459	4096	9901519896	6598668	54548234	420079	15	9	1	164
1677760229	75	398107	672652	0	21218628	81017618	0	516655	4096	9939170156	6626054	55598268	426484	15	10	1	164
1677760231	77	398115	672660	0	21218628	81175046	0	529635	4096	9972887698	6650616	56554277	432307	15	10	1	164
1677760233	79	398127	672672	0	21218628	81329262	0	542759	4096	10005209065	6674159	57472030	437926	15	10	1	164
1677760235	81	398143	672688	0	21218628	81483478	0	555739	4096	10042695975	6701389	58533930	444409	15	10	1	164
1677760237	83	398155	672700	0	21218628	81637682	0	568719	4096	10074687384	6724700	59446540	449990	15	10	1	164
1677760239	85	398167	672712	0	21218628	81788695	0	580401	4096	10150035804	6776529	60409841	456518	15	10	1	164
1677760241	87	398359	672904	0	21218628	81942931	0	593381	4096	10263476020	6853782	61574906	464674	15	10	1	164
1677760243	89	398363	672912	0	21218628	82097167	0	606361	4096	10365923752	6923901	62784146	472994	15	10	1	164
1677760245	91	398379	672936	0	21218628	82251397	0	619774	4096	10467817835	6993226	63782192	480059	15	10	1	164
1677760247	93	398382	672940	0	21218628	82408784	0	632826	4096	10590555175	7075878	64705035	487411	15	11	1	164
1677760249	95	398392	672956	0	21218628	82562872	0	645950	4096	10804259465	7218451	65764250	497200	15	11	1	164
1677760251	97	398444	673008	0	21218628	82716879	0	658930	4096	11058866036	7387878	66871380	507737	15	11	1	164
1677760253	99	398452	673016	0	21218628	82870803	0	671910	4096	11400654259	7614912	68013994	518715	15	11	1	164
1677760255	101	398464	673028	0	21218628	83021541	0	683592	4096	11671491916	7794989	69013135	528196	15	11	1	164
1677760257	103	398488	673052	0	21218628	83175477	0	696572	4096	12013943881	8022434	70239316	540216	15	11	1	164
1677760259	105	398492	673056	0	21218628	83329413	0	709552	4096	12350731487	8246250	71401712	551298	15	11	1	164
1677760261	107	398540	673104	0	21218628	83483349	0	722821	4096	12691611815	8472673	72476014	561501	15	11	1	164
1677760263	109	398560	673124	0	21218628	83640483	0	735801	4096	13059293484	8716793	73615460	572457	15	12	1	164
1677760265	111	398572	673136	0	21218628	83794419	0	748781	4096	13410987137	8950382	74717350	582863	15	12	1	164
1677760267	113	398592	673156	0	21218628	83948352	0	761977	4096	13734791924	9165622	75765313	592591	15	12	1	164
1677760269	115	398608	673172	0	21218628	84102294	0	774957	4096	14080925785	9396099	77052845	603805	15	12	1	164
1677760271	117	398764	673328	0	21218628	84253083	0	786783	4096	14334027394	9565064	78082647	612275	15	12	1	164
1677760273	119	398768	673332	0	21218628	84407076	0	799763	4096	14625657892	9759813	79532377	624305	16	12	1	164
1677760275	121	398776	673340	0	21218628	84561072	0	812743	4096	14923316507	9958274	80747207	634525	16	12	1	164
1677760277	123	398784	673348	0	21218628	84715068	0	825723	4096	15214498080	10152574	82160152	646504	16	12	1	164
1677760279	125	398790	673356	0	21218628	84872262	0	838703	4096	15509588315	10349154	83248115	655834	16	13	1	164
1677760281	127	398798	673364	0	21218628	85026192	0	851900	4096	15825081125	10559266	84799434	670305	16	13	1	164
1677760283	129	398802	673368	0	21218628	85180108	0	864952	4096	16180370898	10795634	86065500	681621	16	13	1	164
1677760285	131	398814	673380	0	21218628	85334024	0	877932	4096	16491633079	11002836	87353947	693321	16	13	1	164
1677760287	133	398826	673392	0	21218628	85484737	0	889614	4096	16785302556	11198275	88599239	704741	16	13	1	164
1677760289	135	398834	673400	0	21218628	85638633	0	902810	4096	17127125831	11425673	89992835	717777	16	13	1	164
1677760291	137	398938	673504	0	21218628	85792529	0	915934	4096	17435863433	11631385	91351516	729798	16	13	1	164
1677760293	139	398954	673520	0	21218628	85946411	0	928914	4096	17786231274	11864506	92756068	742428	16	13	1	164
1677760295	141	398962	673528	0	21218628	86103482	0	941894	4096	18125212921	12089993	94034247	753994	16	14	1	164
1677760297	143	398966	673536	0	21218628	86257363	0	954874	4096	18441567872	12300051	94975955	763095	16	14	1	164
1677760299	145	398974	673544	0	21218628	86411217	0	967854	4096	18744513032	12501195	96549872	779407	16	14	1	164
1677760301	147	398982	673552	0	21218628	86565053	0	980834	4096	19072430025	12719055	97602558	789409	16	14	1	164
1677760303	149	399374	673944	0	21218628	86859428	0	992516	4096	19411624202	12944226	98782125	800979	16	14	1	164
1677760305	151	399380	673952	0	21218628	87013264	0	1005785	4096	19804741145	13205019	99791295	810813	16	14	1	164
1677760307	153	399392	673964	0	21218628	87167082	0	1018765	4096	20189239339	13459899	100855569	821794	16	14	1	164
1677760309	155	399396	673968	0	21218628	87320878	0	1031745	4096	20619530835	13745117	101911558	832673	16	14	1	164
1677760311	157	399408	673980	0	21218628	87474674	0	1045085	4096	21000963332	13998038	103250572	846805	16	15	1	164
1677760313	159	399416	673988	0	21218628	87631661	0	1058065	4096	21369241482	14242183	104782127	863060	16	15	1	164
1677760315	161	399428	674000	0	21218628	87785466	0	1071045	4096	21743601259	14490336	105919544	875036	16	15	1	164
1677760317	163	399436	674008	0	21218628	87939282	0	1084025	4096	22166547203	14770662	106899245	885056	16	15	1	164
1677760319	165	399452	674024	0	21218628	88093102	0	1097005	4096	22586645646	15049083	108159948	898288	16	15	1	164
1677760321	167	399456	674028	0	21218628	88243764	0	1108687	4096	22959511069	15296220	109228885	909381	16	15	1	164
1677760323	169	399532	674104	0	21219652	88397620	0	1121667	4096	23354962028	15558347	110256065	919878	16	15	1	164
1677760325	171	399544	674116	0	21219652	88551476	0	1134647	4096	23737384085	15811839	111343843	931045	16	15	1	164
1677760327	173	399564	674136	0	21219652	88705332	0	1147772	4096	24147527980	16083683	112424198	942129	16	15	1	164
1677760329	175	399576	674148	0	21219652	88862368	0	1160896	4096	24578508546	16369309	113621318	954716	16	16	1	164
1677760331	177	399580	674152	0	21219652	89016204	0	1173876	4096	25001085930	16649421	114716891	966089	16	16	1	164
1677760333	179	400396	674968	0	21219652	89170040	0	1187000	4096	25424008510	16929720	115919221	978705	16	16	1	164
1677760335	181	400404	674976	0	21219652	89323876	0	1200196	4096	25820255762	17192405	117012228	989838	17	16	1	164
1677760337	183	400420	674992	0	21219652	89471325	0	1211878	4096	26214558929	17453694	118075539	1000884	17	16	1	164
1677760339	185	400424	674996	0	21219652	89628333	0	1224858	4096	26621471961	17723409	119184761	1012339	17	16	1	164
1677760341	187	400432	675004	0	21219652	89782149	0	1237838	4096	27072050062	18022024	120263560	1023466	17	16	1	164
1677760343	189	400540	675112	0	21219652	89935965	0	1250818	4096	27492975163	18300991	121351811	1034729	17	16	1	164
1677760345	191	400544	675116	0	21219652	90089781	0	1263798	4096	27906660491	18575175	122301806	1044401	17	17	1	164
1677760347	193	400600	675172	0	21219652	90266739	0	1276778	4096	28317223140	18847277	123377500	1055539	17	17	1	164
1677760349	195	400616	675188	0	21219652	90420555	0	1289758	4096	28683767536	19090320	124344818	1065371	17	17	1	164
1677760351	197	400624	675196	0	21219652	90574371	0	1302883	4096	29061682326	19340807	125305103	1075349	17	17	1	164
1677760353	199	400688	675260	0	21219652	90728187	0	1316007	4096	29465381896	19608267	126255620	1085219	17	17	1	164
1677760355	201	400696	675268	0	21219652	90878811	0	1327689	4096	29850262270	19863239	127301618	1096095	17	17	1	164
1677760357	203	400708	675280	0	21219652	91032627	0	1340813	4096	30272868226	20143191	128605856	1109931	17	17	1	164
1677760359	205	400720	675292	0	21219652	91186443	0	1354009	4096	30679564504	20412656	129771844	1122200	17	17	1	164
1677760361	207	400724	675296	0	21219652	91340276	0	1366989	4096	31090775473	20685086	131055872	1135703	17	17	1	164
1677760363	209	400756	675328	0	21219652	91494120	0	1379969	4096	31503247082	20958349	132289182	1148866	17	18	1	164
1677760365	211	400760	675332	0	21219652	91651176	0	1392949	4096	31898621168	21220297	133353799	1159818	17	18	1	164
1677760367	213	400772	675344	0	21219652	91805071	0	1405929	4096	32283912818	21475582	134171567	1168259	17	18	1	164
1677760369	215	400776	675348	0	21219652	91958999	0	1418909	4096	32698483361	21750247	135027130	1177137	17	18	1	164
1677760371	217	400788	675360	0	21219652	92112935	0	1431889	4096	33086277715	22007197	136048688	1187894	17	18	1	164
1677760373	219	400808	675380	0	21219652	92263673	0	1443571	4096	33479719117	22267867	136822217	1195818	17	18	1	164
1677760375	221	401580	676152	0	21220676	92711411	0	1456551	4096	33795113674	22476917	137476258	1202477	17	18	1	164
1677760377	223	401588	676160	0	21220676	92865347	0	1469604	4096	34143247748	22707610	138172965	1209623	17	18	1	164
1677760379	225	401596	676168	0	21220676	93019283	0	1482800	4096	34595278196	23007052	139096635	1219138	17	19	1	164
1677760381	227	401604	676176	0	21220676	93173219	0	1495780	4096	34961623316	23249804	139872894	1227089	17	19	1	164
1677760383	229	401612	676184	0	21220676	93330353	0	1508760	4096	35226478047	23425438	140844671	1237385	17	19	1	164
1677760385	231	401620	676192	0	21220676	93484274	0	1522100	4096	35537499417	23631605	141750350	1246846	17	19	1	164
1677760387	233	401628	676200	0	21220676	93638190	0	1535080	4096	35924668832	23888119	142783507	1257715	17	19	1	164
1677760389	235	401644	676216	0	21220676	93792106	0	1548060	4096	36347848220	24168486	143993212	1270446	17	19	1	164
1677760391	237	401652	676224	0	21220676	93942825	0	1559742	4096	36726837297	24419554	144938654	1280338	17	19	1	164
1677760393	239	401656	676228	0	21220676	94096741	0	1572722	4096	37154253902	24702724	145866339	1289948	17	19	1	164
1677760395	241	401672	676244	0	21220676	94250667	0	1585702	4096	37534634113	24954737	147678011	1309485	18	20	1	164
1677760397	243	401684	676256	0	21220676	94404603	0	1598682	4096	37970106087	25243181	148585127	1318852	18	20	1	164
1677760399	245	401696	676268	0	21220676	94561737	0	1611662	4096	38372481172	25509749	149767003	1331239	18	20	1	164
1677760401	247	401712	676284	0	21220676	94715679	0	1624642	4096	38750198611	25760002	150998913	1344195	18	20	1	164
1677760403	249	401720	676292	0	21220676	94869635	0	1637911	4096	39209794691	26064441	152013150	1354730	18	20	1	164
1677760405	251	401748	676320	0	21220676	95023600	0	1650891	4096	39638777949	26348604	152899056	1363852	18	20	1	164
1677760407	253	401756	676328	0	21220676	95177576	0	1663871	4096	40032353462	26609340	154079183	1376366	18	20	1	164
1677760409	255	401764	676336	0	21220676	95328363	0	1675913	4096	40412327165	26861087	155069218	1386677	18	20	1	164
1677760411	257	401772	676344	0	21220676	95482390	0	1688893	4096	40843992227	27147039	156161074	1398191	18	20	1	164
1677760413	259	401784	676356	0	21220676	95636446	0	1701873	4096	41290702982	27442965	157117427	1408102	18	21	1	164
1677760415	261	401792	676364	0	21220676	95790502	0	1714853	4096	41733008713	27735938	158009145	1417266	18	21	1	164
1677760417	263	401800	676372	0	21220676	95947762	0	1727833	4096	42086911960	27970464	159055408	1428175	18	21	1	164
1677760419	265	401808	676380	0	21220676	96101855	0	1740813	4096	42494247062	28240340	159983131	1437842	18	21	1	164
1677760421	267	401820	676392	0	21220676	96255957	0	1753793	4096	42906417374	28513384	161022643	1448800	18	21	1	164
1677760423	269	401824	676396	0	21220676	96410073	0	1766773	4096	43332400533	28795609	162011451	1459035	18	21	1	164
1677760425	271	402388	676960	0	21220676	96557765	0	1778455	4096	43706548697	29043479	162818856	1467334	18	21	1	164
1677760427	273	402396	676968	0	21220676	96715057	0	1791724	4096	44087927058	29296170	163845396	1478137	18	21	1	164
1677760429	275	402404	676976	0	21220676	96869133	0	1804704	4096	44365747082	29480393	164910508	1489649	18	22	1	164
1677760431	277	402416	676988	0	21220676	97023209	0	1817972	4096	44757447254	29739909	166306227	1504444	18	22	1	164
1677760433	279	402420	676992	0	21220676	97177285	0	1830952	4096	45174340495	30016146	167221218	1513852	18	22	1	164
1677760435	281	404388	678960	0	21220676	97334566	0	1844004	4096	45601569774	30299154	168405767	1526403	18	22	1	164
1677760437	283	404400	678972	0	21220676	97488661	0	1856984	4096	46031093741	30583679	169479404	1537675	18	22	1	164
1677760439	285	404408	678980	0	21220676	97642737	0	1869964	4096	46440163957	30854692	170585068	1549325	18	22	1	164
1677760441	287	404420	678992	0	21220676	97796813	0	1882944	4096	46882962532	31148000	171490750	1558665	18	22	1	164
1677760443	289	404436	679008	0	21220676	97947684	0	1894626	4096	47243273064	31386720	172362330	1567731	18	22	1	164
1677760445	291	404452	679024	0	21220676	98101760	0	1907606	4096	47674788052	31672592	173372751	1578247	18	23	1	164
1677760447	293	404456	679028	0	21220676	98255838	0	1920586	4096	48060217954	31927958	174175531	1586424	18	23	1	164
1677760449	295	404468	679040	0	21220676	98409934	0	1933639	4096	48507356921	32224143	175075536	1595692	18	23	1	164
1677760451	297	404476	679048	0	21220676	98564030	0	1946835	4096	48946697435	32515186	175932826	1604516	18	23	1	164
1677760453	299	404492	679064	0	21220676	98721332	0	1959815	4096	49383707099	32804678	176936788	1614945	18	23	1	164
1677760455	301	404528	679100	0	21220676	98875428	0	1973155	4096	49795383664	33077451	177791781	1623755	18	23	1	164
1677760457	303	404540	679112	0	21220676	99029510	0	1986135	4096	50241751041	33373112	178827248	1634571	19	23	1	164
1677760459	305	404552	679124	0	21220676	99177179	0	1997817	4096	50613429746	33619371	179581032	1642258	19	23	1	164
1677760461	307	404564	679136	0	21220676	99334481	0	2010797	4096	51071593163	33922842	180571559	1652452	19	23	1	164
1677760463	309	404572	679144	0	21220676	99488584	0	2023777	4096	51484785289	34196553	181545609	1662556	19	24	1	164
1677760465	311	404616	679188	0	21220676	99642700	0	2036757	4096	51926436851	34489126	182530236	1672782	19	24	1	164
1677760467	313	404620	679192	0	21220676	99796816	0	2049737	4096	52334786302	34759649	183389704	1681583	19	24	1	164
1677760469	315	404624	679196	0	21220676	99954139	0	2062717	4096	52743750587	35030608	184432128	1692525	19	24	1	164
1677760471	317	404632	679204	0	21220676	100108255	0	2075914	4096	53159402487	35305981	185583633	1704694	19	24	1	164
1677760473	319	404636	679208	0	21220676	100262371	0	2088966	4096	53592343737	35592744	186581926	1715112	19	24	1	164
1677760475	321	404644	679216	0	21220676	100416487	0	2101946	4096	54014917905	35872727	187432954	1723784	19	24	1	164
1677760477	323	404656	679228	0	21220676	100567396	0	2113988	4096	54366407449	36105601	188343546	1733306	19	24	1	164
1677760479	325	404672	679244	0	21220676	100721512	0	2126968	4096	54782639463	36381361	189366507	1743990	19	25	1	164
1677760481	327	404680	679252	0	21220676	100875628	0	2139948	4096	55218920211	36670369	190497861	1755852	19	25	1	164
1677760483	329	404688	679260	0	21220676	101029744	0	2152928	4096	55643281163	36951479	191515997	1766440	19	25	1	164
1677760485	331	404692	679264	0	21220676	101183860	0	2165908	4096	56064739371	37230707	192585654	1777696	19	25	1	164
1677760487	333	404704	679276	0	21220676	101341202	0	2178888	4096	56490079775	37512470	193457372	1786660	19	25	1	164
1677760489	335	404712	679284	0	21220676	101495338	0	2191868	4096	56888072375	37776174	194324008	1795603	19	25	1	164
1677760491	337	404724	679296	0	21220676	101649474	0	2204848	4096	57302365346	38050637	195343691	1806216	19	25	1	164
1677760493	339	404736	679308	0	21220676	101803610	0	2217828	4096	57723618006	38329675	196402142	1817231	19	25	1	164
1677760495	341	404748	679320	0	21220676	101954538	0	2229655	4096	58024994079	38529439	197328688	1827060	19	25	1	164
1677760497	343	404760	679332	0	21220676	102108674	0	2242779	4096	58389662380	38771107	198200548	1836150	19	26	1	164
1677760499	345	404764	679336	0	21220676	102262828	0	2255759	4096	58821705338	39057290	199208377	1846655	19	26	1	164
1677760501	347	404784	679356	0	21220676	102416984	0	2268739	4096	59257026899	39345653	200131573	1856140	19	26	1	164
1677760503	349	404788	679360	0	21220676	102571140	0	2282079	4096	59657620811	39611048	201169160	1867086	19	26	1	164
1677760505	351	404800	679372	0	21220676	102728505	0	2295059	4096	60091656074	39898570	202201303	1877839	19	26	1	164
1677760507	353	406508	681080	0	21220676	102882661	0	2308039	4096	60480696189	40156348	203083119	1886886	19	26	1	164
1677760509	355	406524	681096	0	21220676	103036817	0	2321019	4096	60862676617	40409448	204075434	1897335	19	26	1	164
1677760511	357	406524	681096	0	21220676	103190973	0	2333999	4096	61306783694	40703610	205203084	1909222	19	26	1	164
1677760513	359	406528	681100	0	21220676	103341920	0	2345681	4096	61688061897	40956202	206060201	1917994	19	27	1	164
1677760515	361	406544	681116	0	21220676	103496076	0	2358661	4096	62111659567	41236838	207306278	1931204	19	27	1	164
1677760517	363	406624	681196	0	21220676	103650232	0	2371641	4096	62546576320	41524918	208168411	1940040	19	27	1	164
1677760519	365	406624	681196	0	21220676	103804388	0	2384621	4096	62947693204	41790676	209180176	1950566	20	27	1	164
1677760521	367	406632	681204	0	21220676	103958544	0	2397601	4096	63349898931	42057149	210044704	1959413	20	27	1	164
1677760523	369	406636	681208	0	21220676	104115909	0	2410581	4096	63737504937	42313973	210854841	1967669	20	27	1	164
1677760525	371	406640	681212	0	21220676	104270065	0	2423850	4096	64126229242	42571559	212171027	1981803	20	27	1	164
1677760527	373	406640	681212	0	21220676	104424221	0	2436830	4096	64532849212	42840947	213216666	1992777	20	27	1	164
1677760529	375	406660	681232	0	21220676	104578377	0	2450170	4096	64927865057	43102690	214665365	2008468	20	28	1	164
1677760531	377	406668	681240	0	21220676	104729324	0	2461852	4096	65307840228	43354414	215752668	2020015	20	28	1	164
1677760533	379	406672	681244	0	21220676	104883468	0	2474832	4096	65756253190	43651435	216651883	2029208	20	28	1	164
1677760535	381	406688	681260	0	21220676	105037604	0	2487812	4096	66156546753	43916682	217609423	2039207	20	28	1	164
1677760537	383	406728	681300	0	21220676	105191740	0	2500792	4096	66629726111	44230050	218510231	2048502	20	28	1	164
1677760539	385	406736	681308	0	21220676	105345876	0	2513772	4096	67056199348	44512613	219540025	2059127	20	28	1	164
1677760541	387	406744	681316	0	21220676	105503220	0	2526752	4096	67498116363	44805325	220389359	2067829	20	28	1	164
1677760543	389	406744	681316	0	21220676	105657356	0	2539732	4096	67925202111	45088239	221249220	2076650	20	28	1	164
1677760545	391	406756	681328	0	21220676	105811476	0	2552712	4096	68366733163	45380726	222234513	2086851	20	28	1	164
1677760547	393	406764	681336	0	21220676	105965595	0	2565692	4096	68791921747	45662422	223200083	2096898	20	29	1	164
1677760549	395	406768	681340	0	21220676	106116523	0	2577374	4096	69181737749	45920668	224106947	2106325	20	29	1	164
1677760551	397	406776	681348	0	21220676	106270659	0	2590499	4096	69579799417	46184371	225053221	2116164	20	29	1	164
1677760553	399	406784	681356	0	21220676	106424795	0	2603695	4096	70010236616	46469521	225933755	2125157	20	29	1	164
1677760555	401	406804	681376	0	21220676	106578931	0	2616963	4096	70425195830	46744429	226730954	2133271	20	29	1	164
1677760557	403	406808	681380	0	21220676	106733067	0	2629943	4096	70807754662	46997906	227879197	2145434	20	29	1	164
1677760559	405	406820	681392	0	21220676	106890429	0	2642923	4096	71185651023	47248319	228697645	2153750	20	29	1	164
1677760561	407	406824	681396	0	21220676	107044585	0	2655903	4096	71627675050	47541096	229552008	2162495	20	29	1	164
1677760563	409	406832	681404	0	21220676	107198741	0	2668883	4096	72015669511	47798206	230320661	2170324	20	30	1	164
1677760565	411	406844	681416	0	21220676	107352897	0	2681863	4096	72441585035	48080283	231473960	2182601	20	30	1	164
1677760567	413	406864	681436	0	21220676	107507053	0	2694843	4096	72870969614	48364767	232408134	2192295	20	30	1	164
1677760569	415	406884	681456	0	21220676	107658000	0	2706525	4096	73226066945	48600058	233263474	2201102	20	30	1	164
1677760571	417	406888	681460	0	21220676	107812156	0	2719505	4096	73652134526	48882293	234532603	2214490	20	30	1	164
1677760573	419	406900	681472	0	21220676	107966312	0	2732485	4096	74078548149	49164775	235432026	2223725	20	30	1	164
1677760575	421	406904	681476	0	21220676	108120468	0	2745465	4096	74486528265	49435073	236523050	2235014	21	30	1	164
1677760577	423	406916	681488	0	21220676	108277833	0	2758445	4096	74935809890	49732680	237421641	2244283	21	30	1	164
1677760579	425	406920	681492	0	21220676	108431989	0	2771425	4096	75357886300	50012313	238561999	2256102	21	30	1	164
1677760581	427	406924	681496	0	21220676	108586145	0	2784550	4096	75785964415	50295868	239729306	2268538	21	31	1	164
1677760583	429	406928	681500	0	21220676	108740301	0	2798034	4096	76226189505	50587500	240765465	2279332	21	31	1	164
1677760585	431	406940	681512	0	21220676	108894457	0	2811014	4096	76624140862	50851129	241808878	2290289	21	31	1	164
1677760587	433	406952	681524	0	21221700	109045404	0	2822696	4096	77019927689	51113352	242617261	2298558	21	31	1	164
1677760589	435	406972	681544	0	21221700	109199560	0	2835676	4096	77439091453	51391112	243738801	2310434	21	31	1	164
1677760591	437	406976	681548	0	21221700	109353716	0	2848656	4096	77857513688	51668232	244957005	2323336	21	31	1	164
1677760593	439	406980	681552	0	21221700	109507872	0	2861636	4096	78290513590	51955087	246033344	2334575	21	31	1	164
1677760595	441	406980	681552	0	21221700	109662028	0	2874616	4096	78689986924	52219758	247192273	2346913	21	31	1	164
1677760597	443	406996	681568	0	21221700	109819393	0	2887596	4096	79102107297	52492790	248446271	2360362	21	32	1	164
1677760599	445	407012	681584	0	21221700	109973549	0	2900576	4096	79513370651	52765274	249640579	2372862	21	32	1	164
1677760601	447	407020	681592	0	21221700	110127705	0	2913556	4096	79941710438	53049033	250693828	2383900	21	32	1	164
1677760603	449	407040	681612	0	21221700	110281859	0	2926536	4096	80355925846	53323423	251708433	2394559	21	32	1	164
1677760605	451	407048	681620	0	21221700	110432787	0	2938218	4096	80749339020	53584041	252689805	2404838	21	32	1	164
1677760607	453	407052	681624	0	21221700	110586923	0	2951559	4096	81150503554	53849844	254030836	2419257	21	32	1	164
1677760609	455	407056	681628	0	21221700	110741059	0	2964827	4096	81552450969	54116181	254879761	2427910	21	32	1	164
1677760611	457	407080	681640	0	21221700	110895195	0	2977807	4096	81990677946	54406474	255759266	2436912	21	32	1	164
1677760613	459	407084	681644	0	21221700	111049331	0	2990787	4096	82391723482	54672198	256790580	2447672	21	33	1	164
1677760615	461	407100	681660	0	21221700	111206675	0	3003767	4096	82824184591	54958637	257721841	2457405	21	33	1	164
1677760617	463	407108	681668	0	21221700	111360811	0	3016747	4096	83192808286	55202881	258484794	2465113	21	33	1	164
1677760619	465	407116	681676	0	21221700	111514947	0	3029727	4096	83589657118	55465881	259439819	2475084	21	33	1	164
1677760621	467	407124	681684	0	21221700	111669083	0	3042707	4096	83997155583	55735819	260458900	2485756	21	33	1	164
1677760623	469	407136	681696	0	21221700	111820011	0	3054389	4096	84324675406	55952848	261229889	2493643	21	33	1	164
1677760625	471	407144	681704	0	21221700	111974160	0	3067369	4096	84670583864	56182069	262198718	2503696	21	33	1	164
1677760627	473	407148	681708	0	21221700	112128316	0	3080349	4096	85054275292	56436294	263347969	2515850	21	33	1	164
1677760629	475	407152	681712	0	21221700	112282472	0	3093329	4096	85448797386	56697729	264122181	2523793	21	33	1	164
1677760631	477	407176	681736	0	21221700	112436682	0	3106309	4096	85838908325	56956305	265734816	2536478	21	34	1	164
1677760633	479	407184	681744	0	21221700	112594134	0	3119512	4096	86176634367	57180575	266755009	2545525	21	34	1	164
1677760635	481	407196	681756	0	21221700	112748365	0	3132944	4096	86553731183	57430847	267653155	2553830	21	34	1	164
1677760637	483	407212	681772	0	21221700	112902692	0	3145944	4096	86864345929	57637841	268918136	2562948	21	34	1	164
1677760639	485	407212	681772	0	21221700	113056982	0	3158944	4096	87219643474	57874194	270007856	2572361	21	34	1	164
1677760641	487	407247	681808	0	21221700	113208056	0	3170644	4096	87576915696	58111614	271066108	2581182	21	34	1	164
1677760643	489	407259	681820	0	21221700	113362372	0	3183644	4096	87971993041	58374323	272283492	2591579	22	34	1	164
1677760645	491	407267	681828	0	21221700	113516710	0	3196644	4096	88309634450	58598904	273324515	2600456	22	34	1	164
1677760647	493	407275	681836	0	21221700	113671066	0	3209644	4096	88669519961	58838365	274579275	2611158	22	34	1	164
1677760649	495	407283	681844	0	21221700	113825419	0	3222644	4096	89067354604	59102892	275784599	2621571	22	35	1	164
1677760651	497	407291	681852	0	21221700	113982973	0	3235644	4096	89507416736	59394938	276944950	2632428	22	35	1	164
1677760653	499	407299	681860	0	21221700	114137269	0	3248644	4096	89912740115	59663860	278086200	2643445	22	35	1	164
1677760655	501	407307	681868	0	21221700	114291577	0	3261644	4096	90343353166	59949657	279372563	2655355	22	35	1	164
1677760657	503	407315	681876	0	21221700	114445954	0	3274644	4096	90663159189	60162569	280964920	2665753	22	35	1	164
1677760659	505	407323	681884	0	21221700	114597031	0	3286344	4096	91062936665	60427758	281961640	2674912	22	35	1	164
1677760661	507	407331	681892	0	21221700	114751324	0	3299490	4096	91532302788	60739115	283212916	2686898	22	35	1	164
1677760663	509	407331	681892	0	21221700	114905620	0	3312994	4096	91987677472	61041225	284766641	2702405	22	35	1	164
1677760665	511	407339	681900	0	21221700	115059922	0	3325994	4096	92424382010	61330986	286020809	2714314	22	35	1	164
1677760667	513	407351	681912	0	21221700	115214267	0	3338994	4096	92816004493	61591227	287492095	2728049	22	36	1	164
1677760669	515	407363	681924	0	21221700	115371808	0	3351994	4096	93247246588	61877275	288778267	2740935	22	36	1	164
1677760671	517	407371	681932	0	21221700	115526124	0	3364994	4096	93726580341	62195240	290013350	2752630	22	36	1	164
1677760673	519	407375	681936	0	21221700	115680440	0	3377994	4096	94123563785	62458581	291216173	2764446	22	36	1	164
1677760675	521	407383	681944	0	21221700	115834756	0	3390994	4096	94554701550	62744521	292420885	2776307	22	36	1	164
1677760677	523	407407	681968	0	21221700	115985927	0	3402694	4096	94914590041	62983758	293996054	2790907	22	36	1	164
1677760679	525	407427	681988	0	21221700	116140387	0	3415703	4096	95245163779	63204471	295435965	2801684	22	36	1	164
1677760681	527	407431	681992	0	21221700	116294864	0	3428723	4096	95511637400	63382227	296466544	2810022	22	36	1	164
1677760683	529	407435	681996	0	21221700	116449297	0	3441743	4096	95872296142	63622081	297707034	2821106	22	36	1	164
1677760685	531	407447	682008	0	21221700	116603742	0	3454763	4096	96233612624	63862922	299191308	2833422	22	37	1	164
1677760687	533	407459	682020	0	21221700	116761395	0	3467783	4096	96575663579	64090039	300174703	2842175	22	37	1	164
1677760689	535	407467	682028	0	21221700	116915868	0	3480803	4096	96918546807	64317425	300914247	2849587	22	37	1	164
1677760691	537	407483	682044	0	21221700	117070325	0	3494479	4096	97281039529	64558480	302435422	2861882	22	37	1	164
1677760693	539	407491	682052	0	21221700	117224842	0	3507519	4096	97643657865	64800108	303855056	2873506	22	37	1	164
1677760695	541	407523	682084	0	21221700	117372862	0	3519265	4096	97991147070	65030944	305347397	2883740	22	37	1	164
1677760697	543	407527	682088	0	21221700	117530578	0	3532325	4096	98368607252	65281745	306425754	2893314	22	37	1	164
1677760699	545	407527	682088	0	21221700	117685014	0	3545385	4096	98742015689	65530102	307706633	2904575	22	37	1	164
1677760701	547	407543	682104	0	21221700	117839461	0	3558445	4096	99166015910	65811934	308943424	2915429	22	37	1	164
1677760703	549	407543	682104	0	21221700	117993917	0	3571505	4096	99609782337	66106916	310251174	2926719	23	38	1	164
1677760705	551	407547	682108	0	21221700	118151594	0	3584565	4096	100049104949	66398703	311471254	2937750	23	38	1	164
1677760707	553	407551	682112	0	21221700	118306050	0	3597625	4096	100499486826	66697862	312850225	2950378	23	38	1	164
1677760709	555	407559	682120	0	21221700	118460500	0	3610685	4096	100921013154	66978120	314095090	2961128	23	38	1	164
1677760711	557	407579	682140	0	21221700	118614956	0	3623745	4096	101372493513	67278074	315429807	2973134	23	38	1	164
1677760713	559	407583	682144	0	21221700	118769412	0	3636805	4096	101791398047	67556539	316981962	2987461	23	38	1	164
1677760715	561	405571	680132	0	21221684	118920679	0	3648565	4096	102141096609	67788920	318361430	3000371	23	38	1	163
1677760717	563	407750	682616	0	21222792	119075171	0	3660165	4096	102525480791	68044507	319567242	3010145	23	38	1	163
1677760719	565	407758	682624	0	21222792	119229663	0	3672359	4096	102932278940	68315391	321074032	3021579	23	38	1	163
1677760721	567	407762	682628	0	21222792	119384209	0	3683979	4096	103269043913	68540085	322434092	3032160	23	39	1	163
1677760723	569	407762	682628	0	21222792	119541955	0	3695611	4096	103624534687	68776743	324521768	3046290	23	39	1	163
1677760725	571	407762	682628	0	21222792	119696459	0	3707251	4096	103980716565	69014162	325884338	3057223	23	39	1	163
1677760727	573	407762	682628	0	21222792	119850915	0	3718891	4096	104441570850	69320333	327341185	3070406	23	39	1	163
1677760729	575	407762	682628	0	21222792	120005371	0	3730531	4096	104889318802	69617978	328756987	3082774	23	39	1	163
1677760731	577	407762	682628	0	21222792	120159827	0	3742171	4096	105308591281	69896589	329905632	3092743	23	39	1	163
1677760733	579	407766	682632	0	21222792	120311059	0	3752647	4096	105726205159	70173960	331031678	3102656	23	39	1	163
1677760735	581	407766	682632	0	21222792	120465485	0	3764287	4096	106187020417	70479665	332350849	3115367	23	39	1	163
1677760737	583	407769	682636	0	21222792	120619923	0	3775927	4096	106615469038	70764074	333515181	3125171	23	40	1	163
1677760739	585	407769	682636	0	21222792	120774319	0	3787567	4096	107075961520	71069629	335002499	3139699	23	40	1	163
1677760741	587	407769	682636	0	21222792	120928723	0	3799207	4096	107552419501	71385857	336248824	3150482	23	40	1	163
1677760743	589	407769	682636	0	21222792	121086328	0	3810847	4096	108033051672	71704578	337363104	3160938	23	40	1	163
1677760745	591	407769	682636	0	21222792	121240813	0	3822487	4096	108387322482	71940708	338693979	3171401	23	40	1	163
1677760747	593	407769	682636	0	21222792	121395268	0	3834127	4096	108731744186	72170069	339986671	3182357	23	40	1	163
1677760749	595	407773	682640	0	21222792	121549681	0	3845767	4096	109084297179	72404473	341457997	3196336	23	40	1	163
1677760751	597	407773	682640	0	21222792	121700875	0	3856316	4096	109439319185	72640595	342760982	3208092	23	40	1	163
1677760753	599	407773	682640	0	21222792	121855291	0	3868465	4096	109850775587	72914203	344246483	3221454	23	40	1	163
1677760755	601	407773	682640	0	21222792	122009707	0	3880105	4096	110216745469	73157558	345548206	3233150	23	41	1	163
1677760757	603	407777	682644	0	21222792	122164087	0	3891745	4096	110661384161	73452595	346872891	3245888	23	41	1	163
1677760759	605	407777	682644	0	21222792	122318443	0	3903385	4096	111114112147	73753117	348131181	3257545	23	41	1	163
1677760761	607	407781	682648	0	21222792	122476041	0	3915025	4096	111542547542	74037826	349633171	3268643	23	41	1	163
1677760763	609	407781	682648	0	21222792	122630437	0	3926665	4096	111950583853	74309055	350982868	3280739	23	41	1	163
1677760765	611	407781	682648	0	21222792	122784833	0	3938305	4096	112315859243	74551893	352210471	3291680	23	41	1	163
1677760767	613	407781	682648	0	21222792	122939229	0	3949945	4096	112570787554	74721581	353321385	3301956	23	41	1	163
1677760769	615	407781	682648	0	21222792	123090404	0	3960421	4096	112940740993	74967642	354671929	3314025	23	41	1	163
1677760771	617	407781	682648	0	21222792	123244800	0	3972061	4096	113305981945	75210713	356004158	3325568	24	41	1	163
1677760773	619	407781	682648	0	21222792	123399196	0	3983701	4096	113708287990	75478084	357516204	3339620	24	42	1	163
1677760775	621	407781	682648	0	21222792	123553550	0	3995341	4096	114150240224	75771419	358659482	3350175	24	42	1	163
1677760777	623	407781	682648	0	21222792	123707883	0	4006981	4096	114605426687	76073556	359863279	3361252	24	42	1	163
1677760779	625	407781	682648	0	21222792	123865437	0	4018912	4096	115007783150	76340623	361341371	3375909	24	42	1	163
1677760781	627	407781	682648	0	21222792	124019773	0	4030843	4096	115478011174	76652659	362828070	3390347	24	42	1	163
1677760783	629	407781	682648	0	21222792	124174154	0	4042501	4096	115900716429	76933593	364218464	3401268	24	42	1	163
1677760785	631	407781	682648	0	21222792	124328489	0	4054161	4096	116373595768	77247524	365538155	3413492	24	42	1	163
1677760787	633	407781	682648	0	21222792	124476431	0	4064655	4096	116757499360	77502506	367126952	3424244	24	42	1	163
1677760789	635	407781	682648	0	21222792	124633991	0	4076315	4096	117190099394	77789696	368289646	3434927	24	42	1	163
1677760791	637	407781	682648	0	21222792	124788327	0	4087975	4096	117647435052	78093223	369560209	3446826	24	42	1	163
1677760793	639	407781	682648	0	21222792	124942663	0	4099635	4096	118101773482	78394809	371154830	3462382	24	43	1	163
1677760795	641	407789	682656	0	21222792	125096999	0	4111295	4096	118532382467	78680443	372259718	3472980	24	43	1	163
1677760797	643	407789	682656	0	21222792	125254553	0	4122955	4096	118981468321	78978434	373679749	3486835	24	43	1	163
1677760799	645	407789	682656	0	21222792	125408889	0	4134615	4096	119424033730	79271963	374990149	3499755	24	43	1	163
1677760801	647	407789	682656	0	21222792	125563168	0	4146275	4096	119872735630	79569405	376149045	3511446	24	43	1	163
1677760803	649	407789	682656	0	21222792	125717444	0	4157935	4096	120404599008	79921851	377336173	3523298	24	43	1	163
1677760805	651	407788	682656	0	21222792	125871759	0	4170178	4096	120878866285	80236380	378511855	3534458	24	43	1	163
1677760807	653	407788	682656	0	21222792	126022827	0	4180672	4096	121253371423	80484744	379649860	3545754	24	43	1	163
1677760809	655	407788	682656	0	21222792	126177133	0	4192332	4096	121728194664	80799614	380843084	3556861	24	43	1	163
1677760811	657	407788	682656	0	21222792	126331481	0	4203992	4096	122148257990	81078567	382146245	3567504	24	43	1	163
1677760813	659	407788	682656	0	21222792	126485827	0	4215652	4096	122566308013	81356444	383471479	3579314	24	44	1	163
1677760815	661	407788	682656	0	21222792	126643360	0	4227312	4096	122971581795	81625562	384964591	3593804	24	44	1	163
1677760817	663	407788	682656	0	21222792	126797676	0	4238972	4096	123417042210	81921251	386638486	3610315	24	44	1	163
1677760819	665	407788	682656	0	21222792	126951999	0	4250632	4096	123843197820	82204276	387883269	3621751	24	44	1	163
1677760821	667	407788	682656	0	21222792	127106350	0	4262292	4096	124275482889	82491263	389392385	3636386	24	44	1	163
1677760823	669	407788	682656	0	21222792	127260706	0	4273952	4096	124743446732	82801933	390627485	3647677	24	44	1	163
1677760825	671	407788	682656	0	21222792	127411843	0	4284446	4096	125160257674	83078628	391786968	3658348	24	44	1	163
1677760827	673	407788	682656	0	21222792	127566199	0	4296106	4096	125565234908	83347621	392954955	3668979	24	44	1	163
1677760829	675	407788	682656	0	21222792	127720555	0	4307766	4096	126000751521	83636818	394147126	3679787	24	44	1	163
1677760831	677	407796	682664	0	21222792	127874911	0	4319790	4096	126417985705	83913941	395516898	3692592	24	45	1	163
1677760833	679	407796	682664	0	21222792	128029315	0	4331669	4096	126820925266	84181994	396888731	3704220	24	45	1	163
1677760835	681	407796	682664	0	21222792	128186946	0	4343329	4096	127212732098	84442587	398143959	3714962	24	45	1	163
1677760837	683	407796	682664	0	21222792	128341344	0	4354989	4096	127580960366	84687656	399672297	3728685	24	45	1	163
1677760839	685	407796	682664	0	21222792	128495740	0	4366649	4096	127969530294	84946277	400929497	3739155	24	45	1	163
1677760841	687	407808	682676	0	21222792	128650151	0	4378309	4096	128338551729	85192037	402724601	3751203	25	45	1	163
1677760843	689	407824	682692	0	21222792	128801344	0	4388803	4096	128663946706	85408744	403869954	3760615	25	45	1	163
1677760845	691	407828	682696	0	21222792	128955698	0	4400463	4096	129101238560	85699047	405062954	3771645	25	45	1	163
1677760847	693	407844	682712	0	21222792	129110052	0	4412123	4096	129575305512	86013690	406470957	3784902	25	45	1	163
1677760849	695	407856	682724	0	21222792	129264408	0	4423783	4096	130015071116	86305706	407676726	3795816	25	45	1	163
1677760851	697	407864	682732	0	21222792	129421983	0	4435443	4096	130451467795	86595490	409167394	3810074	25	45	1	163
1677760853	699	407872	682740	0	21222792	129576339	0	4447103	4096	130922482978	86908165	410398962	3821399	25	46	1	163
1677760855	701	407884	682752	0	21222792	129730695	0	4458836	4096	131370236563	87205206	411522784	3832065	25	46	1	163
1677760857	703	407900	682768	0	21222776	129885095	0	4470501	4096	131805199951	87493780	412684380	3842251	25	46	1	162
1677760859	705	409615	684540	0	21223824	130039403	0	4480701	4096	132302700573	87823383	414380852	3854977	25	46	1	162
1677760861	707	409615	684540	0	21223824	130190542	0	4489881	4096	132664958779	88063879	415682763	3866829	25	46	1	162
1677760863	709	409619	684544	0	21223824	130344884	0	4500081	4096	133079029828	88338514	417000547	3879935	25	46	1	162
1677760865	711	409619	684544	0	21223824	130499280	0	4510281	4096	133465839285	88595996	418421705	3892016	25	46	1	162
1677760867	713	409619	684544	0	21223824	130653676	0	4520481	4096	133848275806	88850234	419570936	3901940	25	46	1	162
1677760869	715	409619	684544	0	21223824	130811293	0	4530681	4096	134223158542	89098872	420526794	3911243	25	46	1	162
1677760871	717	409619	684544	0	21223824	130965650	0	4540881	4096	134629218500	89368416	421603663	3921182	25	47	1	162
1677760873	719	409619	684544	0	21223824	131119986	0	4551081	4096	135074658857	89664156	422925032	3933382	25	47	1	162
1677760875	721	409619	684544	0	21223824	131274322	0	4561281	4096	135512582608	89954903	424156312	3944810	25	47	1	162
1677760877	723	409619	684544	0	21223824	131422222	0	4570461	4096	135927348178	90230281	425381474	3956116	25	47	1	162
1677760879	725	409619	684544	0	21223824	131579776	0	4580661	4096	136370734110	90524626	426616260	3967512	25	47	1	162
1677760881	727	409619	684544	0	21223824	131734112	0	4591371	4096	136819361051	90822517	427968172	3979967	25	47	1	162
1677760883	729	409623	684548	0	21223824	131888448	0	4601571	4096	137232076450	91096485	429263625	3992138	25	47	1	162
1677760885	731	409623	684548	0	21223824	132042784	0	4611771	4096	137642132532	91368625	430563549	4004734	25	47	1	162
1677760887	733	409623	684548	0	21223824	132200338	0	4621971	4096	138047659702	91637668	431709287	4015728	25	47	1	162
1677760889	735	409623	684548	0	21223824	132354671	0	4632171	4096	138494310838	91934234	432866779	4026136	25	48	1	162
1677760891	737	409623	684548	0	21223824	132508988	0	4642371	4096	138924332585	92219741	434123482	4037728	25	48	1	162
1677760893	739	409623	684548	0	21223824	132663304	0	4652571	4096	139351184165	92503126	435421512	4049781	25	48	1	162
1677760895	741	409623	684548	0	21223824	132814403	0	4661751	4096	139758819015	92773740	436557431	4060213	25	48	1	162
1677760897	743	409623	684548	0	21223824	132968716	0	4671951	4096	140203358736	93068879	437880470	4072450	25	48	1	162
1677760899	745	409623	684548	0	21223824	133123032	0	4682151	4096	140638627663	93357969	439120717	4083659	25	48	1	162
1677760901	747	409623	684548	0	21223824	133277332	0	4692351	4096	141040389022	93624822	440286519	4094248	25	48	1	162
1677760903	749	409623	684548	0	21223824	133431628	0	4702551	4096	141488506960	93922182	441521735	4105755	25	48	1	162
1677760905	751	409623	684548	0	21223824	133589158	0	4712751	4096	141946859163	94226482	442793807	4117445	25	48	1	162
1677760907	753	409623	684548	0	21223824	133743495	0	4723097	4096	142362541851	94502610	444178531	4128618	25	48	1	162
1677760909	755	409623	684548	0	21223824	133897841	0	4733661	4096	142725333863	94743991	445379441	4138926	26	48	1	162
1677760911	757	409623	684548	0	21223824	134052157	0	4743861	4096	143204084016	95061639	446603136	4150222	26	49	1	162
1677760913	759	409623	684548	0	21223824	134203256	0	4753041	4096	143597740746	95322988	447673279	4159925	26	49	1	162
1677760915	761	409623	684548	0	21223824	134357572	0	4763241	4096	144020816836	95603670	448971193	4172492	26	49	1	162
1677760917	763	409623	684548	0	21223824	134511882	0	4773441	4096	144331064385	95809411	449831052	4180884	26	49	1	162
1677760919	765	409623	684548	0	21223824	134666138	0	4783641	4096	144777196423	96105227	451150517	4194184	26	49	1	162
1677760921	767	409623	684548	0	21223824	134820394	0	4793841	4096	145282602850	96440211	452376335	4206334	26	49	1	162
1677760923	769	409623	684548	0	21223824	134977864	0	4804041	4096	145767859384	96761831	453539995	4217774	26	49	1	162
1677760925	771	409623	684548	0	21223824	135132120	0	4814241	4096	146247525930	97079795	455021301	4232850	26	49	1	162
1677760927	773	409623	684548	0	21223824	135286385	0	4824441	4096	146744238782	97409107	456402804	4246242	26	49	1	162
1677760929	775	409623	684548	0	21223824	135440698	0	4834641	4096	147201693578	97712924	457623567	4256960	26	50	1	162
1677760931	777	409623	684548	0	21223824	135591787	0	4843821	4096	147565181290	97954367	458660417	4266232	26	50	1	162
1677760933	779	409623	684548	0	21223824	135746091	0	4854021	4096	147981167570	98230775	459990585	4278193	26	50	1	162
1677760935	781	409623	684548	0	21223824	135900458	0	4864221	4096	148401087922	98509893	461717432	4290150	26	50	1	162
1677760937	783	409623	684548	0	21223824	136054890	0	4874931	4096	148742204501	98737365	463074870	4300557	26	50	1	162
1677760939	785	409623	684548	0	21223824	136209262	0	4885131	4096	149141188288	99002516	464362266	4312050	26	50	1	162
1677760941	787	409623	684548	0	21223824	136366816	0	4895331	4096	149599772862	99306948	465710817	4324570	26	50	1	162
1677760943	789	409623	684548	0	21223824	136521152	0	4905531	4096	150056043918	99609899	467130155	4337701	26	50	1	162
1677760945	791	409623	684548	0	21223824	136675473	0	4915731	4096	150501665420	99905436	468294085	4348901	26	50	1	162
1677760947	793	409623	684548	0	21223824	136829749	0	4925931	4096	151006951743	100240309	469745628	4363685	26	50	1	162
1677760949	795	409623	684548	0	21223824	136980810	0	4935111	4096	151487856998	100559010	470768841	4373736	26	51	1	162
1677760951	797	409623	684548	0	21223824	137135086	0	4945311	4096	152006135739	100902500	472005548	4385950	26	51	1	162
1677760953	799	409623	684548	0	21223824	137289362	0	4955511	4096	152510015198	101236430	473186144	4397660	26	51	1	162
1677760955	801	409623	684548	0	21223824	137443638	0	4965711	4096	153005154721	101564580	474327773	4408875	26	51	1	162
1677760957	803	409623	684548	0	21223824	137597956	0	4975911	4096	153374698355	101809756	475257326	4417640	26	51	1	162
1677760959	805	409623	684548	0	21223824	137755447	0	4986111	4096	153866196885	102135618	476415359	4428849	26	51	1	162
1677760961	807	409627	684552	0	21223824	137909759	0	4996311	4096	154320998318	102437101	477700035	4441200	26	51	1	162
1677760963	809	409627	684552	0	21223824	138064062	0	5006802	4096	154776522199	102739296	479172447	4455470	26	51	1	162
1677760965	811	409627	684552	0	21223824	138218395	0	5017221	4096	155147666529	102985990	480585566	4468674	26	51	1	162
1677760967	813	409627	684552	0	21223824	138369474	0	5026401	4096	155611931136	103293834	481647375	4478806	26	51	1	162
1677760969	815	409627	684552	0	21223824	138523750	0	5036601	4096	156015886257	103561646	482725658	4489593	26	52	1	162
1677760971	817	409627	684552	0	21223824	138678026	0	5046801	4096	156499975018	103882481	483808215	4500254	26	52	1	162
1677760973	819	409627	684552	0	21223824	138832302	0	5057001	4096	156962862674	104189273	485014189	4512358	26	52	1	162
1677760975	821	409627	684552	0	21223824	138986578	0	5067201	4096	157419137532	104491695	486156617	4523697	26	52	1	162
1677760977	823	409627	684552	0	21223824	139144069	0	5077401	4096	157934709452	104833414	487256857	4534441	27	52	1	162
1677760979	825	409627	684552	0	21223824	139298345	0	5087601	4096	158444195751	105171067	488350840	4545152	27	52	1	162
1677760981	827	409627	684552	0	21223824	139452621	0	5097801	4096	158880039323	105459972	489338969	4554874	27	52	1	162
1677760983	829	409627	684552	0	21223824	139606897	0	5108001	4096	159285935736	105729078	490265283	4563926	27	52	1	162
1677760985	831	409627	684552	0	21223824	139757958	0	5117181	4096	159677150111	105988407	491315969	4574464	27	52	1	162
1677760987	833	409627	684552	0	21223824	139912234	0	5127381	4096	160151236529	106302650	492603619	4587398	27	52	1	162
1677760989	835	409627	684552	0	21223824	140066510	0	5137581	4096	160597691432	106598603	494235494	4604338	27	52	1	162
1677760991	837	409627	684552	0	21223824	140220807	0	5148299	4096	161081942660	106919634	495479098	4616658	27	53	1	162
1677760993	839	409627	684552	0	21223824	140376303	0	5158519	4096	161571197470	107243833	496991036	4631805	27	53	1	162
1677760995	841	409627	684552	0	21223824	140532604	0	5168739	4096	162052884082	107563146	498290609	4643220	27	53	1	162
1677760997	843	409627	684552	0	21223824	140686940	0	5178959	4096	162538764731	107885580	499461045	4653833	27	53	1	162
1677760999	845	409627	684552	0	21223824	140841312	0	5189179	4096	162941580071	108153316	501060081	4668153	27	53	1	162
1677761001	847	409627	684552	0	21223824	140995672	0	5199399	4096	163363523362	108433612	502280348	4678877	27	53	1	162
1677761003	849	409627	684552	0	21223824	141146790	0	5208597	4096	163729241760	108676414	503282065	4687991	27	53	1	162
1677761005	851	409627	684552	0	21223824	141301126	0	5218817	4096	164218973237	109001335	504593511	4700260	27	53	1	162
1677761007	853	409627	684552	0	21223824	141455450	0	5229037	4096	164730613949	109340511	505747201	4711429	27	53	1	162
1677761009	855	409631	684556	0	21223824	141609750	0	5239257	4096	165225394664	109668592	507127897	4725003	27	54	1	162
1677761011	857	409631	684556	0	21223824	141767274	0	5249988	4096	165715159452	109993275	508460736	4738037	27	54	1	162
1677761013	859	409631	684556	0	21223824	141921550	0	5260208	4096	166252436202	110349255	509707737	4750600	27	54	1	162
1677761015	861	409631	684556	0	21223824	142075826	0	5270428	4096	166802251350	110713501	510960928	4763158	27	54	1	162
1677761017	863	409631	684556	0	21223824	142230102	0	5280648	4096	167302397330	111044899	512145704	4774945	27	54	1	162
1677761019	865	409631	684556	0	21223824	142381163	0	5289846	4096	167726079041	111325641	513139639	4784893	27	54	1	162
1677761021	867	409631	684556	0	21223824	142535466	0	5300066	4096	168239750935	111666003	514728114	4796899	27	54	1	162
1677761023	869	409631	684556	0	21223824	142689844	0	5310286	4096	168663875609	111947768	516034202	4808409	27	54	1	162
1677761025	871	409631	684556	0	21223824	142844189	0	5320506	4096	169114566054	112246848	517135012	4818404	27	54	1	162
1677761027	873	409635	684560	0	21223824	143001740	0	5330726	4096	169607279789	112573827	518317917	4829084	27	55	1	162
1677761029	875	409635	684560	0	21223824	143156103	0	5340946	4096	170030808537	112855007	519924290	4840445	27	55	1	162
1677761031	877	409635	684560	0	21223824	143310532	0	5351166	4096	170408086808	113106292	521250146	4850726	27	55	1	162
1677761033	879	409635	684560	0	21223824	143464988	0	5361897	4096	170758923939	113340201	522568041	4860995	27	55	1	162
1677761035	881	409635	684560	0	21223824	143616199	0	5371095	4096	171070797545	113547864	523591508	4869304	27	55	1	162
1677761037	883	409635	684560	0	21223824	143770603	0	5381315	4096	171446761430	113797962	524918440	4880952	27	55	1	162
1677761039	885	409635	684560	0	21223824	143925019	0	5391535	4096	171873256326	114081554	526196080	4891700	27	55	1	162
1677761041	887	409635	684560	0	21223824	144079435	0	5401755	4096	172225114773	114315364	527227557	4900836	27	55	1	162
1677761043	889	409635	684560	0	21223824	144233851	0	5411975	4096	172626272449	114581920	528372586	4910877	27	55	1	162
1677761045	891	409631	684556	0	21223808	144391554	0	5421909	4096	172935159415	114787365	529400815	4919283	28	55	1	161
1677761047	893	407583	682508	0	21215580	144546079	0	5430389	4096	173274612781	115013222	530867035	4928701	28	56	1	159
1677761049	895	407583	682508	0	21215580	144700492	0	5436229	4096	173630443154	115249948	532111508	4939334	28	56	1	159
1677761051	897	407555	682480	0	21207368	144854940	0	5441272	4096	173902315045	115430998	533164525	4947331	28	56	1	158
1677761053	899	407555	682480	0	21207368	145006134	0	5445214	4096	174119665127	115575916	534352672	4957851	28	56	1	158
1677761055	901	407555	682480	0	21207368	145160550	0	5449594	4096	174378994260	115748445	535216820	4965041	28	56	1	158
1677761057	903	407555	682480	0	21207368	145314966	0	5453974	4096	174638335244	115921212	536404289	4975401	28	56	1	158
1677761059	905	407555	682480	0	21207368	145469385	0	5458573	4096	174934025166	116118068	537457159	4984086	28	56	1	158
1677761061	907	407555	682480	0	21207368	145624220	0	5462953	4096	175217053200	116306526	538694976	4994837	28	56	1	158
1677761063	909	407555	682480	0	21207368	145781477	0	5467333	4096	175475729206	116478813	539881086	5005147	28	56	1	158
1677761065	911	407555	682480	0	21207368	145935913	0	5471713	4096	175752365622	116663066	540934733	5013689	28	56	1	158
1677761067	913	407555	682480	0	21207368	146090349	0	5476093	4096	176011357891	116835441	541924892	5022130	28	56	1	158
1677761069	915	407555	682480	0	21207368	146244785	0	5480473	4096	176291531645	117022013	542874132	5029804	28	57	1	158
1677761071	917	407555	682480	0	21207368	146395983	0	5484415	4096	176546293499	117191354	543944206	5039793	28	57	1	158
1677761073	919	407555	682480	0	21207368	146550359	0	5488795	4096	176828814854	117379153	544902059	5047912	28	57	1	158
1677761075	921	407527	682452	0	21199156	146704767	0	5491794	4096	177085680908	117549716	545670481	5054073	28	57	1	157
1677761077	923	407527	682452	0	21199156	146859143	0	5494714	4096	177332501296	117713772	546416814	5060347	28	57	1	157
1677761079	925	407527	682452	0	21199156	147013519	0	5497634	4096	177595811504	117888732	547134111	5066448	28	57	1	157
1677761081	927	407527	682452	0	21199156	147171082	0	5500554	4096	177875578349	118074172	547765661	5072411	28	57	1	157
1677761083	929	407527	682452	0	21199156	147325398	0	5503620	4096	178153600539	118258512	548490093	5079478	28	57	1	157
1677761085	931	407527	682452	0	21199156	147479714	0	5506540	4096	178454652528	118458010	549269574	5087070	28	57	1	157
1677761087	933	407527	682452	0	21199156	147634030	0	5509460	4096	178730834371	118641074	549973946	5093850	28	57	1	157
1677761089	935	407527	682452	0	21199156	147785129	0	5512088	4096	179012425694	118827789	550594163	5099702	28	57	1	157
1677761091	937	407639	682564	0	21191968	147939477	0	5514868	4096	179305132687	119021691	551566667	5106524	28	57	1	156
1677761093	939	407639	682564	0	21191968	148093793	0	5516328	4096	179518355564	119163075	552065599	5111087	28	58	1	156
1677761095	941	407639	682564	0	21191968	148248109	0	5517788	4096	179717087095	119294864	552582828	5115959	28	58	1	156
1677761097	943	407639	682564	0	21191968	148402425	0	5519248	4096	179854354799	119385936	553021698	5120127	28	58	1	156
1677761099	945	407639	682564	0	21191968	148559958	0	5520708	4096	180042249821	119510570	553530054	5124980	28	58	1	156
1677761101	947	407639	682564	0	21191968	148714274	0	5522168	4096	180203688330	119617677	554124587	5130937	28	58	1	156
1677761103	949	407639	682564	0	21191968	148868590	0	5523628	4096	180407800451	119753011	554667653	5136042	28	58	1	156
1677761105	951	407639	682564	0	21191968	149022906	0	5525088	4096	180560452912	119854307	555052513	5139540	28	58	1	156
1677761107	953	407639	682564	0	21191968	149174005	0	5526402	4096	180719417447	119959726	555408676	5142720	28	58	1	156
1677761109	955	407639	682564	0	21191968	149328321	0	5527862	4096	180894930969	120076159	555881650	5147167	28	58	1	156
1677761111	957	407639	682564	0	21191968	149482637	0	5529322	4096	181062280242	120187148	556310539	5151167	28	58	1	156
1677761113	959	407639	682564	0	21191968	149636953	0	5530782	4096	181248709629	120310803	556769134	5155440	28	58	1	156
1677761115	961	407639	682564	0	21191968	149791269	0	5532315	4096	181432829071	120432912	557192698	5159329	28	58	1	156
1677761117	963	407639	682564	0	21191968	149948802	0	5533775	4096	181613628213	120552831	557680200	5163943	28	58	1	156
1677761119	965	407639	682564	0	21191968	150103118	0	5535235	4096	181788509969	120668852	558150517	5168355	28	59	1	156
1677761121	967	407639	682564	0	21191968	150257434	0	5536695	4096	181940962896	120769959	558642757	5173193	28	59	1	156
1677761123	969	407639	682564	0	21191968	150411750	0	5538155	4096	182117494915	120887036	559099627	5177401	28	59	1	156
1677761125	971	407639	682564	0	21191968	150562849	0	5539469	4096	182211796427	120949662	559340258	5179479	28	59	1	156
1677761127	973	407639	682564	0	21191968	150717165	0	5540929	4096	182303377618	121010456	559573847	5181515	28	59	1	156
1677761129	975	407639	682564	0	21191968	150871481	0	5542389	4096	182481311902	121128491	560127333	5186889	28	59	1	156
1677761131	977	407639	682564	0	21191968	151025797	0	5543849	4096	182653470908	121242710	560537340	5190646	28	59	1	156
1677761133	979	407639	682564	0	21191968	151180113	0	5545309	4096	182789045496	121332670	560884544	5193803	28	59	1	156
1677761135	981	407639	682564	0	21191968	151337646	0	5546769	4096	182901860409	121407542	561216405	5196925	28	59	1	156
1677761137	983	407639	682564	0	21191968	151491962	0	5548229	4096	183028497263	121491530	561495611	5199414	28	59	1	156
1677761139	985	407639	682564	0	21191968	151646278	0	5549689	4096	183088678843	121531572	561678475	5201012	29	59	1	156
1677761141	987	407639	682564	0	21191968	151800594	0	5551149	4096	183209076158	121611479	562011709	5204132	29	59	1	156
1677761143	989	407639	682564	0	21191968	151948476	0	5552463	4096	183359620326	121711353	562393357	5207636	29	59	1	156
1677761145	991	407647	682572	0	21191968	152106009	0	5553996	4096	183484921840	121794511	562803702	5211518	29	60	1	156
1677761147	993	407647	682572	0	21191968	152260325	0	5555456	4096	183617854410	121882722	563195714	5215233	29	60	1	156
1677761149	995	407647	682572	0	21191968	152414641	0	5556916	4096	183804802989	122006681	563618161	5219058	29	60	1	156
1677761151	997	407647	682572	0	21191968	152568957	0	5558376	4096	183988403811	122128509	564084189	5223392	29	60	1	156
1677761153	999	407647	682572	0	21191968	152726490	0	5559836	4096	184172541356	122250639	564493115	5227057	29	60	1	156
1677761155	1001	407647	682572	0	21191968	152880805	0	5561296	4096	184356546844	122372662	565009574	5232006	29	60	1	156
1677761157	1003	407647	682572	0	21191968	153035101	0	5562756	4096	184522495533	122482722	565485570	5236518	29	60	1	156
1677761159	1005	407647	682572	0	21191968	153189397	0	5564216	4096	184712511056	122608717	565967367	5241058	29	60	1	156
1677761161	1007	407647	682572	0	21191968	153343693	0	5565676	4096	184884241238	122722670	566420280	5245320	29	60	1	156
1677761163	1009	407647	682572	0	21191968	153494773	0	5566990	4096	185046430123	122830242	566807709	5248888	29	60	1	156
1677761165	1011	407647	682572	0	21191968	153649069	0	5568450	4096	185236143580	122956044	567234943	5252784	29	60	1	156
1677761167	1013	407647	682572	0	21191968	153803365	0	5569910	4096	185402760648	123066571	567674407	5256804	29	60	1	156
1677761169	1015	407647	682572	0	21191968	153957661	0	5571370	4096	185517828648	123142909	567945563	5259248	29	60	1	156
1677761171	1017	407647	682572	0	21191968	154115173	0	5572830	4096	185592606016	123192660	568141673	5260944	29	60	1	156
1677761173	1019	407647	682572	0	21191968	154269469	0	5574290	4096	185648231655	123229664	568310014	5262383	29	61	1	156
1677761175	1021	407647	682572	0	21191968	154423765	0	5575823	4096	185686442005	123255129	568437222	5263380	29	61	1	156
1677761177	1023	407647	682572	0	21191968	154578061	0	5577283	4096	185686482709	123255321	568478442	5263574	29	61	1	156
1677761179	1025	407647	682572	0	21191968	154732357	0	5578743	4096	185686523593	123255512	568519928	5263768	29	61	1	156
1677761181	1027	407647	682572	0	21191968	154883437	0	5580057	4096	185692495542	123259650	568570250	5264082	29	61	1	156
1677761183	1029	407647	682572	0	21191968	155037733	0	5581517	4096	185884640737	123387073	569017937	5268221	29	61	1	156
1677761185	1031	407647	682572	0	21191968	155192029	0	5582977	4096	186063902795	123505943	569423426	5271905	29	61	1	156
1677761187	1033	407647	682572	0	21191968	155346325	0	5584437	4096	186240771449	123623249	569829414	5275601	29	61	1	156
1677761189	1035	407647	682572	0	21191968	155500621	0	5585897	4096	186420665833	123742571	570251077	5279487	29	61	1	156
1677761191	1037	407647	682572	0	21191968	155658124	0	5587357	4096	186522323272	123810087	570486601	5281539	29	61	1	156
1677761193	1039	407647	682572	0	21191968	155812400	0	5588817	4096	186574024028	123844477	570632644	5282740	29	61	1	156
1677761195	1041	407647	682572	0	21191968	155966676	0	5590277	4096	186749746326	123961019	571006188	5286081	29	61	1	156
1677761197	1043	407647	682572	0	21191968	156120952	0	5591737	4096	186890530566	124054386	571472450	5290048	29	62	1	156
1677761199	1045	407647	682572	0	21191968	156272013	0	5593051	4096	186969546485	124106900	571724991	5292272	29	62	1	156
1677761201	1047	407647	682572	0	21191968	156426289	0	5594511	4096	187080423995	124180537	571988927	5294608	29	62	1	156
1677761203	1049	407647	682572	0	21191968	156580565	0	5596044	4096	187199281015	124259427	572268783	5297066	29	62	1	156
1677761205	1051	407647	682572	0	21191968	156734841	0	5597504	4096	187320657959	124339970	572556808	5299648	29	62	1	156
1677761207	1053	407647	682572	0	21191968	156889117	0	5598964	4096	187436239740	124416710	572853023	5302283	29	62	1	156
1677761209	1055	407647	682572	0	21191968	157046608	0	5600424	4096	187557242999	124497027	573141085	5304842	29	62	1	156
1677761211	1057	407647	682572	0	21191968	157200884	0	5601884	4096	187679824361	124578416	573440172	5307521	29	62	1	156
1677761213	1059	407647	682572	0	21191968	157355160	0	5603344	4096	187801357127	124659052	573739097	5310215	29	62	1	156
1677761215	1061	407647	682572	0	21191968	157509436	0	5604804	4096	187903812659	124727084	573993495	5312404	29	62	1	156
1677761217	1063	407647	682572	0	21191968	157660497	0	5606118	4096	187949222994	124757316	574135451	5313588	29	62	1	156
1677761219	1065	407647	682572	0	21191968	157814773	0	5607578	4096	188017567544	124802767	574441100	5316507	29	62	1	156
1677761221	1067	407647	682572	0	21191968	157969049	0	5609038	4096	188110034076	124864176	574728030	5319130	29	62	1	156
1677761223	1069	407647	682572	0	21191968	158123325	0	5610498	4096	188160160661	124897551	574871742	5320316	29	62	1	156
1677761225	1071	407647	682572	0	21191968	158277601	0	5611958	4096	188267160506	124968574	575167363	5323034	29	63	1	156
1677761227	1073	407647	682572	0	21191968	158435092	0	5613418	4096	188382874615	125045399	575515661	5326256	29	63	1	156
1677761229	1075	407647	682572	0	21191968	158589368	0	5614878	4096	188509221994	125129260	575816236	5328942	29	63	1	156
1677761231	1077	407647	682572	0	21191968	158743644	0	5616338	4096	188587822869	125181483	576055017	5331121	29	63	1	156
1677761233	1079	407647	682572	0	21191968	158897920	0	5617798	4096	188711373885	125263481	576420458	5334549	29	63	1	156
1677761235	1081	407647	682572	0	21191968	159048981	0	5619112	4096	188818412373	125334528	576689333	5336951	29	63	1	156
1677761237	1083	407647	682572	0	21191968	159203257	0	5620572	4096	188944869221	125418430	576980647	5339527	29	63	1	156
1677761239	1085	407647	682572	0	21191968	159357533	0	5622105	4096	189029182948	125474445	577192771	5341388	29	63	1	156
1677761241	1087	407647	682572	0	21191968	159511800	0	5623565	4096	189137789126	125546533	577475523	5343922	29	63	1	156
1677761243	1089	407647	682572	0	21191968	159666056	0	5625025	4096	189263095724	125629726	577817416	5347089	29	63	1	156
1677761245	1091	407647	682572	0	21191968	159823526	0	5626485	4096	189368407830	125699629	578079497	5349417	29	63	1	156
1677761247	1093	407647	682572	0	21191968	159977782	0	5627945	4096	189467618359	125765505	578320199	5351493	29	63	1	156
1677761249	1095	407647	682572	0	21191968	160132038	0	5629405	4096	189515885429	125797664	578454522	5352597	29	64	1	156
1677761251	1097	407647	682572	0	21191968	160286294	0	5630865	4096	189615783347	125863974	578705830	5354810	29	64	1	156
1677761253	1099	407647	682572	0	21191968	160440550	0	5632325	4096	189721956782	125934491	578971070	5357188	30	64	1	156
1677761255	1101	407647	682572	0	21191968	160591592	0	5633639	4096	189813675493	125995398	579195025	5359117	30	64	1	156
1677761257	1103	407647	682572	0	21191968	160745848	0	5635099	4096	189930140513	126072683	579476532	5361593	30	64	1	156
1677761259	1105	407647	682572	0	21191968	160900104	0	5636559	4096	190056418507	126156524	579782456	5364330	30	64	1	156
1677761261	1107	407647	682572	0	21191968	161054360	0	5638019	4096	190160821800	126225836	580082068	5367036	30	64	1	156
1677761263	1109	407647	682572	0	21191968	161211830	0	5639479	4096	190279570681	126304687	580370868	5369618	30	64	1	156
1677761265	1111	407647	682572	0	21191968	161366086	0	5640939	4096	190397564133	126382989	580660831	5372225	30	64	1	156
1677761267	1113	407647	682572	0	21191968	161520342	0	5642399	4096	190495541880	126448035	580936392	5374647	30	64	1	156
1677761269	1115	407647	682572	0	21191968	161674598	0	5643859	4096	190582556118	126505869	581182497	5376851	30	64	1	156
1677761271	1117	407647	682572	0	21191968	161828854	0	5645319	4096	190666969666	126561916	581390551	5378676	30	64	1	156
1677761273	1119	407647	682572	0	21191968	161979896	0	5646633	4096	190761295150	126624577	581689250	5381394	30	64	1	156
1677761275	1121	407647	682572	0	21191968	162134152	0	5648093	4096	190874070537	126699417	582002258	5384228	30	65	1	156
1677761277	1123	407647	682572	0	21191968	162288408	0	5649626	4096	190997042086	126781023	582282641	5386696	30	65	1	156
1677761279	1125	407647	682572	0	21191968	162442664	0	5651086	4096	191108063160	126854766	582583126	5389378	30	65	1	156
1677761281	1127	407647	682572	0	21191968	162596920	0	5652546	4096	191223132730	126931135	582869701	5391916	30	65	1	156
1677761283	1129	407647	682572	0	21191968	162754390	0	5654006	4096	191329814137	127001986	583134187	5394301	30	65	1	156
1677761285	1131	407647	682572	0	21191968	162908632	0	5655466	4096	191448774528	127080930	583483881	5397547	30	65	1	156
1677761287	1133	407647	682572	0	21191968	163062868	0	5656926	4096	191522152455	127129691	583683200	5399259	30	65	1	156
1677761289	1135	407647	682572	0	21191968	163217104	0	5658386	4096	191582334981	127169766	583877660	5400993	30	65	1	156
1677761291	1137	407647	682572	0	21191968	163368127	0	5659700	4096	191678174581	127233389	584136552	5403255	30	65	1	156
1677761293	1139	407647	682572	0	21191968	163522363	0	5661160	4096	191781693181	127302182	584426289	5405788	30	65	1	156
1677761295	1141	407647	682572	0	21191968	163676599	0	5662620	4096	191894254811	127376885	584695747	5408124	30	65	1	156
1677761297	1143	407647	682572	0	21191968	163830835	0	5664080	4096	191999050610	127446458	584946669	5410342	30	65	1	156
1677761299	1145	407647	682572	0	21191968	163985071	0	5665540	4096	192100658358	127513928	585195211	5412583	30	65	1	156
1677761301	1147	407647	682572	0	21191968	164142520	0	5667000	4096	192224463183	127596058	585482210	5415145	30	66	1	156
1677761303	1149	407651	682576	0	21191968	164296756	0	5668460	4096	192342180591	127674195	585771238	5417736	30	66	1	156
1677761305	1151	407659	682584	0	21191968	164450992	0	5669920	4096	192457471751	127750716	586050192	5420235	30	66	1	156
1677761307	1153	407667	682592	0	21191968	164605228	0	5671380	4096	192574613001	127828458	586320015	5422609	30	66	1	156
1677761309	1155	407675	682600	0	21191968	164753842	0	5672694	4096	192677759979	127896973	586579223	5424940	30	66	1	156
1677761311	1157	407683	682608	0	21191968	164910487	0	5674154	4096	192806922948	127982653	586868966	5427508	30	66	1	156
1677761313	1159	407691	682616	0	21191968	165064723	0	5675614	4096	192935710052	128068097	587199761	5430575	30	66	1	156
1677761315	1161	407699	682624	0	21191968	165218945	0	5677147	4096	193031921150	128131977	587452724	5432853	30	66	1	156
1677761317	1163	407707	682632	0	21191968	165373161	0	5678607	4096	193148470014	128209330	587798594	5436114	30	66	1	156
1677761319	1165	407715	682640	0	21191968	165530589	0	5680067	4096	193258885312	128282640	588097683	5438833	30	66	1	156
1677761321	1167	407723	682648	0	21191968	165684805	0	5681527	4096	193366817181	128354272	588406188	5441686	30	66	1	156
1677761323	1169	407731	682656	0	21191968	165839021	0	5682987	4096	193458155100	128414937	588704731	5444390	30	66	1	156
1677761325	1171	407739	682664	0	21191968	165993237	0	5684447	4096	193580701898	128496288	589062686	5447808	30	67	1	156
1677761327	1173	407747	682672	0	21191968	166147453	0	5685907	4096	193702011556	128576771	589343620	5450353	30	67	1	156
1677761329	1175	407755	682680	0	21191968	166298457	0	5687221	4096	193803870175	128644425	589631216	5452947	30	67	1	156
1677761331	1177	407763	682688	0	21191968	166452673	0	5688681	4096	193904802510	128711408	589899408	5455388	30	67	1	156
1677761333	1179	407767	682692	0	21191968	166606904	0	5690141	4096	194029257441	128793990	590216157	5458274	30	67	1	156
1677761335	1181	407775	682700	0	21191968	166761121	0	5691601	4096	194150617110	128874574	590523607	5461075	30	67	1	156
1677761337	1183	407783	682708	0	21191968	166918549	0	5693061	4096	194273032364	128955802	590808512	5463644	30	67	1	156
1677761339	1185	407791	682716	0	21191968	167072765	0	5694521	4096	194373112010	129022291	591064072	5465929	30	67	1	156
1677761341	1187	407799	682724	0	21191968	167227000	0	5695981	4096	194494764339	129103010	591341873	5468411	30	67	1	156
1677761343	1189	407807	682732	0	21191968	167381236	0	5697441	4096	194607298488	129177683	591598296	5470686	30	67	1	156
1677761345	1191	407815	682740	0	21191968	167535472	0	5698901	4096	194722104778	129253923	591886131	5473303	30	67	1	156
1677761347	1193	407823	682748	0	21191968	167686495	0	5700215	4096	194833025304	129327548	592194404	5476141	30	67	1	156
1677761349	1195	407831	682756	0	21191968	167840731	0	5701675	4096	194933579102	129394318	592456381	5478528	30	67	1	156
1677761351	1197	407839	682764	0	21191968	167994967	0	5703208	4096	194998402493	129437428	592644194	5480157	30	68	1	156
1677761353	1199	407847	682772	0	21191968	168149203	0	5704668	4096	195048497174	129470772	592783738	5481287	30	68	1	156
1677761355	1201	407855	682780	0	21191968	168303439	0	5706128	4096	195109243888	129511208	592947231	5482692	30	68	1	156
1677761357	1203	407863	682788	0	21191968	168460888	0	5707588	4096	195164836154	129548205	593112089	5484115	30	68	1	156
1677761359	1205	407871	682796	0	21191968	168615124	0	5709048	4096	195228520006	129590558	593286295	5485602	30	68	1	156
1677761361	1207	510625	787020	0	21292008	168780248	0	5810401	106496	195259326859	129610674	594254157	5486536	30	69	1	146
1677761363	1209	510721	787116	0	21292044	168781017	0	6131263	430080	195259329145	129610709	594258037	5486586	30	71	1	146
