Time	rx_bytes	rx_packets	tx_bytes	tx_packets	wtime	pss	rss	swap	vmem	nprocs	nthreads	rchar	read_bytes	wchar	write_bytes	stime	utime
1678037659	0	0	0	0	1	71621	74384	0	2772008	1	64	10995491	0	0	0	6	2
1678037661	2563430	2503	242976	1424	3	543748	2673832	0	84731552	17	110	35978143	0	188886	4096	13	9
1678037663	27555087	22698	1809949	9315	5	1473521	2820304	0	85905680	17	112	58627362	0	863395	4096	14	36
1678037665	52023958	41709	3185426	16002	7	1450431	2796292	0	85877236	17	111	82458549	0	1549335	4096	15	62
1678037667	75729715	60104	4664863	22613	9	1509484	2854692	0	85933720	17	114	104400551	0	2253327	4096	15	88
1678037669	102870618	80732	6131967	29347	11	1487385	2831964	0	85909212	17	114	130553577	0	2971556	4096	15	117
1678037671	127511573	99505	7569630	35513	13	1508885	2852928	0	85929384	17	115	153467595	0	3734449	4096	16	144
1678037673	152244167	118124	8940259	41437	15	1507653	2846340	0	85921448	17	110	176825943	0	4451185	4096	16	171
1678037675	177727970	137270	10343318	47467	17	1523465	2861752	0	85936176	17	113	201239292	0	5182047	4096	16	198
1678037677	205535733	157911	11801795	53639	19	1522344	2860244	0	85934880	17	114	227548311	0	5965686	4096	17	228
1678037679	230229500	176287	13158355	59191	21	1515272	2852860	0	85926448	17	114	250657781	0	6692337	4096	17	255
1678037681	255418639	194925	14400584	64672	23	1500651	2837968	0	85910576	17	115	274551562	0	7296512	4096	17	282
1678037683	273494194	208329	15360805	68573	25	1506804	2843944	0	85916240	17	112	291529121	0	7835360	4096	17	302
1678037685	300522629	228241	16918390	74415	27	1504028	2840912	0	85912656	17	115	317167832	0	8754024	4096	18	331
1678037687	325559799	246619	18228696	79734	29	1518532	2855252	0	85926480	17	114	341127915	0	9486284	4096	18	358
1678037689	349722531	264395	19515448	84874	31	1514697	2851232	0	85921840	17	114	364104582	0	10174914	4096	18	384
1678037691	374861610	282752	20791231	89946	33	1511624	2847988	0	85918000	17	113	387580262	0	10905734	4096	19	412
1678037693	402885358	303298	22270597	95734	35	1539747	2873448	0	85944368	17	115	414692141	0	11727301	4096	19	442
1678037695	428769974	322233	23600909	101063	37	1523053	2856716	0	85927044	17	114	438749438	0	12466735	4096	19	469
1678037697	453788976	340456	24821954	106080	39	1527391	2861024	0	85930916	17	114	462997194	0	13106615	4096	19	497
1678037699	473183138	354518	25873896	109900	41	1537078	2870696	0	85939620	17	112	480738172	0	13776768	4096	20	518
1678037701	498296374	372780	27179252	114963	43	1527476	2861040	0	85929548	17	115	504644050	0	14468560	4096	20	545
1678037703	521932627	389889	28425654	119505	45	1537329	2865312	0	85934740	17	112	526841884	0	15245046	4096	20	571
1678037705	547173832	408177	29644373	124415	47	1545871	2873832	0	85943956	17	113	550987937	0	15919755	4096	20	598
1678037707	572427633	426531	31039744	129440	49	1527110	2855052	0	85923700	17	113	575061576	0	16731949	4096	21	626
1678037709	597798427	444960	32343348	134514	51	1545837	2873752	0	85942132	17	115	598652779	0	17475243	4096	21	653
1678037711	625532369	465083	33762166	139858	53	1547104	2875004	0	85942900	17	115	625404894	0	18287142	4096	21	683
1678037713	647928669	481348	34796672	144184	55	1536494	2862516	0	85930356	17	108	645750923	0	18813207	4096	21	707
1678037715	668563006	496315	36014610	148323	57	1548734	2874752	0	85941876	17	114	665741712	0	19594621	4096	22	730
1678037717	692682471	513764	37162458	152983	59	1540409	2866416	0	85933940	17	114	688804775	0	20217522	4096	22	756
1678037719	714193329	529341	38282682	157208	61	1535888	2861888	0	85929844	17	115	709321357	0	20888701	4096	22	780
1678037721	737824384	546574	39634812	162062	63	1542452	2868444	0	85935476	17	115	731747381	0	21673808	4096	22	806
1678037723	757720569	560977	40563653	165759	65	1541248	2867240	0	85933428	17	108	749397560	0	22175154	4096	22	827
1678037725	779214334	576586	41840615	169986	67	1550532	2876524	0	85942900	17	114	770809281	0	23003597	4096	23	851
1678037727	806198325	596049	43216764	175073	69	1543186	2869172	0	85935372	17	114	796735387	0	23810500	4096	23	880
1678037729	831436918	614316	44461228	179843	71	1559106	2885080	0	85951756	17	114	820178488	0	24498086	4096	23	907
1678037731	854425723	630877	45622550	184188	73	1555314	2881288	0	85947148	17	113	842364976	0	25227511	4096	23	933
1678037733	879406831	648928	46986969	189122	75	1540610	2866580	0	85932556	17	114	866187556	0	26012299	4096	24	959
1678037735	906756766	668697	48403441	194436	77	1552605	2878568	0	85944076	17	114	892125970	0	26833733	4096	24	989
1678037737	932346935	687096	49708354	199289	79	1550233	2876196	0	85941996	17	115	916415237	0	27601953	4096	24	1017
1678037739	958430420	705830	51017009	204115	81	1554850	2880804	0	85946752	17	115	940822387	0	28373339	4096	24	1044
1678037741	983659764	724016	52302891	208757	83	1552906	2878860	0	85944192	17	115	965105353	0	29138670	4096	25	1072
1678037743	1011368456	743967	53740327	214062	85	1556490	2882444	0	85947520	17	115	991288882	0	29981134	4096	25	1102
1678037745	1036714122	762162	54939543	218746	87	1546574	2872528	0	85937792	17	114	1015295106	0	30643248	4096	25	1129
1678037747	1057582043	777229	56140301	222847	89	1555010	2880960	0	85945984	17	113	1035026512	0	31414286	4096	25	1152
1678037749	1082940431	795484	57379581	227648	91	1549965	2875912	0	85941376	17	114	1059033578	0	32088084	4096	26	1180
1678037751	1106667455	812614	58731722	232251	93	1545377	2871324	0	85936480	17	114	1081956767	0	32946642	4096	26	1206
1678037753	1131887361	830739	59983273	237039	95	1557669	2883616	0	85949536	17	115	1105515102	0	33653483	4096	26	1233
1678037755	1156617032	848534	61229544	241693	97	1556729	2882676	0	85947744	17	115	1129474204	0	34417282	4096	26	1260
1678037757	1182942096	867419	62527052	246580	99	1560533	2886480	0	85951584	17	114	1153936861	0	35116931	4096	27	1288
1678037759	1206687037	884613	63937669	251302	101	1556333	2882280	0	85947168	17	114	1176638141	0	36019823	4096	27	1314
1678037761	1231287464	902332	65221920	255909	103	1562693	2888640	0	85954080	17	115	1200219256	0	36789656	4096	27	1341
1678037763	1256633629	920586	66527270	260692	105	1554985	2880928	0	85946144	17	114	1224036356	0	37555233	4096	27	1368
1678037765	1282215206	938917	67663188	265288	107	1568468	2889040	0	85954748	17	114	1247501357	0	38194554	4096	27	1395
1678037767	1309674286	958690	69130210	270487	109	1568596	2889168	0	85954236	17	115	1274481057	0	39086541	4096	28	1425
1678037769	1335399163	977249	70523915	275445	111	1566496	2887064	0	85952188	17	113	1298440008	0	39909288	4096	28	1453
1678037771	1360617935	995388	71850785	280095	113	1559296	2879864	0	85945276	17	115	1322721532	0	40719518	4096	28	1480
1678037773	1385337428	1013183	73141526	284705	115	1563668	2884236	0	85949372	17	114	1346074202	0	41485094	4096	28	1507
1678037775	1413410287	1033371	74585814	289911	117	1568448	2886676	0	85952188	17	115	1372362422	0	42361318	4096	29	1536
1678037777	1438754190	1051604	75933340	294750	119	1558184	2876412	0	85942080	17	114	1396885093	0	43177545	4096	29	1564
1678037779	1464099569	1069849	77269341	299549	121	1570396	2888624	0	85953856	17	115	1420923662	0	43977441	4096	29	1592
1678037781	1488203711	1087209	78543939	304035	123	1559468	2877696	0	85942548	17	114	1444161988	0	44756062	4096	29	1618
1678037783	1516031306	1107232	80009590	309183	125	1558176	2876404	0	85941012	17	113	1470104082	0	45640160	4096	30	1648
1678037785	1541224955	1125350	81330212	313834	127	1571209	2883220	0	85948436	17	115	1494039231	0	46447891	4096	30	1675
1678037787	1566350054	1143476	82675897	318649	129	1569725	2881736	0	85947156	17	111	1517979589	0	47258688	4096	30	1702
1678037789	1591188710	1161330	83988213	323321	131	1575209	2887220	0	85951764	17	115	1541426180	0	48043335	4096	30	1729
1678037791	1618770164	1181183	85441036	328445	133	1572629	2884640	0	85949460	17	115	1567849380	0	48948645	4096	30	1759
1678037793	1643994865	1199349	86812886	333224	135	1570581	2882592	0	85947292	17	115	1591785062	0	49770497	4096	31	1786
1678037795	1669581430	1217763	88175328	337983	137	1576138	2887196	0	85951644	17	114	1615953883	0	50609442	4096	31	1813
1678037797	1695542436	1236452	89560968	342869	139	1580886	2891944	0	85956764	17	115	1640125132	0	51440089	4096	31	1841
1678037799	1722753003	1256060	91044419	348010	141	1583850	2894908	0	85959580	17	115	1666529849	0	52359635	4096	31	1871
1678037801	1747849753	1274137	92410896	352761	143	1568486	2879544	0	85943852	17	114	1690356159	0	53199138	4096	32	1898
1678037803	1773818525	1292856	93817921	357657	145	1572254	2883312	0	85948460	17	113	1714996508	0	54057644	4096	32	1926
1678037805	1798662590	1310706	95100989	362223	147	1570118	2881176	0	85945644	17	112	1737963052	0	54812720	4096	32	1952
1678037807	1824999324	1329661	96516727	367120	149	1578214	2889272	0	85954348	17	115	1763575768	0	55730571	4096	32	1981
1678037809	1850217724	1347841	97932365	371902	151	1569162	2880220	0	85944620	17	112	1787275386	0	56581604	4096	32	2009
1678037811	1875559105	1366094	99313542	376629	153	1572518	2883576	0	85948204	17	115	1811212871	0	57433864	4096	33	2036
1678037813	1900291751	1383953	100678292	381373	155	1570314	2881372	0	85945524	17	114	1835022901	0	58272670	4096	33	2063
1678037815	1928241942	1404055	102199905	386658	157	1582610	2893668	0	85958324	17	115	1861433273	0	59208405	4096	33	2093
1678037817	1953950641	1422567	103621645	391539	159	1573850	2884908	0	85949364	17	113	1886074384	0	60096116	4096	33	2121
1678037819	1978678721	1440401	104990123	396205	161	1575274	2886332	0	85950900	17	114	1909581058	0	60936501	4096	34	2147
1678037821	2005432479	1459694	106480009	401250	163	1572710	2883764	0	85947572	17	115	1934536737	0	61857539	4096	34	2176
1678037823	2031040825	1478136	107877565	406084	165	1581609	2892640	0	85957812	17	114	1958939417	0	62726102	4096	34	2203
1678037825	2051973807	1493266	109099074	410148	167	1576421	2887428	0	85951412	17	115	1978747725	0	63446716	4096	34	2226
1678037827	2076818853	1511120	110405571	414728	169	1586108	2896600	0	85961396	17	115	2002328282	0	64290804	4096	34	2253
1678037829	2103912041	1530680	111946887	419938	171	1586420	2896912	0	85960884	17	115	2028385566	0	65258681	4096	35	2282
1678037831	2129494334	1549086	113344401	424812	173	1586944	2897436	0	85961652	17	115	2052319742	0	66110459	4096	35	2310
1678037833	2155217339	1567622	114780783	429741	175	1583448	2893940	0	85958324	17	115	2076923588	0	66997103	4096	35	2337
1678037835	2180678814	1585950	116199641	434542	177	1582688	2893180	0	85957220	17	113	2100716498	0	67868729	4096	35	2365
1678037837	2206906641	1604952	117826600	439789	179	1590096	2895716	0	85960036	17	115	2126127837	0	68923108	4096	36	2394
1678037839	2232610526	1623445	119244728	444532	181	1590616	2896236	0	85960804	17	115	2150072078	0	69812837	4096	36	2421
1678037841	2256724283	1640903	120694538	449202	183	1588264	2893884	0	85958244	17	114	2172834075	0	70727650	4096	36	2447
1678037843	2281446161	1658740	122100549	453922	185	1589448	2895068	0	85959524	17	113	2196876848	0	71625064	4096	36	2474
1678037845	2308907086	1678564	123685074	459271	187	1590800	2896420	0	85961316	17	114	2222583761	0	72601309	4096	36	2504
1678037847	2334248613	1696837	125129757	464135	189	1597635	2900096	0	85964644	17	114	2246633606	0	73515982	4096	37	2531
1678037849	2359222394	1714845	126554267	468925	191	1593831	2896292	0	85960804	17	114	2270333103	0	74401006	4096	37	2558
1678037851	2385305015	1733623	128013301	473867	193	1592443	2894904	0	85959524	17	114	2295088108	0	75318749	4096	37	2585
1678037853	2413263482	1753796	129618748	479214	195	1592339	2894800	0	85959268	17	114	2321735664	0	76319480	4096	37	2615
1678037855	2437863275	1771586	131095576	484042	197	1596107	2898568	0	85963108	17	114	2345084254	0	77269125	4096	37	2642
1678037857	2463336204	1789950	132538133	488900	199	1601834	2897920	0	85962084	17	114	2369363395	0	78168750	4096	38	2670
1678037859	2489544641	1808844	134037099	493930	201	1607254	2903340	0	85968228	17	115	2393664327	0	79109325	4096	38	2697
1678037861	2517004108	1828665	135620851	499122	203	1603978	2900064	0	85964644	17	115	2420417924	0	80120983	4096	38	2727
1678037863	2542226056	1846855	137069976	503946	205	1604550	2900636	0	85965412	17	114	2444129637	0	81032441	4096	38	2754
1678037865	2568191545	1865585	138555749	508922	207	1597682	2893768	0	85958500	17	115	2468647226	0	81971837	4096	38	2781
1678037867	2593166412	1883618	139999773	513653	209	1598498	2894584	0	85959780	17	114	2492465100	0	82889258	4096	39	2808
1678037869	2621243726	1903874	141618844	518966	211	1602394	2898480	0	85963108	17	115	2518870145	0	83903018	4096	39	2838
1678037871	2647080475	1922487	143087064	523811	213	1598466	2894552	0	85958756	17	112	2543283703	0	84840953	4096	39	2865
1678037873	2672432877	1940810	144591816	528701	215	1603538	2899624	0	85964132	17	114	2567452405	0	85795289	4096	39	2893
1678037875	2698022346	1959271	146075359	533568	217	1607338	2903424	0	85967972	17	112	2591739928	0	86743058	4096	39	2920
1678037877	2726226126	1979641	147701506	538902	219	1595090	2891176	0	85955684	17	115	2618857286	0	87786339	4096	40	2949
1678037879	2751568227	1997896	149175722	543705	221	1603250	2899336	0	85963620	17	114	2642679986	0	88722081	4096	40	2977
1678037881	2775672547	2015300	150601280	548233	223	1606918	2903004	0	85967368	17	115	2665671289	0	89643895	4096	40	3003
1678037883	2801390630	2033865	152116410	553214	225	1599822	2895908	0	85960200	17	115	2689953717	0	90600523	4096	40	3030
1678037885	2815117067	2045739	153332848	559968	227	425152	3526248	0	81220824	17	19	2701158200	0	91162450	4096	41	3044
1678037887	3002774101	2171187	154312580	568215	229	1523176	4419312	0	87274684	17	115	2913118600	0	91871367	4096	42	3067
1678037889	3245849636	2333039	155362878	577186	231	2693328	4575752	0	87406808	17	115	3126398275	0	92799306	4096	43	3093
1678037891	3508074693	2507679	156591308	587480	233	3124343	5000128	0	87833032	17	115	3378989143	0	93694472	4096	43	3120
1678037893	3744269232	2664906	157700385	596664	235	3128686	5003000	0	87835336	17	115	3601425588	0	94627748	4096	43	3148
1678037895	3967502715	2813452	158697187	604771	237	3219549	5091300	0	87923452	17	115	3821980659	0	95430362	4096	44	3173
1678037897	4213126795	2976723	159716179	613256	239	3253536	5124980	0	87956676	17	114	4035458684	0	96365454	4096	44	3198
1678037899	4466225983	3145089	160871579	622865	241	3281967	5152924	0	87983732	17	115	4288480867	0	97262504	4096	44	3227
1678037901	4732085537	3321912	162131999	633697	243	3377862	5248692	0	88080200	17	115	4530529065	0	98206164	4096	45	3255
1678037903	4973752135	3482638	163219108	642787	245	3379595	5250336	0	88081684	17	115	4761830967	0	99064633	4096	45	3281
1678037905	5202108667	3634546	164253486	651217	247	3404180	5272360	0	88103412	17	114	4982583943	0	99939105	4096	46	3308
1678037907	5455724503	3803132	165405531	661005	249	3455819	5323600	0	88155368	17	115	5227537031	0	100864439	4096	46	3334
1678037909	5689092095	3958358	166512565	670174	251	3434618	5302028	0	88133548	17	115	5447567584	0	101728774	4096	46	3362
1678037911	5945143361	4128505	167599264	679046	253	3501072	5368252	0	88199880	17	114	5686422108	0	102683422	4096	46	3388
1678037913	6198114143	4296568	168602271	687266	255	3537360	5404404	0	88235812	17	115	5924431559	0	103567822	4096	47	3415
1678037915	6434806894	4453954	169610303	695370	257	3571523	5436656	0	88267696	17	115	6137838393	0	104462238	4096	47	3442
1678037917	6683933986	4619517	170716343	704750	259	3612030	5477008	0	88308932	17	114	6387725048	0	105313097	4096	47	3469
1678037919	6924954215	4779740	171783741	713536	261	3566805	5431500	0	88264448	17	115	6613638584	0	106202028	4096	48	3496
1678037921	7149686715	4929075	172756236	721515	263	3649380	5513960	0	88345796	17	115	6827681909	0	107015054	4096	48	3520
1678037923	7401231835	5096157	173766792	729942	265	3676746	5541272	0	88373104	17	115	7058463753	0	107910475	4096	48	3547
1678037925	7640471087	5255151	174818044	738551	267	3693420	5556352	0	88387760	17	115	7295236979	0	108788971	4096	49	3574
1678037927	7896962845	5425505	175897051	747517	269	3748901	5610684	0	88442784	17	115	7525104728	0	109726468	4096	49	3601
1678037929	8143756084	5589440	176988131	756707	271	3765511	5626944	0	88459056	17	115	7763226071	0	110600160	4096	49	3628
1678037931	8388295050	5751900	178012466	765006	273	3815142	5676464	0	88507168	17	112	7999974980	0	111508825	4096	50	3656
1678037933	8644554454	5922189	179109550	774114	275	3841239	5702404	0	88533108	17	114	8244383730	0	112406072	4096	50	3683
1678037935	8898824385	6091094	180186324	783124	277	3858257	5717984	0	88546804	17	115	8485399616	0	113292348	4096	50	3710
1678037937	9144473852	6254187	181175490	791227	279	3908780	5768028	0	88595812	17	115	8707871223	0	114212607	4096	50	3737
1678037939	9379210166	6410074	182124205	798849	281	3908728	5766204	0	88591632	17	114	8940874291	0	115032660	4096	51	3763
1678037941	9624030141	6572697	183121983	807106	283	3948724	5806056	0	88627656	17	115	9159774232	0	115881269	4096	51	3789
1678037943	9867552428	6734422	184166940	815789	285	4001835	5859080	0	88680840	17	115	9402991583	0	116755012	4096	51	3816
1678037945	10129370225	6908173	185152556	823899	287	4029759	5885804	0	88705500	17	115	9632310461	0	117733592	4096	52	3844
1678037947	10344393114	7051044	186055691	831352	289	4064945	5919656	0	88739200	17	115	9839028399	0	118517758	4096	52	3868
1678037949	10599925309	7220740	187091158	839816	291	4087496	5937972	0	88755668	17	114	10087962228	0	119413245	4096	52	3896
1678037951	10844120530	7382930	188095387	848025	293	4109522	5959844	0	88775924	17	115	10316553736	0	120307145	4096	52	3923
1678037953	11077170472	7537784	189101070	856191	295	4153341	6003368	0	88817140	17	114	10544343474	0	121187326	4096	53	3950
1678037955	11314828226	7695611	190053898	863935	297	4154896	6003392	0	88815100	17	113	10764583530	0	122016629	4096	53	3977
1678037957	11558877134	7857667	191014520	871562	299	4203175	6050412	0	88860200	17	115	10995339926	0	122954440	4096	53	4005
1678037959	11807771305	8022953	192061135	880585	301	4217310	6064220	0	88870952	17	113	11230558117	0	123828008	4096	54	4031
1678037961	12038839840	8176440	193043623	888517	303	4240096	6086788	0	88891760	17	115	11452803826	0	124710467	4096	54	4058
1678037963	12282084930	8337891	194005310	896533	305	4265488	6112016	0	88913116	17	114	11682560667	0	125555820	4096	54	4084
1678037965	12528851096	8501735	195003418	904905	307	4275258	6121352	0	88921252	17	114	11904766910	0	126464555	4096	54	4111
1678037967	12774833833	8665111	196024984	913163	309	4319698	6165372	0	88965064	17	115	12150795606	0	127323529	4096	55	4138
1678037969	13028021329	8833212	197046201	921704	311	4361960	6206912	0	89004308	17	114	12379688186	0	128223807	4096	55	4165
1678037971	13267429749	8992099	198009243	929651	313	4351338	6195972	0	88993320	17	115	12612184505	0	129052869	4096	55	4191
1678037973	13501990601	9147768	198930391	936941	315	4421633	6266116	0	89064560	17	115	12842902355	0	129913565	4096	56	4217
1678037975	13741400992	9306638	199835851	944238	317	4446212	6289432	0	89087316	17	115	13059619919	0	130765472	4096	56	4243
1678037977	13968096085	9457120	200730649	951265	319	4496240	6337968	0	89134760	17	115	13270430793	0	131590645	4096	56	4268
1678037979	14189231018	9603839	201569039	958417	321	4482912	6324268	0	89120268	17	115	13477196022	0	132367025	4096	56	4291
1678037981	14422033399	9758432	202510939	965920	323	4504387	6345524	0	89140504	17	115	13713685284	0	133195285	4096	57	4317
1678037983	14666140079	9920409	203399523	973066	325	4547062	6388052	0	89182872	17	115	13933551007	0	134058099	4096	57	4343
1678037985	14905569042	10079364	204349337	980781	327	4535930	6376716	0	89171432	17	115	14160639710	0	134909094	4096	57	4369
1678037987	15166273390	10252345	205363746	989130	329	4597811	6438104	0	89232196	17	114	14406422027	0	135831169	4096	58	4397
1678037989	15410457513	10414470	206338068	996890	331	4592104	6431616	0	89225916	17	115	14642365687	0	136727703	4096	58	4424
1678037991	15629703743	10560002	207187735	1003691	333	4597330	6436180	0	89229600	17	115	14856138022	0	137489522	4096	58	4449
1678037993	15885750737	10729924	208168685	1011778	335	4646520	6485256	0	89278860	17	113	15089181671	0	138427114	4096	59	4476
1678037995	16102259362	10873637	209021699	1018608	337	4678661	6516776	0	89309692	17	113	15298347195	0	139151593	4096	59	4500
1678037997	16323160370	11020240	209866023	1025720	339	4728509	6565616	0	89358336	17	113	15493379649	0	139954519	4096	59	4523
1678037999	16528867535	11156747	210645756	1031876	341	4723135	6559436	0	89353740	17	111	15700571189	0	140662205	4096	59	4545
1678038001	16739209467	11296247	211381985	1037788	343	4726447	6562304	0	89353692	17	115	15894746286	0	141380943	4096	60	4568
1678038003	16982207412	11457526	212325919	1045540	345	4771255	6606976	0	89398768	17	115	16115918186	0	142260862	4096	60	4594
1678038005	17192636104	11597228	213181435	1052345	347	4799067	6634548	0	89425208	17	115	16329458997	0	143008586	4096	60	4618
1678038007	17440355412	11761553	214068423	1059619	349	4816326	6651392	0	89440648	17	114	16558488274	0	143895451	4096	60	4644
1678038009	17664505620	11910377	214941785	1066620	351	4845418	6679700	0	89467988	17	115	16772908817	0	144736922	4096	61	4671
1678038011	17918955342	12079255	215915899	1074381	353	4877157	6708640	0	89496232	17	115	17011124225	0	145663181	4096	61	4699
1678038013	18133000196	12221361	216766202	1081227	355	4896162	6727212	0	89514344	17	114	17221195916	0	146433373	4096	61	4723
1678038015	18380023626	12385283	217646410	1088388	357	4935359	6766044	0	89552396	17	115	17441793173	0	147347894	4096	62	4750
1678038017	18599138493	12530693	218486963	1094934	359	4960706	6790752	0	89576896	17	115	17655549262	0	148139605	4096	62	4775
1678038019	18831132342	12684630	219366365	1101845	361	4990115	6818816	0	89603264	17	115	17879825745	0	148978374	4096	62	4801
1678038021	19077955021	12848485	220360634	1110124	363	5018470	6840772	0	89623744	17	115	18108924451	0	149865665	4096	62	4829
1678038023	19321772482	13010256	221260897	1117332	365	5035903	6858080	0	89640228	17	113	18346380389	0	150730199	4096	63	4855
1678038025	19571315325	13175769	222124864	1124432	367	5081634	6903544	0	89684492	17	114	18571661085	0	151552648	4096	63	4881
1678038027	19815339335	13337711	223024070	1131529	369	5097224	6918936	0	89697708	17	114	18817202839	0	152413142	4096	63	4908
1678038029	20049180873	13492979	223956143	1139295	371	5142552	6963944	0	89743068	17	114	19030261414	0	153258945	4096	64	4933
1678038031	20290807080	13653330	224857718	1146437	373	5171061	6991384	0	89769708	17	114	19255279954	0	154134195	4096	64	4961
1678038033	20535039995	13815385	225809032	1154277	375	5189019	7009212	0	89784948	17	114	19492594040	0	155017686	4096	64	4988
1678038035	20776522348	13975603	226672581	1161170	377	5233069	7053212	0	89828212	17	114	19709477297	0	155849679	4096	64	5014
1678038037	21003007675	14125916	227501067	1167789	379	5242768	7062844	0	89837220	17	113	19924386280	0	156669104	4096	65	5039
1678038039	21233949318	14279169	228354619	1174514	381	5288913	7108948	0	89881284	17	115	20144399939	0	157509408	4096	65	5065
1678038041	21471983949	14437045	229170214	1181149	383	5297556	7117572	0	89888512	17	114	20364889151	0	158290951	4096	65	5090
1678038043	21697931001	14586951	230044530	1188229	385	5305426	7125412	0	89894724	17	115	20588882628	0	159117715	4096	65	5116
1678038045	21945672585	14751298	230931005	1195298	387	5322060	7142024	0	89909580	17	115	20826254182	0	160007305	4096	66	5142
1678038047	22168006764	14898877	231848359	1203003	389	5363246	7183176	0	89950408	17	115	21029585116	0	160787698	4096	66	5167
1678038049	22411220291	15060238	232733167	1210035	391	5389623	7209536	0	89974572	17	115	21266420925	0	161618113	4096	66	5194
1678038051	22666317850	15229475	233617366	1217225	393	5413834	7233728	0	89996592	17	115	21502459912	0	162564397	4096	66	5221
1678038053	22919943338	15397746	234605859	1225277	395	5465720	7285592	0	90048684	17	115	21744290023	0	163452052	4096	67	5250
1678038055	23170808748	15564212	235545042	1232831	397	5459823	7279644	0	90041860	17	115	21979984894	0	164368740	4096	67	5278
1678038057	23421409195	15730496	236452011	1240151	399	5504070	7323864	0	90085896	17	115	22220434881	0	165249722	4096	67	5305
1678038059	23646862737	15880063	237243677	1246525	401	5540035	7359788	0	90121396	17	115	22431748371	0	166031221	4096	68	5330
1678038061	23884099777	16037545	238133234	1253471	403	5540832	7360560	0	90121908	17	115	22662362896	0	166900729	4096	68	5358
1678038063	24105432893	16184548	239050977	1260940	405	5554755	7374448	0	90135508	17	113	22864949835	0	167746267	4096	68	5384
1678038065	24334098183	16336376	239938599	1267914	407	5583666	7403316	0	90163412	17	114	23086154122	0	168686366	4096	68	5412
1678038067	24570002627	16492933	240826132	1274947	409	5604184	7423772	0	90183104	17	115	23304537309	0	169601154	4096	69	5441
1678038069	24794615339	16642053	241693266	1281592	411	5634382	7453948	0	90214080	17	115	23516800220	0	170455740	4096	69	5468
1678038071	25010578231	16785398	242469952	1287706	413	5662825	7482368	0	90241984	17	114	23720870475	0	171297952	4096	69	5494
1678038073	25240370316	16937963	243375367	1294895	415	5677719	7497236	0	90254784	17	115	23940620431	0	172205128	4096	70	5522
1678038075	25476194420	17094501	244302031	1302292	417	5719886	7539384	0	90296352	17	115	24163409620	0	173086621	4096	70	5550
1678038077	25712147788	17251107	245213155	1309572	419	5735271	7554744	0	90310812	17	114	24386208572	0	173998362	4096	70	5578
1678038079	25940898548	17402984	246146234	1317075	421	5777018	7596472	0	90351608	17	115	24602085855	0	174889937	4096	70	5606
1678038081	26179129220	17561125	247062616	1324340	423	5801709	7621148	0	90375160	17	115	24830805883	0	175813408	4096	71	5635
1678038083	26387775018	17699620	247851589	1330553	425	5816751	7636168	0	90390776	17	115	25020901133	0	176599382	4096	71	5659
1678038085	26629355269	17859944	248790066	1338133	427	5854839	7674224	0	90427796	17	115	25252745327	0	177493172	4096	71	5687
1678038087	26871414773	18020521	249628578	1344824	429	5856986	7676336	0	90429076	17	115	25480475295	0	178365580	4096	72	5715
1678038089	27111831516	18180115	250587058	1352602	431	5899525	7718860	0	90470900	17	115	25717945330	0	179246003	4096	72	5743
1678038091	27369453980	18351026	251495072	1359951	433	5927972	7747292	0	90498036	17	115	25941854965	0	180219265	4096	72	5771
1678038093	27603144157	18506126	252320600	1366305	435	5975999	7795300	0	90545372	17	115	26181696262	0	181065460	4096	73	5798
1678038095	27826938296	18654564	253104474	1372530	437	5985718	7805008	0	90554836	17	114	26387287573	0	181870092	4096	73	5823
1678038097	28072331837	18817399	254063159	1380414	439	6018301	7837572	0	90585136	17	115	26618849124	0	182719147	4096	73	5851
1678038099	28308006248	18973781	254969590	1387800	441	6057124	7876380	0	90622940	17	115	26843990573	0	183596125	4096	73	5878
1678038101	28552295303	19135864	255812255	1394389	443	6087024	7906252	0	90651100	17	114	27073397318	0	184530430	4096	74	5906
1678038103	28790823346	19294168	256698063	1401317	445	6113029	7930192	0	90674204	17	115	27303996373	0	185373021	4096	74	5934
1678038105	29027671838	19451368	257594972	1408627	447	6134098	7951232	0	90692252	17	115	27523826520	0	186280360	4096	74	5961
1678038107	29236777965	19590098	258357004	1414757	449	6143225	7960344	0	90700900	17	115	27723723135	0	187001556	4096	75	5984
1678038109	29483831450	19753970	259208016	1421582	451	6197288	8014392	0	90755336	17	115	27950932006	0	187868604	4096	75	6011
1678038111	29725558192	19914349	260065279	1428397	453	6168083	7985164	0	90724132	17	114	28187489347	0	188745884	4096	75	6038
1678038113	29971356262	20077420	260961751	1435581	455	6224148	8038368	0	90777492	17	115	28407731156	0	189624605	4096	75	6066
1678038115	30221999042	20243732	261880394	1443123	457	6253579	8067784	0	90805976	17	115	28653696273	0	190473443	4096	76	6093
1678038117	30444024776	20391028	262641939	1449153	459	6285422	8099612	0	90836484	17	115	28861676104	0	191284358	4096	76	6119
1678038119	30692809301	20556114	263538883	1456233	461	6314535	8128700	0	90866944	17	115	29102038410	0	192183407	4096	76	6146
1678038121	30952133137	20728167	264460479	1463787	463	6304743	8118864	0	90855492	17	115	29345487494	0	193086751	4096	77	6175
1678038123	31201313139	20893499	265380807	1471155	465	6346738	8154684	0	90888544	17	113	29587192335	0	193949301	4096	77	6203
1678038125	31458716852	21064280	266285582	1478393	467	6359393	8167324	0	90900708	17	115	29822154610	0	194885605	4096	77	6231
1678038127	31659909123	21197771	266979476	1483951	469	6370364	8178280	0	90910676	17	115	29996041236	0	195603458	4096	78	6253
1678038129	31903273649	21359258	267860475	1491123	471	6440464	8248368	0	90979712	17	115	30253143927	0	196439469	4096	78	6280
1678038131	32165823559	21533405	268827391	1499320	473	6473103	8280980	0	91012036	17	115	30487381895	0	197358232	4096	78	6309
1678038133	32402971303	21690744	269676540	1506046	475	6512772	8318300	0	91048420	17	114	30709952076	0	198176933	4096	78	6334
1678038135	32632411861	21842939	270473162	1512383	477	6491483	8296980	0	91024860	17	114	30939244337	0	198983223	4096	79	6361
1678038137	32875665745	22004302	271324515	1519273	479	6554922	8360400	0	91088636	17	114	31158721206	0	199820861	4096	79	6387
1678038139	33093747580	22149001	272100329	1525503	481	6569345	8374812	0	91103016	17	115	31378683431	0	200590874	4096	79	6411
1678038141	33362949406	22327564	273058533	1533406	483	6622172	8427616	0	91153368	17	115	31619817082	0	201485714	4096	80	6440
1678038143	33622486816	22499725	273947933	1540486	485	6689658	8491620	0	91215824	17	115	31873374456	0	202424018	4096	80	6469
1678038145	33878031562	22669207	274805192	1547362	487	6684682	8486612	0	91208684	17	113	32114999982	0	203271797	4096	80	6496
1678038147	34104819139	22819668	275678855	1554758	489	6745773	8547672	0	91269780	17	115	32325932385	0	204065709	4096	80	6521
1678038149	34356566322	22986678	276613810	1562360	491	6714418	8516280	0	91238016	17	115	32564059327	0	204963428	4096	81	6549
1678038151	34592150077	23142981	277427244	1568862	493	6764747	8566580	0	91287356	17	114	32782994845	0	205815256	4096	81	6576
1678038153	34821176007	23294961	278238250	1575257	495	6816600	8616812	0	91335372	17	115	33002404700	0	206599716	4096	81	6601
1678038155	35060427543	23453658	279070458	1581993	497	6777142	8577328	0	91294052	17	115	33225012797	0	207435517	4096	82	6627
1678038157	35287672329	23604389	279870397	1588599	499	6826411	8626568	0	91345964	17	115	33447144587	0	208225802	4096	82	6652
1678038159	35546564249	23776140	280789391	1595943	501	6871174	8671312	0	91387688	17	115	33689848968	0	209122175	4096	82	6681
1678038161	35806078075	23948262	281689434	1603273	503	6909997	8710112	0	91427816	17	115	33940540945	0	210011365	4096	82	6709
1678038163	36077063647	24127976	282579068	1610525	505	6948832	8748932	0	91466900	17	115	34191822571	0	210902168	4096	83	6737
1678038165	36304493586	24278849	283402178	1617235	507	6961032	8761112	0	91478636	17	115	34406010627	0	211689328	4096	83	6762
1678038167	36544269061	24437921	284221042	1623720	509	6966795	8766836	0	91482376	17	114	34636794093	0	212512229	4096	83	6788
1678038169	36805778161	24611367	285099644	1630799	511	7010781	8810780	0	91526328	17	115	34882599097	0	213436213	4096	84	6817
1678038171	37052196062	24774833	285925796	1637274	513	7036513	8836480	0	91548928	17	115	35128782341	0	214271180	4096	84	6845
1678038173	37300245386	24939346	286815564	1644777	515	7083168	8883100	0	91597240	17	115	35347892399	0	215146009	4096	84	6870
1678038175	37564896188	25114828	287702020	1652004	517	7056908	8856800	0	91569372	17	115	35600239242	0	216010756	4096	85	6899
1678038177	37820087861	25284117	288576465	1659049	519	7116626	8916492	0	91628384	17	114	35838856973	0	216867878	4096	85	6926
1678038179	38071240613	25450711	289424822	1665792	521	7112964	8912780	0	91622556	17	114	36091457311	0	217740991	4096	85	6954
1678038181	38326697160	25620137	290242789	1672391	523	7162980	8962764	0	91672264	17	115	36313138899	0	218601604	4096	85	6981
1678038183	38556164431	25772343	291062509	1679181	525	7201995	9001760	0	91709356	17	115	36533706580	0	219378643	4096	86	7005
1678038185	38812963298	25942673	291947995	1686382	527	7211022	9010772	0	91716888	17	115	36788101764	0	220227488	4096	86	7033
1678038187	39058578750	26105569	292770096	1693029	529	7232904	9032608	0	91738100	17	115	37011290283	0	221066939	4096	86	7059
1678038189	39307761261	26270821	293602316	1699796	531	7172819	8972508	0	91677496	17	115	37239601372	0	221927133	4096	87	7086
1678038191	39524778064	26414787	294374454	1706058	533	7279538	9079216	0	91784324	17	114	37448783193	0	222633770	4096	87	7109
1678038193	39750289729	26564423	295163331	1712267	535	7313985	9113648	0	91817408	17	115	37664585794	0	223467406	4096	87	7135
1678038195	39988008735	26722123	295959545	1718600	537	7360092	9159740	0	91863452	17	115	37897887222	0	224239306	4096	88	7160
1678038197	40266752883	26906929	296823845	1725620	539	7402319	9201952	0	91904192	17	115	38153410401	0	225169052	4096	88	7189
1678038199	40503670239	27064050	297634489	1732208	541	7453842	9253452	0	91953964	17	115	38379784470	0	225961976	4096	88	7215
1678038201	40763862894	27236606	298525919	1739543	543	7464393	9263988	0	91962736	17	114	38618445910	0	226837226	4096	88	7241
1678038203	41002378742	27394814	299332266	1745973	545	7495088	9294668	0	91993372	17	112	38844760491	0	227583003	4096	89	7266
1678038205	41235934070	27549740	300128653	1752414	547	7496712	9296276	0	91991372	17	115	39089609976	0	228366272	4096	89	7292
1678038207	41481853600	27712785	300900933	1758698	549	7509027	9308576	0	92005080	17	115	39308067556	0	229159435	4096	89	7317
1678038209	41752072769	27892017	301803069	1766243	551	7531826	9331356	0	92026356	17	115	39553730618	0	230099047	4096	90	7345
1678038211	42014841911	28066269	302699115	1773480	553	7607533	9407048	0	92101844	17	115	39810352370	0	230953029	4096	90	7373
1678038213	42247627127	28220663	303484097	1779955	555	7655432	9454932	0	92148872	17	115	40039184495	0	231706230	4096	90	7398
1678038215	42519314094	28400849	304378034	1787159	557	7690071	9489556	0	92182468	17	115	40285917838	0	232655605	4096	91	7427
1678038217	42774655472	28570249	305292334	1794710	559	7711814	9511280	0	92202456	17	115	40532137580	0	233446232	4096	91	7454
1678038219	43029852366	28739474	306130210	1801703	561	7762685	9562136	0	92252808	17	115	40766440246	0	234292642	4096	91	7480
1678038221	43276228097	28902843	306962997	1808562	563	7762492	9561916	0	92252404	17	115	41001810398	0	235094179	4096	91	7506
1678038223	43550524965	29084752	307854065	1815742	565	7827631	9627036	0	92317220	17	114	41267995450	0	235984923	4096	92	7535
1678038225	43823445387	29265761	308753164	1823167	567	7851029	9648840	0	92337544	17	114	41524142136	0	236873836	4096	92	7563
1678038227	44062311426	29424156	309563910	1829820	569	7842372	9640168	0	92326944	17	113	41748689912	0	237656858	4096	92	7588
1678038229	44319150952	29594486	310383422	1836510	571	7884395	9682180	0	92368408	17	115	41985161094	0	238503827	4096	93	7615
1678038231	44564302232	29757118	311217816	1843215	573	7859929	9657692	0	92343180	17	115	42210255388	0	239344022	4096	93	7641
1678038233	44753910380	29883012	311933236	1848769	575	7908904	9706656	0	92391116	17	115	42400718434	0	240100526	4096	93	7666
1678038235	44992027664	30041045	312829204	1856099	577	7958663	9751364	0	92435740	17	115	42623746916	0	240967058	4096	93	7694
1678038237	45230043314	30199010	313720178	1863194	579	7972234	9764920	0	92448284	17	115	42853597330	0	241886382	4096	94	7722
1678038239	45458341436	30350481	314516746	1869523	581	8001429	9794100	0	92476876	17	114	43067749175	0	242714715	4096	94	7749
1678038241	45659735517	30484181	315241933	1875166	583	8035859	9828512	0	92511604	17	115	43258224422	0	243470682	4096	94	7774
1678038243	45904755669	30646786	316143714	1882522	585	8061827	9854448	0	92536436	17	115	43483258446	0	244402994	4096	95	7803
1678038245	46136200247	30800415	316963176	1888929	587	8082900	9872872	0	92552428	17	115	43704569426	0	245299527	4096	95	7831
1678038247	46336811128	30933579	317708488	1894731	589	8119003	9908960	0	92588524	17	115	43905546333	0	246063820	4096	95	7856
1678038249	46565636596	31085423	318509646	1901083	591	8138037	9927960	0	92607596	17	114	44110769992	0	246990026	4096	95	7884
1678038251	46804698051	31244096	319438950	1908710	593	8174201	9964096	0	92641900	17	115	44341552402	0	247841002	4096	96	7913
1678038253	47030143543	31393666	320220020	1914882	595	8186599	9976460	0	92653932	17	115	44553739447	0	248649408	4096	96	7939
1678038255	47260798027	31546762	321030578	1921394	597	8203385	9993216	0	92670060	17	114	44763477123	0	249496313	4096	96	7966
1678038257	47485219666	31695737	321869520	1927807	599	8244815	10034628	0	92711788	17	115	44989439881	0	250388517	4096	97	7995
1678038259	47696710615	31836122	322654019	1934122	601	8255251	10045040	0	92720492	17	115	45183780556	0	251185228	4096	97	8021
1678038261	47939157634	31996991	323515300	1940985	603	8309674	10099312	0	92773228	17	115	45406565724	0	252105895	4096	97	8049
1678038263	48175343880	32153735	324342072	1947545	605	8311203	10100820	0	92773740	17	115	45644697701	0	252981295	4096	97	8078
1678038265	48395986555	32300138	325092965	1953333	607	8343354	10132956	0	92805536	17	114	45840856884	0	253821067	4096	98	8105
1678038267	48630731057	32455911	325947759	1960127	609	8371113	10160696	0	92832692	17	114	46069164875	0	254704430	4096	98	8133
1678038269	48857341257	32606307	326764423	1966657	611	8396568	10186136	0	92858800	17	114	46285276502	0	255573506	4096	98	8160
1678038271	49204323192	32836083	327690813	1974852	613	8660759	10450100	0	93089548	17	115	46627993288	0	256337521	4096	99	8186
1678038273	49565879822	33075529	328678682	1983559	615	8740721	10529936	0	93166000	17	115	46962793404	0	257209928	4096	99	8213
1678038275	49957179786	33334667	329728041	1992868	617	8875013	10664108	0	93298036	17	115	47331036612	0	258107766	4096	100	8241
1678038277	50299061821	33561072	330716003	2001718	619	8869422	10658416	0	93291504	17	115	47664521751	0	258868948	4096	100	8266
1678038279	50687549080	33818415	331740019	2010764	621	8957765	10746676	0	93380272	17	114	48007852908	0	259785864	4096	100	8294
1678038281	51047218193	34056541	332778336	2020090	623	8833963	10622808	0	93253316	17	115	48364134066	0	260633055	4096	101	8320
1678038283	51391313595	34284450	333747021	2028770	625	8998487	10787276	0	93418288	17	115	48676160439	0	261429613	4096	101	8345
1678038285	51739630496	34515216	334768023	2037683	627	8923860	10712568	0	93340136	17	115	49024273477	0	262291425	4096	101	8373
1678038287	52104929214	34757141	335809005	2046874	629	8953252	10741868	0	93370980	17	115	49371884998	0	263170507	4096	102	8400
1678038289	52413359718	34961424	336708213	2054903	631	8959598	10748136	0	93373796	17	115	49662510661	0	263945762	4096	102	8424
1678038291	52777906350	35202891	337760869	2064304	633	9073131	10861588	0	93484344	17	115	50010251382	0	264822166	4096	102	8451
1678038293	53105825810	35420076	338671697	2072400	635	9068009	10856420	0	93476272	17	115	50296716599	0	265630338	4096	103	8475
1678038295	53464845555	35657900	339740381	2081964	637	9128520	10916872	0	93537092	17	115	50647479698	0	266444799	4096	103	8501
1678038297	53832532873	35901407	340785840	2091232	639	9201729	10990024	0	93609892	17	114	51003738664	0	267314044	4096	104	8529
1678038299	54172096213	36126280	341723162	2099627	641	9195858	10984092	0	93601912	17	114	51324808421	0	268126750	4096	104	8554
1678038301	54544347907	36372821	342732932	2108452	643	9216608	11004788	0	93622596	17	115	51682040980	0	268990885	4096	104	8581
1678038303	54936722724	36632648	343795699	2117900	645	9192609	10980748	0	93596360	17	115	52031076631	0	269907192	4096	105	8610
1678038305	55265734594	36850577	344742165	2126284	647	9254417	11042500	0	93656060	17	115	52365654727	0	270699205	4096	105	8634
1678038307	55629737686	37091691	345737829	2134995	649	9197691	10985716	0	93598324	17	114	52694492088	0	271575183	4096	105	8663
1678038309	55939570120	37296959	346645248	2142817	651	9275018	11062992	0	93676504	17	115	53014325957	0	272374161	4096	106	8687
1678038311	56315436324	37545862	347658102	2151744	653	9275468	11063400	0	93674312	17	113	53347870274	0	273276034	4096	106	8714
1678038313	56696369966	37798169	348695360	2161024	655	9359233	11147116	0	93755280	17	115	53696219301	0	274190550	4096	106	8742
1678038315	57024159840	38015305	349612072	2169030	657	9263047	11050864	0	93656608	17	115	54019163536	0	274974085	4096	107	8767
1678038317	57396949876	38262173	350636072	2178135	659	9431576	11219340	0	93826148	17	114	54360957455	0	275877171	4096	107	8795
1678038319	57741286650	38490211	351598002	2186748	661	9337490	11125188	0	93730888	17	115	54686829400	0	276669828	4096	108	8820
1678038321	58104208504	38730635	352592774	2195471	663	9483667	11271304	0	93875992	17	115	55017220195	0	277538356	4096	108	8846
1678038323	58444580563	38956103	353600130	2204308	665	9451149	11238704	0	93841196	17	114	55368954095	0	278373822	4096	108	8874
1678038325	58795816421	39188715	354541583	2212620	667	9558157	11345656	0	93947932	17	114	55697850001	0	279223918	4096	109	8900
1678038327	59149400010	39422902	355486655	2220731	669	9493263	11280684	0	93881008	17	114	56031716071	0	280085254	4096	109	8926
1678038329	59490976046	39649122	356415846	2229029	671	9618007	11405368	0	94004328	17	115	56337811360	0	280922084	4096	109	8951
1678038331	59848445674	39885906	357409269	2237694	673	9516708	11304016	0	93902144	17	115	56685255578	0	281780438	4096	110	8979
1678038333	60209073310	40124759	358407046	2246389	675	9521115	11308356	0	93906632	17	115	57049945810	0	282655511	4096	110	9006
1678038335	60558463992	40356123	359319845	2254427	677	9536695	11323904	0	93922400	17	114	57357025181	0	283492905	4096	110	9032
1678038337	60921069207	40596292	360364037	2263617	679	9623221	11410396	0	94006484	17	115	57717420975	0	284360725	4096	111	9059
1678038339	61271791954	40828567	361302767	2271901	681	9598103	11385236	0	93978708	17	115	58051540488	0	285155146	4096	111	9085
1678038341	61644273733	41075274	362351817	2281283	683	9694577	11481656	0	94075792	17	115	58401631396	0	286043744	4096	112	9113
1678038343	62035222844	41334130	363365165	2290376	685	9607225	11394240	0	93987920	17	115	58747170586	0	286962388	4096	112	9140
1678038345	62366346943	41553423	364289709	2298516	687	9710159	11497140	0	94089272	17	115	59066534780	0	287715097	4096	112	9165
1678038347	62718898877	41786946	365240035	2306794	689	9723880	11510800	0	94102824	17	115	59409408366	0	288565178	4096	113	9191
1678038349	63051563290	42007299	366157083	2315015	691	9714236	11501116	0	94089776	17	115	59699237889	0	289376781	4096	113	9216
1678038351	63402770710	42239949	367189201	2324242	693	9787289	11574112	0	94163196	17	115	60047717656	0	290192116	4096	113	9241
1678038353	63742780265	42465143	368100623	2332096	695	9846370	11633120	0	94221440	17	115	60375086128	0	290991099	4096	114	9267
1678038355	64091391742	42696004	369026155	2340383	697	9883358	11670060	0	94258928	17	115	60693516218	0	291818661	4096	114	9292
1678038357	64446694345	42931359	370058571	2349445	699	9850029	11636680	0	94224896	17	115	61031316860	0	292693195	4096	114	9320
1678038359	64779276446	43151666	370985424	2357497	701	9857388	11643972	0	94231240	17	115	61348620692	0	293546904	4096	115	9346
1678038361	65141583963	43391613	371982846	2366453	703	9856758	11643284	0	94229752	17	115	61690357427	0	294437771	4096	115	9373
1678038363	65488987850	43621672	372907381	2374472	705	9968693	11755180	0	94341992	17	114	62009095854	0	295237177	4096	115	9398
1678038365	65860592258	43867771	373863717	2382758	707	9912302	11698764	0	94285304	17	113	62363332915	0	296104449	4096	116	9426
1678038367	66231311642	44113306	374836994	2391268	709	9980981	11767400	0	94354096	17	115	62722414907	0	296999680	4096	116	9454
1678038369	66571469549	44338587	375782160	2399740	711	9929954	11716340	0	94301812	17	115	63036221962	0	297804005	4096	117	9479
1678038371	66919356083	44569022	376734319	2408090	713	10036806	11823148	0	94409980	17	115	63375898675	0	298601149	4096	117	9505
1678038373	67221761980	44769340	377550432	2415182	715	10042682	11828984	0	94416128	17	115	63647687114	0	299360897	4096	117	9528
1678038375	67502740877	44955656	378438106	2422505	717	10068305	11854580	0	94440984	17	115	63913648061	0	300275654	4096	118	9555
1678038377	67774961853	45136112	379254328	2429243	719	10065190	11851444	0	94437572	17	115	64154463443	0	301176481	4096	118	9582
1678038379	68188969147	45410315	380357621	2438817	721	10238765	12024572	0	94596644	17	115	64610280854	0	301916488	4096	118	9609
1678038381	68774743925	45797908	381749039	2451977	723	10516740	12302452	0	94862324	17	115	65157488908	0	302482096	4096	119	9633
1678038383	69296354000	46143052	382930307	2463196	725	10731216	12516900	0	95076720	17	113	65657293406	0	302933753	4096	119	9654
1678038385	69902187412	46543927	384341264	2476614	727	10766589	12552248	0	95106572	17	115	66208214956	0	303481316	4096	120	9679
1678038387	70466673729	46917419	385684136	2489531	729	10669029	12454652	0	95005744	17	115	66758745781	0	303981874	4096	120	9702
1678038389	71078441570	47322187	387204357	2504101	731	10543380	12327968	0	94885612	17	115	67336175290	0	304547774	4096	121	9727
1678038391	71646559443	47698111	388516116	2516529	733	10551204	12335768	0	94886804	17	115	67868711429	0	305017525	4096	121	9749
1678038393	72231551880	48085185	389922068	2529913	735	10682099	12466648	0	95025368	17	115	68409905473	0	305568274	4096	122	9774
1678038395	72765026173	48438180	391120132	2541188	737	10728102	12512608	0	95064808	17	115	68929605013	0	306071072	4096	122	9796
1678038397	73372344043	48840052	392482966	2553917	739	10785654	12570092	0	95119516	17	114	69497574756	0	306630946	4096	123	9822
1678038399	73906949311	49193785	393672694	2565067	741	10703231	12483780	0	95033880	17	115	70001259983	0	307121375	4096	123	9845
1678038401	74501255405	49587023	395032748	2577840	743	11132858	12913384	0	95459128	17	115	70590521794	0	307659458	4096	124	9870
1678038403	75089374572	49976110	396374243	2590573	745	11000549	12781056	0	95326836	17	115	71117713351	0	308175785	4096	124	9894
1678038405	75699630091	50379858	397766587	2603715	747	10936409	12716896	0	95263868	17	115	71696889291	0	308736982	4096	125	9920
1678038407	76270462905	50757564	399095792	2616387	749	10876700	12657168	0	95206964	17	115	72221364758	0	309236673	4096	125	9943
1678038409	76837718138	51132898	400409633	2628817	751	10992956	12768756	0	95318412	17	115	72753112137	0	309759918	4096	126	9967
1678038411	77358960813	51477842	401597365	2639946	753	11046383	12822168	0	95368792	17	115	73266784870	0	310256603	4096	126	9990
1678038413	77961365077	51876521	402979612	2652871	755	10864934	12640696	0	95186460	17	115	73822924479	0	310807964	4096	127	10015
1678038415	78484781319	52222971	404226157	2664484	757	10853169	12628916	0	95174528	17	114	74326839878	0	311326639	4096	127	10038
1678038417	79051568198	52598171	405599414	2677278	759	10731600	12507332	0	95053296	17	115	74842989394	0	311928778	4096	128	10064
1678038419	79565441384	52938284	406815375	2688427	761	10679419	12454988	0	94999500	17	114	75323083338	0	312458380	4096	128	10087
1678038421	80134122746	53314716	408156559	2700776	763	10713185	12485044	0	95031052	17	114	75872485707	0	313020913	4096	129	10113
1678038423	80633080512	53644984	409347231	2711809	765	10642552	12414396	0	94956608	17	113	76340545534	0	313546346	4096	129	10135
1678038425	81182238756	54008510	410653095	2723898	767	10828851	12600676	0	95144856	17	115	76873503322	0	314119274	4096	130	10160
1678038427	81685144701	54341354	411833285	2734767	769	10760930	12532740	0	95073696	17	115	77335177942	0	314621427	4096	130	10183
1678038429	82263808104	54724346	413120983	2746640	771	10802865	12574660	0	95113136	17	114	77881375689	0	315216487	4096	131	10209
1678038431	82777988180	55064676	414384321	2758504	773	10829387	12598500	0	95136328	17	115	78312099164	0	315718812	4096	131	10229
1678038433	83296816861	55408133	415664190	2770356	775	10754606	12523704	0	95061824	17	115	78855286886	0	316279154	4096	132	10254
1678038435	83804819273	55744386	416861046	2781415	777	10720701	12489780	0	95027268	17	114	79330805974	0	316796775	4096	132	10278
1678038437	84365162468	56115296	418191618	2793602	779	10844412	12613476	0	95149664	17	114	79870992177	0	317371246	4096	133	10303
1678038439	84900827798	56469813	419448572	2805389	781	10945215	12714264	0	95251072	17	115	80365116184	0	317875157	4096	133	10327
1678038441	85461050642	56840621	420844952	2818542	783	10878658	12645332	0	95178976	17	115	80889267486	0	318453746	4096	134	10352
1678038443	86002224215	57198782	422122440	2830501	785	11043201	12809860	0	95342624	17	115	81397113083	0	318986749	4096	134	10375
1678038445	86575477068	57578146	423414555	2842515	787	10937436	12704068	0	95232616	17	114	81957878630	0	319544074	4096	135	10399
1678038447	87120980152	57939137	424691422	2854628	789	10887124	12653740	0	95183608	17	114	82490867550	0	320031937	4096	135	10423
1678038449	87756103551	58359472	426168338	2868489	791	11077207	12843800	0	95371888	17	115	83053408266	0	320610863	4096	136	10448
1678038451	88305477567	58723006	427403889	2880105	793	11101692	12868252	0	95397028	17	115	83582724152	0	321111321	4096	136	10472
1678038453	88905300666	59119982	428769805	2892678	795	11112291	12878836	0	95403672	17	115	84165323746	0	321679487	4096	137	10497
1678038455	89462883034	59488950	429995311	2904321	797	11195393	12961900	0	95484760	17	115	84709954058	0	322218609	4096	137	10521
1678038457	90041360980	59871773	431377016	2917307	799	11104234	12870720	0	95393576	17	115	85226613191	0	322714277	4096	138	10544
1678038459	90549028886	60207756	432562368	2928671	801	11118543	12885012	0	95407264	17	114	85713751124	0	323196352	4096	138	10565
1678038461	91118600442	60584678	433812694	2940334	803	11015442	12781896	0	95299184	17	115	86244342380	0	323722514	4096	139	10589
1678038463	91689140904	60962202	435166830	2953158	805	11230509	12996948	0	95514264	17	115	86794628459	0	324226846	4096	139	10613
1678038465	92292573755	61361567	436655761	2967330	807	11166602	12933020	0	95453316	17	115	87365467848	0	324795005	4096	140	10638
1678038467	92873100659	61745717	437964448	2979675	809	11355309	13121712	0	95638972	17	115	87880832807	0	325302943	4096	140	10661
1678038469	93441576430	62121917	439234350	2991553	811	11234628	13001016	0	95515328	17	114	88442457975	0	325859629	4096	141	10686
1678038471	94069018160	62537145	440646057	3004701	813	11225811	12992180	0	95505048	17	114	89034978155	0	326444170	4096	141	10712
1678038473	94601633275	62889629	441851130	3016086	815	11209367	12975720	0	95484568	17	115	89537505519	0	326933926	4096	142	10735
1678038475	95133281840	63241440	443142295	3028203	817	11219682	12986020	0	95492100	17	115	90012080547	0	327552650	4096	142	10762
1678038477	95507791112	63489290	443974777	3035953	819	11328902	13095232	0	95601756	17	115	90344892827	0	328245337	4096	142	10788
1678038479	95862249811	63723840	444778546	3043116	821	11303357	13069672	0	95574488	17	115	90705144467	0	328899453	4096	143	10814
1678038481	96272496054	63995324	445702602	3051578	823	11291248	13057548	0	95562360	17	115	91090047282	0	329667572	4096	143	10843
1678038483	96637992019	64237211	446633243	3060255	825	11327328	13093616	0	95598316	17	115	91431545895	0	330363538	4096	144	10869
1678038485	97027445216	64494983	447540589	3068476	827	11312855	13079128	0	95583636	17	115	91807550143	0	331114342	4096	144	10898
1678038487	97398891945	64740786	448382279	3076160	829	11303842	13070108	0	95574184	17	115	92142215492	0	331827723	4096	144	10925
1678038489	97766359885	64984017	449280738	3084255	831	11423689	13189936	0	95693528	17	115	92499843149	0	332588511	4096	145	10953
1678038491	98100930806	65205456	450085042	3091474	833	11312705	13078936	0	95582124	17	115	92813240002	0	333265370	4096	145	10978
1678038493	98471697052	65450864	450931896	3099093	835	11347176	13113376	0	95613352	17	115	93174301561	0	333998120	4096	145	11006
1678038495	98827373082	65686283	451771829	3106689	837	11417456	13183644	0	95684604	17	115	93492406550	0	334755351	4096	146	11032
1678038497	99207523084	65937904	452651249	3114443	839	11397183	13163352	0	95662540	17	115	93854713106	0	335512473	4096	146	11061
1678038499	99551897981	66165857	453517275	3122367	841	11436814	13202964	0	95703160	17	115	94196720983	0	336176943	4096	146	11087
1678038501	99960268889	66436100	454452525	3131094	843	11444649	13210780	0	95710412	17	115	94568858402	0	336960840	4096	147	11115
1678038503	100312247269	66669082	455302710	3138681	845	11471997	13238116	0	95736984	17	115	94894539137	0	337653012	4096	147	11142
1678038505	100702273313	66927196	456223618	3147085	847	11495992	13262096	0	95758752	17	115	95307456392	0	338345189	4096	148	11171
1678038507	101093948130	67186342	457095121	3155289	849	11581651	13347744	0	95846956	17	114	95640181772	0	339057424	4096	148	11196
1678038509	101456220104	67426087	457979323	3163575	851	11691678	13457756	0	95953404	17	115	95985622541	0	339703372	4096	148	11222
1678038511	101866192447	67697370	458947562	3172593	853	11625142	13391120	0	95885764	17	115	96382365148	0	340412286	4096	149	11250
1678038513	102255606837	67955056	459819624	3180623	855	11691323	13453088	0	95947036	17	115	96742162868	0	341105619	4096	149	11276
1678038515	102642746977	68211319	460703357	3188778	857	11742999	13504752	0	95998772	17	115	97120674998	0	341780045	4096	149	11304
1678038517	103004846035	68450989	461580823	3197050	859	11726070	13487812	0	95977920	17	115	97446109727	0	342411412	4096	150	11328
1678038519	103385024211	68702592	462419953	3204720	861	11776941	13538668	0	96028568	17	115	97822436663	0	343089067	4096	150	11354
1678038521	103749591730	68943855	463292469	3212998	863	11775677	13537396	0	96026852	17	115	98140580528	0	343718764	4096	150	11379
1678038523	104156049153	69212846	464236550	3221608	865	11721257	13482236	0	95970864	17	114	98550852144	0	344414812	4096	151	11407
1678038525	104543773980	69469371	465037379	3228999	867	11778809	13539772	0	96029196	17	115	98888526636	0	345122033	4096	151	11433
1678038527	104968775739	69750585	466003789	3237951	869	11766817	13527768	0	96017304	17	113	99306940982	0	345836771	4096	152	11462
1678038529	105338446640	69995223	466885532	3246204	871	11763552	13524492	0	96013580	17	115	99649249621	0	346509930	4096	152	11488
1678038531	105721212345	70248505	467740142	3254002	873	11853512	13614436	0	96104000	17	115	100012768960	0	347171113	4096	152	11515
1678038533	106122601890	70514159	468657472	3262515	875	11814699	13575612	0	96064836	17	115	100391988709	0	347905921	4096	153	11543
1678038535	106498164953	70762670	469468869	3269759	877	11877686	13638580	0	96129800	17	115	100750676526	0	348590582	4096	153	11569
1678038537	106921946666	71043072	470389371	3278315	879	11934905	13695788	0	96183828	17	115	101145188412	0	349266659	4096	153	11597
1678038539	107288732565	71285799	471253526	3286464	881	11944305	13705172	0	96191328	17	114	101490193048	0	349930827	4096	154	11622
1678038541	107693473767	71553631	472174334	3294866	883	11950844	13711680	0	96201492	17	115	101891382214	0	350652091	4096	154	11651
1678038543	108025276144	71773234	472899800	3301327	885	11976051	13736872	0	96227236	17	115	102191839265	0	351287628	4096	154	11674
1678038545	108396126839	72018634	473711222	3308897	887	12005050	13765856	0	96254712	17	115	102531296139	0	351887628	4096	155	11699
1678038547	108786881149	72277201	474558436	3316723	889	11982259	13743036	0	96228096	17	115	102926910590	0	352592902	4096	155	11726
1678038549	109166570544	72528438	475392720	3324404	891	12040810	13801572	0	96286560	17	115	103250214524	0	353271731	4096	156	11751
1678038551	109566780997	72793331	476355306	3333270	893	12048212	13808956	0	96292808	17	115	103650291783	0	353978864	4096	156	11780
1678038553	109955707235	73050656	477253908	3341801	895	12061827	13822560	0	96304696	17	115	103993636350	0	354665758	4096	156	11806
1678038555	110357533472	73316599	478149164	3349944	897	12094406	13855112	0	96336480	17	115	104401356412	0	355375811	4096	157	11835
1678038557	110715463785	73553508	478980848	3357586	899	12045260	13805952	0	96286908	17	115	104728144807	0	356035477	4096	157	11860
1678038559	111085928575	73798638	479817500	3365324	901	12120686	13881368	0	96361140	17	115	105063037340	0	356723709	4096	157	11885
1678038561	111442444551	74034621	480645201	3372760	903	12081643	13842304	0	96321764	17	115	105415059634	0	357380206	4096	158	11912
1678038563	111783265074	74260219	481432413	3380029	905	12119174	13879824	0	96359580	17	115	105739415983	0	358052673	4096	158	11936
1678038565	112187126584	74527486	482375498	3388634	907	12139049	13899688	0	96378224	17	114	106110935492	0	358816702	4096	158	11965
1678038567	112539500215	74760705	483182766	3395851	909	12042541	13803168	0	96277660	17	115	106474972206	0	359480627	4096	159	11992
1678038569	112923777614	75014967	484010882	3403433	911	12190141	13950748	0	96426628	17	115	106805131488	0	360220274	4096	159	12018
1678038571	113324029775	75279848	484930089	3411820	913	12116228	13876824	0	96352040	17	115	107192788763	0	360934494	4096	159	12047
1678038573	113685518392	75519098	485752349	3419224	915	12213247	13973828	0	96448828	17	115	107534057418	0	361673388	4096	160	12073
1678038575	114096586513	75791127	486678307	3427749	917	12124235	13884804	0	96358664	17	115	107917597646	0	362413179	4096	160	12102
1678038577	114440252741	76018600	487499431	3435223	919	12175994	13936552	0	96410512	17	115	108257543697	0	363093060	4096	160	12128
1678038579	114865380380	76299909	488494873	3444454	921	12312177	14072724	0	96547088	17	115	108634199044	0	363866396	4096	161	12157
1678038581	115219484240	76534301	489331383	3452046	923	12162005	13922540	0	96396880	17	115	108983237942	0	364546960	4096	161	12184
1678038583	115575901022	76770161	490188301	3460029	925	12360356	14120884	0	96595088	17	115	109304764091	0	365226719	4096	161	12208
1678038585	115965493931	77028014	491164887	3469095	927	12302717	14063232	0	96536816	17	115	109684448194	0	365938062	4096	162	12237
1678038587	116326931740	77267221	491971810	3476478	929	12318993	14079496	0	96554024	17	115	110036890146	0	366598747	4096	162	12263
1678038589	116721103079	77528113	492912799	3484939	931	12254607	14015080	0	96489824	17	115	110407555015	0	367412240	4096	162	12292
1678038591	117106007239	77782824	493792989	3493126	933	12345274	14105736	0	96578848	17	115	110746761192	0	368154557	4096	163	12319
1678038593	117434871229	78000522	494616097	3500563	935	12356741	14117184	0	96589444	17	115	111090061717	0	368778902	4096	163	12345
1678038595	117837354499	78266901	495592432	3509576	937	12324452	14084884	0	96557740	17	115	111471783138	0	369562004	4096	164	12374
1678038597	118187410798	78498609	496435405	3517255	939	12353734	14114152	0	96588052	17	114	111806995042	0	370238377	4096	164	12400
1678038599	118560093351	78745185	497295237	3525152	941	12408312	14168716	0	96641364	17	115	112157972873	0	370914012	4096	164	12426
1678038601	118981101007	79023756	498264787	3534206	943	12451783	14212172	0	96683744	17	115	112508851167	0	371682947	4096	165	12455
1678038603	119307824490	79240029	499053375	3541243	945	12426173	14186548	0	96654712	17	115	112863363967	0	372305991	4096	165	12479
1678038605	119705367797	79503100	499935800	3549407	947	12469847	14230208	0	96699080	17	115	113237939535	0	373069107	4096	165	12508
1678038607	120077008871	79749082	500844216	3557842	949	12456449	14216792	0	96684720	17	115	113573233793	0	373737767	4096	166	12535
1678038609	120431566128	79983695	501648787	3565075	951	12533500	14293832	0	96761620	17	115	113936960728	0	374409878	4096	166	12561
1678038611	120836060639	80251379	502563536	3573465	953	12405836	14166144	0	96631396	17	115	114284055636	0	375223473	4096	166	12590
1678038613	121201154584	80492979	503382684	3580786	955	12467592	14227892	0	96691228	17	115	114640932005	0	375887007	4096	167	12616
1678038615	121596730546	80754790	504271248	3588864	957	12489839	14250124	0	96713848	17	114	115022141812	0	376635122	4096	167	12645
1678038617	121973511673	81004126	505143324	3596913	959	12557033	14317304	0	96780304	17	115	115356033273	0	377400210	4096	167	12672
1678038619	122318944359	81232794	505933285	3603947	961	12528252	14288512	0	96750172	17	115	115703574169	0	378042110	4096	168	12698
1678038621	122709375403	81491205	506820440	3611997	963	12532930	14293176	0	96755252	17	115	116051720705	0	378838405	4096	168	12726
1678038623	123039902627	81709964	507541454	3618384	965	12610121	14370356	0	96830704	17	115	116382216831	0	379443007	4096	169	12751
1678038625	123410787752	81955464	508409826	3626260	967	12617369	14377588	0	96836064	17	115	116738863351	0	380175817	4096	169	12779
1678038627	123767800995	82191739	509226513	3633704	969	12596252	14356460	0	96815348	17	115	117054034265	0	380892344	4096	169	12804
1678038629	124164232495	82454132	510177922	3642428	971	12665927	14426124	0	96885260	17	115	117425742977	0	381652168	4096	170	12833
1678038631	124510080568	82683041	510997340	3649764	973	12675978	14436164	0	96895028	17	115	117777799480	0	382318800	4096	170	12859
1678038633	124856261822	82912131	511867988	3658034	975	12673450	14433628	0	96892148	17	115	118085908738	0	382966613	4096	170	12884
1678038635	125246732733	83170598	512766952	3666197	977	12718382	14477356	0	96935692	17	114	118471234312	0	383736730	4096	171	12913
1678038637	125606779302	83408881	513654823	3674304	979	12775673	14534636	0	96994032	17	115	118789747863	0	384462103	4096	171	12939
1678038639	126005268259	83672636	514572734	3682585	981	12710861	14469812	0	96927516	17	114	119160110553	0	385228941	4096	171	12969
1678038641	126348641920	83899929	515435558	3690564	983	12808992	14567932	0	97026056	17	115	119492326506	0	385906378	4096	172	12994
1678038643	126697881012	84131061	516226271	3697731	985	12775999	14534928	0	96993248	17	115	119823731067	0	386578775	4096	172	13020
1678038645	127095569108	84394268	517137313	3705883	987	12778711	14535636	0	96994908	17	115	120202582956	0	387388780	4096	172	13050
1678038647	127439606323	84622002	517930617	3713032	989	12778363	14535276	0	96993728	17	114	120523993703	0	388098937	4096	173	13076
1678038649	127786184369	84851412	518765811	3720628	991	12822082	14578984	0	97036908	17	115	120872431353	0	388769652	4096	173	13102
1678038651	128174070848	85108169	519714086	3729335	993	12806673	14563564	0	97021236	17	115	121227635182	0	389492402	4096	173	13130
1678038653	128519988310	85337122	520508816	3736444	995	12840569	14597452	0	97055648	17	115	121557479457	0	390209570	4096	174	13157
1678038655	128917773069	85600377	521400583	3744583	997	12910368	14667236	0	97123644	17	115	121928189157	0	390977079	4096	174	13185
1678038657	129268074027	85832193	522162323	3751410	999	12908799	14665660	0	97121760	17	114	122255890387	0	391647617	4096	174	13211
1678038659	129605001337	86055206	522941237	3758444	1001	13013315	14770164	0	97224308	17	115	122593636960	0	392315653	4096	175	13235
1678038661	129996884447	86314541	523852107	3766909	1003	12913634	14670472	0	97123120	17	115	122919640830	0	393055765	4096	175	13263
1678038663	130321044835	86529100	524638311	3773907	1005	12974885	14731712	0	97186476	17	114	123259675004	0	393697069	4096	175	13288
1678038665	130686864108	86771184	525464541	3781568	1007	13037773	14794588	0	97245640	17	114	123600664313	0	394390587	4096	176	13314
1678038667	131081441470	87032310	526317629	3789240	1009	12969356	14726160	0	97176684	17	115	123977960376	0	395140255	4096	176	13343
1678038669	131441140452	87270354	527101591	3796165	1011	13058695	14815488	0	97265736	17	115	124309509162	0	395810727	4096	177	13369
1678038671	131825357568	87524670	527927585	3803495	1013	13000767	14757548	0	97207528	17	115	124678511448	0	396587290	4096	177	13398
1678038673	132199703181	87772426	528811019	3811743	1015	13146582	14903352	0	97353472	17	114	125019288133	0	397295643	4096	177	13424
1678038675	132557427457	88009153	529649825	3819337	1017	13076933	14833692	0	97284124	17	114	125359376356	0	397991111	4096	178	13451
1678038677	132955751932	88272741	530558856	3827631	1019	13099421	14856172	0	97308148	17	115	125755521979	0	398715023	4096	178	13479
1678038679	133314071854	88509878	531355918	3834923	1021	13102848	14859588	0	97309804	17	115	126069937011	0	399411534	4096	178	13505
1678038681	133666973847	88743434	532177154	3842345	1023	13071811	14828524	0	97278432	17	115	126421964563	0	400054573	4096	179	13531
1678038683	134049242958	88996440	533103075	3850809	1025	13125115	14881816	0	97332472	17	115	126775335425	0	400834806	4096	179	13559
1678038685	134409579324	89234888	533921393	3858415	1027	13084362	14841052	0	97289360	17	115	127107926003	0	401508566	4096	179	13586
1678038687	134780149739	89480141	534742800	3865835	1029	13207237	14963916	0	97412172	17	115	127469981806	0	402210993	4096	180	13612
1678038689	135161619856	89732613	535628028	3873814	1031	13092772	14849440	0	97297472	17	115	127830214815	0	402944087	4096	180	13641
1678038691	135528705930	89975585	536458012	3881296	1033	13188482	14945136	0	97391912	17	115	128158675455	0	403692886	4096	180	13667
1678038693	135926354060	90238771	537347322	3889361	1035	13248893	15005536	0	97452896	17	114	128537579846	0	404414703	4096	181	13697
1678038695	136265141354	90463056	538249574	3897644	1037	13167892	14924524	0	97368996	17	115	128883834492	0	405122041	4096	181	13722
1678038697	136642497822	90712754	539100778	3905531	1039	13279880	15036500	0	97479572	17	114	129212788909	0	405837021	4096	181	13749
1678038699	137021969668	90963945	539966010	3913243	1041	13268607	15025216	0	97466540	17	113	129584250213	0	406574202	4096	182	13778
1678038701	137378333051	91199777	540794590	3920743	1043	13336158	15092752	0	97533712	17	115	129914912825	0	407313135	4096	182	13804
1678038703	137737112171	91437215	541602304	3928033	1045	13284861	15041444	0	97480560	17	115	130255904041	0	407985178	4096	182	13831
1678038705	138133366588	91699502	542472300	3935853	1047	13322061	15078632	0	97517624	17	115	130633574668	0	408811155	4096	183	13860
1678038707	138491989857	91936855	543318428	3943451	1049	13412116	15168676	0	97609468	17	115	130969750843	0	409469137	4096	183	13887
1678038709	138849417003	92173399	544116349	3950778	1051	13398503	15155052	0	97592544	17	114	131308950127	0	410157519	4096	183	13913
1678038711	139196452039	92403152	544878543	3957491	1053	13458951	15215488	0	97654232	17	114	131651888147	0	410858409	4096	184	13939
1678038713	139539277249	92629972	545675104	3964909	1055	13452254	15208784	0	97646176	17	114	131938423730	0	411494946	4096	184	13963
1678038715	139878596395	92854582	546446886	3971767	1057	13455149	15211668	0	97648548	17	115	132296495429	0	412135420	4096	184	13988
1678038717	140243067090	93095798	547302376	3979645	1059	13441163	15194236	0	97628368	17	114	132632118531	0	412848439	4096	185	14015
1678038719	140593426152	93327673	548156186	3987475	1061	13496762	15249824	0	97683444	17	114	132955457453	0	413535375	4096	185	14040
1678038721	140976937232	93581493	549026431	3995332	1063	13492957	15246008	0	97678112	17	115	133327633692	0	414271928	4096	185	14069
1678038723	141322051673	93809936	549816082	4002358	1065	13470649	15223688	0	97654872	17	115	133652475847	0	414987813	4096	186	14095
1678038725	141682659809	94048570	550611465	4009602	1067	13549292	15302320	0	97733832	17	113	133989099858	0	415661356	4096	186	14121
1678038727	142074570985	94307970	551476975	4017404	1069	13572931	15323288	0	97754352	17	115	134349358145	0	416413117	4096	186	14150
1678038729	142431129943	94543969	552373549	4025856	1071	13571251	15321596	0	97751956	17	115	134703394696	0	417098058	4096	187	14176
1678038731	142781656364	94775962	553166425	4032964	1073	13556070	15306404	0	97736676	17	115	135029784758	0	417786483	4096	187	14202
1678038733	143182206844	95041089	554101257	4041561	1075	13589237	15339556	0	97769444	17	115	135413458875	0	418550159	4096	188	14231
1678038735	143547432391	95282767	554889138	4048707	1077	13625621	15375932	0	97805524	17	115	135726917583	0	419196290	4096	188	14256
1678038737	143872473733	95497934	555656193	4055590	1079	13605148	15355448	0	97785756	17	115	136083196432	0	419841015	4096	188	14282
1678038739	144283214277	95769713	556520635	4063640	1081	13705783	15456072	0	97884692	17	115	136416652622	0	420567460	4096	189	14308
1678038741	144657449604	96017486	557423979	4071824	1083	13638003	15388280	0	97816300	17	114	136790426193	0	421312071	4096	189	14338
1678038743	145000537446	96244546	558213856	4078907	1085	13631690	15381956	0	97810336	17	115	137161931588	0	421976546	4096	189	14364
1678038745	145392547447	96503934	559068061	4086737	1087	13692889	15443144	0	97871280	17	113	137486424762	0	422708974	4096	190	14391
1678038747	145764745086	96750299	559903651	4094252	1089	13657556	15407800	0	97835036	17	115	137855351825	0	423397594	4096	190	14418
1678038749	146104477958	96975154	560645921	4101043	1091	13724592	15474828	0	97903112	17	115	138167370009	0	424074669	4096	190	14443
1678038751	146465422128	97214046	561472973	4108549	1093	13738115	15488340	0	97915864	17	115	138520777441	0	424765215	4096	191	14470
1678038753	146855423416	97472199	562366556	4116623	1095	13784555	15534768	0	97963012	17	115	138865730848	0	425495894	4096	191	14497
1678038755	147199069125	97699628	563183825	4124262	1097	13783578	15533780	0	97964372	17	115	139192181791	0	426147623	4096	191	14522
1678038757	147556754310	97936369	564010575	4131755	1099	13778381	15528572	0	97955056	17	113	139546321445	0	426824700	4096	192	14549
1678038759	147948827331	98195875	564863702	4139360	1101	13859980	15610160	0	98036568	17	115	139909103483	0	427601080	4096	192	14577
1678038761	148308955853	98434219	565702686	4147139	1103	13857744	15607912	0	98032560	17	115	140250124294	0	428259394	4096	192	14603
1678038763	148677168042	98677905	566561768	4155061	1105	13926219	15676380	0	98100460	17	114	140596402437	0	428972541	4096	193	14630
1678038765	149075552774	98941610	567456823	4163063	1107	13865114	15615260	0	98038184	17	115	140978978692	0	429741148	4096	193	14659
1678038767	149431101534	99176918	568219811	4170062	1109	13879866	15630004	0	98052784	17	115	141294708710	0	430398382	4096	193	14684
1678038769	149776852033	99405712	569006458	4177226	1111	13923609	15673736	0	98092908	17	115	141644770485	0	431025741	4096	194	14710
1678038771	150128788193	99638638	569767148	4184129	1113	13956988	15707104	0	98127016	17	114	141962942825	0	431677908	4096	194	14734
1678038773	150496731288	99882198	570606300	4191715	1115	13971372	15721476	0	98140764	17	115	142313745481	0	432377764	4096	194	14761
1678038775	150851826689	100117214	571409789	4199134	1117	14019175	15769256	0	98190152	17	114	142633085927	0	433062411	4096	195	14786
1678038777	151194800198	100344230	572222290	4206589	1119	13991139	15741208	0	98160460	17	115	142966614062	0	433724918	4096	195	14811
1678038779	151593004505	100607768	573105189	4214592	1121	14028230	15778288	0	98197420	17	114	143353673364	0	434443846	4096	195	14840
1678038781	151945920307	100841346	573854294	4221323	1123	13970201	15720248	0	98138740	17	115	143692383660	0	435103273	4096	196	14865
1678038783	152307611878	101080698	574662294	4228742	1125	14071456	15821492	0	98244232	17	115	144037019197	0	435752123	4096	196	14892
1678038785	152724831876	101356790	575624337	4237688	1127	14153496	15903520	0	98323152	17	115	144416678208	0	436494187	4096	196	14920
1678038787	153080342308	101592074	576456419	4245405	1129	14154255	15904272	0	98323648	17	114	144748531284	0	437170995	4096	197	14945
1678038789	153443065783	101832143	577256693	4252742	1131	14167471	15917476	0	98336988	17	115	145108613737	0	437824323	4096	197	14971
1678038791	153851774409	102102633	578168194	4261053	1133	14251786	16001780	0	98419124	17	115	145482726718	0	438581226	4096	197	15000
1678038793	154228005581	102351642	579020178	4268807	1135	14296777	16046760	0	98463724	17	115	145858028945	0	439261805	4096	198	15027
1678038795	154603231933	102599886	579894702	4276962	1137	14275464	16025436	0	98440512	17	115	146212943356	0	439965455	4096	198	15054
1678038797	154984723590	102852403	580786566	4285407	1139	14225120	15975080	0	98390068	17	115	146558032413	0	440655583	4096	199	15080
1678038799	155382935320	103115937	581650963	4293444	1141	14250551	16000504	0	98415468	17	115	146942465486	0	441306907	4096	199	15107
1678038801	155757985760	103364123	582461726	4300804	1143	14366259	16116200	0	98530188	17	115	147295241491	0	442000725	4096	199	15134
1678038803	156132857094	103612208	583274747	4308156	1145	14309750	16059680	0	98471604	17	114	147655496184	0	442637437	4096	200	15161
1678038805	156565630243	103898571	584206000	4316699	1147	14341509	16091428	0	98503544	17	114	148060292521	0	443468849	4096	200	15191
1678038807	156947903974	104151586	585055554	4324487	1149	14290660	16040568	0	98452008	17	115	148428706004	0	444139254	4096	200	15217
1678038809	157321503887	104398856	585917902	4332416	1151	14277120	16027016	0	98438912	17	115	148764767044	0	444838802	4096	201	15244
1678038811	157691811882	104644005	586771418	4340242	1153	14313271	16063156	0	98474556	17	115	149114632449	0	445482159	4096	201	15270
1678038813	158071068388	104895020	587605816	4347871	1155	14348006	16097880	0	98508828	17	115	149496177374	0	446189925	4096	201	15298
1678038815	158460689885	105152823	588427899	4355473	1157	14413254	16163120	0	98572364	17	113	149831549261	0	446877683	4096	202	15324
1678038817	158837517124	105402272	589306092	4363570	1159	14472397	16222252	0	98628840	17	115	150189621568	0	447544527	4096	202	15351
1678038819	159230047965	105662101	590205777	4371933	1161	14450528	16200372	0	98607100	17	115	150575551055	0	448254719	4096	202	15378
1678038821	159607234106	105911719	591044848	4379768	1163	14401428	16151260	0	98554256	17	115	150913825235	0	448930268	4096	203	15404
1678038823	159985298333	106161923	591864427	4387290	1165	14520715	16270540	0	98672288	17	110	151287107014	0	449459506	4096	203	15429
1678038825	160072883898	106221579	592356608	4392349	1167	321023	324036	0	4822040	1	1	151313342230	0	449715977	94208	207	15433
