Time	rx_bytes	rx_packets	tx_bytes	tx_packets	wtime	pss	rss	swap	vmem	nprocs	nthreads	rchar	read_bytes	wchar	write_bytes	stime	utime
1678033931	0	0	0	0	1	52328	55264	0	2727636	1	64	7328379	0	0	0	6	1
1678033933	81404	454	51234	532	3	603741	4982012	0	160208976	33	226	39340733	0	163752	4096	14	9
1678033935	40548511	32891	1943489	12794	5	2574566	5336804	0	166945988	33	220	79276436	0	1105563	4096	16	60
1678033937	72448307	57675	3251831	21506	7	2732107	5493248	0	167102944	33	224	106913724	0	1958540	4096	16	96
1678033939	104688289	82365	4500868	29743	9	2639614	5399868	0	167006432	33	209	135683777	0	2764829	4096	17	131
1678033941	134815386	105268	5644377	37125	11	2724858	5484392	0	167086816	33	215	164360277	0	3618557	4096	17	167
1678033943	170094852	131965	6975338	45672	13	2728340	5487260	0	167089176	33	202	196322055	0	4529004	4096	18	205
1678033945	194067362	149876	7836771	51187	15	2786767	5543176	0	167143856	33	210	219549383	0	5232434	4096	18	231
1678033947	217723963	167775	8742926	56989	17	2715189	5471312	0	167070316	33	224	245908034	0	6055088	4096	18	263
1678033949	253311370	194342	10012709	65038	19	2718036	5473788	0	167070572	33	208	275600363	0	6891161	4096	19	299
1678033951	277552941	212522	10887001	70545	21	2733175	5488684	0	167085164	33	214	299649450	0	7601377	4096	19	327
1678033953	323483704	246837	13113498	80904	23	2735587	5490716	0	167083884	33	205	341988709	0	8770017	4096	20	378
1678033955	344349920	262537	14292524	85916	25	2723321	5477448	0	167070780	33	223	366704460	0	9505490	4096	20	406
1678033957	391250111	297392	16731996	96343	27	2721463	5475308	0	167069200	33	223	410351894	0	10790126	4096	21	459
1678033959	436133419	330628	18986702	106313	29	2733768	5487384	0	167080408	33	225	452058655	0	11881306	4096	21	508
1678033961	478785885	362272	21122828	115817	31	2759902	5513380	0	167106264	33	206	491303317	0	12961107	4096	22	556
1678033963	503331088	380437	22429553	121234	33	2770717	5524124	0	167115076	33	206	511825014	0	13604860	4096	22	579
1678033965	527880478	398552	23761912	126639	35	2729335	5480428	0	167068740	33	207	534466958	0	14321697	4096	22	606
1678033967	541471976	408616	24599996	129700	37	2727546	5478624	0	167067204	33	202	547202510	0	14801556	4096	23	621
1678033969	552667435	416852	25271253	132031	39	2723726	5474804	0	167063364	33	206	557931384	0	15223805	4096	23	635
1678033971	566146123	426891	26108329	135103	41	2736338	5487400	0	167075396	33	196	569962574	0	15700825	4096	23	650
1678033973	578233110	435808	26839840	137691	43	2707574	5458624	0	167045444	33	202	581988562	0	16147314	4096	23	664
1678033975	593061860	446823	27728719	140989	45	2708186	5453668	0	167040324	33	203	596023846	0	16666886	4096	23	682
1678033977	606518200	456778	28552910	143975	47	2738738	5484208	0	167072836	33	203	608300736	0	17149999	4096	23	697
1678033979	640655022	481921	30278741	151233	49	2766317	5511760	0	167097924	33	217	644964530	0	18176992	4096	24	739
1678033981	673782768	506281	31987620	158318	51	2733117	5478548	0	167063920	33	217	674930641	0	19076510	4096	24	774
1678033983	702175080	527098	33465498	164357	53	2746921	5492340	0	167078292	33	214	701224261	0	19869074	4096	25	804
1678033985	724603117	543596	34712081	169161	55	2750807	5496196	0	167082132	33	201	720328208	0	20512158	4096	25	827
1678033987	736559549	552410	35465901	171802	57	2733165	5477648	0	167063188	33	200	731286932	0	20959573	4096	25	841
1678033989	747005972	560090	36103265	174025	59	2759013	5503496	0	167089044	33	201	741192433	0	21364990	4096	25	853
1678033991	758977353	569018	36866934	176783	61	2742829	5487312	0	167071636	33	202	752511843	0	21817449	4096	25	867
1678033993	768692811	576198	37493866	178908	63	2771693	5516176	0	167101332	33	202	761711113	0	22204145	4096	25	879
1678033995	782016141	585989	38291678	181690	65	2759469	5503952	0	167088276	33	215	776455244	0	22730539	4096	26	896
1678033997	800680812	599611	39336215	185522	67	2786954	5531424	0	167115156	33	214	794027328	0	23350890	4096	26	917
1678033999	821586746	614873	40456347	189776	69	2731653	5476116	0	167059888	33	201	811945166	0	23956819	4096	26	939
1678034001	838278333	627137	41445112	193392	71	2740633	5485092	0	167068848	33	203	828811470	0	24559566	4096	26	959
1678034003	854567285	639023	42351745	196691	73	2745589	5490044	0	167076784	33	206	843669591	0	25096656	4096	26	976
1678034005	873875438	653192	43462496	200849	75	2766633	5511084	0	167093936	33	205	864187687	0	25787874	4096	27	1000
1678034007	898519957	671182	44752122	205885	77	2754061	5498504	0	167082416	33	215	888489226	0	26538830	4096	27	1028
1678034009	931489582	695197	46440304	212525	79	2778913	5523352	0	167105712	33	224	922272019	0	27561667	4096	27	1067
1678034011	977750081	728731	48669676	221604	81	2758808	5503232	0	167085516	33	224	965399866	0	28760621	4096	28	1119
1678034013	1026884367	764426	51088477	231465	83	2782452	5526872	0	167110744	33	223	1011731612	0	30047488	4096	28	1175
1678034015	1061962229	789818	52758913	238319	85	2772640	5517056	0	167099480	33	223	1044567928	0	30995402	4096	29	1214
1678034017	1111581004	825830	55247225	248055	87	2794652	5539068	0	167122220	33	223	1092898582	0	32397433	4096	29	1271
1678034019	1152860559	855688	57115710	255999	89	2747940	5492356	0	167073008	33	207	1125977286	0	33262428	4096	30	1313
1678034021	1189176358	881968	58956108	263105	91	2779924	5524340	0	167104752	33	227	1166471718	0	34445825	4096	30	1359
1678034023	1227946536	909921	60780962	270444	93	2782020	5526436	0	167108592	33	204	1197078637	0	35311016	4096	30	1398
1678034025	1243620707	921358	61720150	273677	95	2779912	5524328	0	167105008	33	203	1212625963	0	35900487	4096	31	1416
1678034027	1274922409	944048	63327968	279870	97	2776040	5520456	0	167099888	33	225	1247362591	0	36940374	4096	31	1455
1678034029	1311014600	970154	65108569	286768	99	2763468	5507884	0	167087060	33	214	1278431024	0	37877251	4096	31	1493
1678034031	1332033204	985443	66262119	291030	101	2761832	5506248	0	167085268	33	202	1296131013	0	38501467	4096	31	1515
1678034033	1356158968	1002938	67569881	295788	103	2774852	5519268	0	167098324	33	227	1324555521	0	39414254	4096	32	1546
1678034035	1396688943	1032214	69543889	303542	105	2781520	5525936	0	167106260	33	219	1360042914	0	40458099	4096	32	1589
1678034037	1430371077	1056529	71257215	310045	107	2783400	5527816	0	167109044	33	207	1391035478	0	41425604	4096	33	1625
1678034039	1457216783	1075931	72706360	315334	109	2762284	5506700	0	167084724	33	204	1416747515	0	42285734	4096	33	1655
1678034041	1500214032	1106833	74813602	323270	111	2791380	5535796	0	167113908	33	227	1460784410	0	43595240	4096	33	1706
1678034043	1541856729	1136857	76776334	331144	113	2782956	5527372	0	167105716	33	208	1497626494	0	44601119	4096	34	1750
1678034045	1575175207	1160908	78460827	337682	115	2797016	5541432	0	167119284	33	202	1530060972	0	45568384	4096	34	1789
1678034047	1600761677	1179407	79827420	342591	117	2780522	5523772	0	167100656	33	217	1552820881	0	46388666	4096	34	1815
1678034049	1633996991	1203369	81506200	348896	119	2786206	5529456	0	167106544	33	209	1583929790	0	47343396	4096	35	1852
1678034051	1676609640	1234064	83627020	356933	121	2796778	5540028	0	167117040	33	224	1629030805	0	48664440	4096	35	1905
1678034053	1722075595	1266742	85801271	365591	123	2797118	5540368	0	167118832	33	221	1671101788	0	49848103	4096	35	1955
1678034055	1765436968	1298048	87917174	373812	125	2790470	5533720	0	167110276	33	226	1712019172	0	51050690	4096	36	2004
1678034057	1796618429	1320475	89418214	379647	127	2788339	5529756	0	167105924	33	208	1737693906	0	51850168	4096	36	2036
1678034059	1820374214	1337714	90793400	384379	129	2805719	5547136	0	167123332	33	215	1762224120	0	52741698	4096	36	2064
1678034061	1852428088	1360833	92461550	390561	131	2805739	5547156	0	167123332	33	201	1790276750	0	53665558	4096	37	2097
1678034063	1881518425	1381872	94054681	396276	133	2816519	5557936	0	167134340	33	225	1822728481	0	54743493	4096	37	2134
1678034065	1917423851	1407755	95912117	403071	135	2798923	5540340	0	167116700	33	215	1853831187	0	55775200	4096	37	2170
1678034067	1937439907	1422274	97079817	407101	137	2788588	5529944	0	167106204	33	204	1870810962	0	56442815	4096	37	2191
1678034069	1953991144	1434368	98131894	410576	139	2796354	5534628	0	167110300	33	202	1886490751	0	57097714	4096	38	2210
1678034071	1972504532	1447787	99225850	414247	141	2810746	5549020	0	167124892	33	209	1904660120	0	57823900	4096	38	2231
1678034073	1997852941	1466086	100642306	419054	143	2813270	5551544	0	167126940	33	208	1928821527	0	58692205	4096	38	2259
1678034075	2015880729	1479200	101756259	422734	145	2800894	5539168	0	167114652	33	204	1945093124	0	59375921	4096	38	2279
1678034077	2031678827	1490681	102758729	425954	147	2823246	5561520	0	167137180	33	207	1960540983	0	60018730	4096	38	2297
1678034079	2050065711	1504014	103887202	429608	149	2820306	5553292	0	167128988	33	204	1977751499	0	60737484	4096	39	2317
1678034081	2066600638	1516048	104925833	432983	151	2799634	5532620	0	167107228	33	209	1993907102	0	61409254	4096	39	2336
1678034083	2085487299	1529756	106104985	436753	153	2798366	5531352	0	167106972	33	205	2011594443	0	62153541	4096	39	2357
1678034085	2104391012	1543474	107268112	440517	155	2800270	5533256	0	167108508	33	205	2029394889	0	62895013	4096	39	2378
1678034087	2121664462	1555984	108337693	443970	157	2813250	5546236	0	167121564	33	202	2045667790	0	63580593	4096	39	2398
1678034089	2141052530	1570031	109551051	447909	159	2817642	5550628	0	167125916	33	208	2064079526	0	64365234	4096	39	2420
1678034091	2158831295	1582949	110669905	451573	161	2804270	5537256	0	167112348	33	207	2081630681	0	65076421	4096	40	2440
1678034093	2179349256	1597861	111950513	455710	163	2809414	5542400	0	167117636	33	204	2100848053	0	65883161	4096	40	2463
1678034095	2199981200	1612875	113231619	459898	165	2805578	5538564	0	167113540	33	209	2120655974	0	66707940	4096	40	2485
1678034097	2218761689	1626515	114413695	463729	167	2810238	5543224	0	167118148	33	204	2138343002	0	67452497	4096	40	2507
1678034099	2240374319	1642162	115734736	468059	169	2802158	5535144	0	167109700	33	208	2158398508	0	68296067	4096	40	2530
1678034101	2261270206	1657347	117048437	472189	171	2805298	5538284	0	167112996	33	208	2178685588	0	69150445	4096	40	2554
1678034103	2281266162	1671811	118268088	476076	173	2816354	5549340	0	167124004	33	207	2197426264	0	69934954	4096	41	2576
1678034105	2303772883	1688140	119674148	480634	175	2825386	5558372	0	167133220	33	212	2219468593	0	70836028	4096	41	2601
1678034107	2324513215	1703135	120933823	484709	177	2817478	5550464	0	167125284	33	209	2238800733	0	71640017	4096	41	2624
1678034109	2347009969	1719464	122335382	489210	179	2823690	5556676	0	167130892	33	208	2260500659	0	72553063	4096	41	2649
1678034111	2385028592	1746862	124374180	496478	181	2826698	5559684	0	167134220	33	223	2298358001	0	73835202	4096	42	2692
1678034113	2417085125	1769994	126142817	502524	183	2819738	5552724	0	167128076	33	225	2328202998	0	74921242	4096	42	2726
1678034115	2465411034	1804692	128515109	511428	185	2833726	5566712	0	167141388	33	227	2376188048	0	76343783	4096	42	2783
1678034117	2509886170	1836675	130760151	519818	187	2827770	5560756	0	167135500	33	225	2418326296	0	77662607	4096	43	2833
1678034119	2558479277	1871647	133196950	528933	189	2817866	5550852	0	167125004	33	226	2464877907	0	79093719	4096	43	2889
1678034121	2599589589	1901210	135304103	536625	191	2822822	5555808	0	167129868	33	227	2501280530	0	80313600	4096	43	2933
1678034123	2634513073	1926452	137239109	543489	193	2836430	5569416	0	167143180	33	226	2537849829	0	81528556	4096	44	2976
1678034125	2685802940	1963256	139737874	552871	195	2822242	5555228	0	167129936	33	223	2586073901	0	82995169	4096	44	3033
1678034127	2730285599	1995276	141984585	561209	197	2825782	5558768	0	167134032	33	224	2627368599	0	84297036	4096	45	3083
1678034129	2779727033	2030783	144445540	570336	199	2834010	5566996	0	167142224	33	225	2675238272	0	85767544	4096	45	3140
1678034131	2817704064	2061864	147095900	585366	201	277321	280416	0	4765052	1	1	2703666843	0	86727177	4096	48	3176
1678034133	2967869670	2162872	148018590	592597	203	2112033	8047796	0	169228400	33	227	2948504967	0	87550016	4096	50	3205
1678034135	3409459511	2456899	149971769	609383	205	4886146	8910508	0	170019516	33	227	3347128289	0	89080125	4096	52	3257
1678034137	3927169640	2801131	152141409	628340	207	5358081	9186364	0	170289300	33	227	3826367324	0	90998778	4096	52	3314
1678034139	4368602896	3094854	154029807	644326	209	5943952	9758800	0	170857544	33	227	4248468219	0	92558766	4096	53	3368
1678034141	4852072487	3416510	156112136	661998	211	6159805	9972756	0	171068824	33	226	4726984214	0	94203326	4096	54	3421
1678034143	5281981917	3702394	157930933	677310	213	6100621	9907760	0	171000084	33	227	5142018210	0	95750293	4096	55	3475
1678034145	5760471529	4020558	159983871	694899	215	6304959	10111324	0	171207852	33	225	5576371649	0	97497154	4096	55	3528
1678034147	6174612963	4295838	161663703	709069	217	6194970	10000472	0	171093192	33	226	5979756350	0	98919761	4096	56	3577
1678034149	6647996060	4610558	163581450	725141	219	6385143	10190044	0	171285832	33	226	6407721089	0	100561382	4096	57	3629
1678034151	7157271219	4948960	165650363	742802	221	6323643	10127912	0	171220832	33	227	6893082889	0	102315629	4096	57	3687
1678034153	7604914429	5246619	167480030	758185	223	6484962	10288716	0	171387600	33	227	7325357331	0	103779775	4096	58	3739
1678034155	8052017864	5543753	169315330	773723	225	6559269	10362212	0	171459468	33	222	7749573182	0	105513739	4096	59	3790
1678034157	8510607220	5848548	171093976	788637	227	6616111	10412216	0	171506876	33	225	8179693716	0	107128643	4096	59	3845
1678034159	9006063225	6177800	173013674	804834	229	6721938	10516852	0	171612184	33	227	8632463719	0	108683118	4096	60	3896
1678034161	9444074737	6468902	174769188	819568	231	6756810	10551264	0	171644784	33	226	9067505381	0	110226258	4096	61	3948
1678034163	9915898607	6782424	176748590	836687	233	6844295	10638436	0	171730660	33	227	9505727467	0	111851034	4096	61	4000
1678034165	10349997381	7070925	178494407	851152	235	6838927	10632548	0	171723308	33	227	9929081555	0	113413186	4096	62	4053
1678034167	10781769298	7357851	180222981	865690	237	6962226	10754968	0	171848028	33	225	10319614263	0	114921716	4096	62	4100
1678034169	11225336088	7652559	181917499	879832	239	6932572	10724716	0	171818176	33	227	10748793218	0	116500512	4096	63	4154
1678034171	11685062913	7958046	183749429	895033	241	7045282	10836904	0	171930036	33	227	11186728717	0	118157773	4096	64	4209
1678034173	12140238653	8260432	185618926	910866	243	7045649	10836864	0	171928816	33	227	11629557650	0	119791392	4096	64	4263
1678034175	12607296101	8570721	187498625	926905	245	7131825	10922864	0	172013820	33	226	12070838986	0	121419945	4096	65	4317
1678034177	13100627312	8898197	189264727	943641	247	7218975	11009324	0	172101448	33	226	12518363556	0	123030999	4096	66	4370
1678034179	13528746497	9182543	190681597	957364	249	7275599	11060412	0	172154292	33	227	12912975701	0	124540773	4096	66	4419
1678034181	13988758589	9487949	192271120	972986	251	7328547	11111724	0	172204712	33	227	13369494194	0	126100658	4096	67	4472
1678034183	14448266313	9792910	193736602	987231	253	7344681	11127140	0	172216660	33	227	13796872972	0	127689022	4096	67	4525
1678034185	14925631984	10109908	195364038	1003116	255	7404583	11186700	0	172277288	33	226	14251266466	0	129354101	4096	68	4579
1678034187	15384343608	10414420	196892520	1018096	257	7400394	11182052	0	172270532	33	227	14707208184	0	130926730	4096	69	4633
1678034189	15855129115	10727027	198419994	1032934	259	7511164	11292088	0	172376064	33	227	15129792643	0	132529341	4096	69	4686
1678034191	16325035912	11038897	200023311	1048759	261	7501457	11278712	0	172359872	33	224	15573457578	0	134097201	4096	70	4737
1678034193	16805614806	11357838	201636922	1064737	263	7627814	11404484	0	172483032	33	227	16025321690	0	135710657	4096	71	4791
1678034195	17233718865	11641977	203071364	1078743	265	7646182	11422520	0	172498368	33	227	16434083490	0	137247090	4096	71	4840
1678034197	17689614606	11944561	204570740	1093220	267	7741099	11517148	0	172593240	33	227	16866495466	0	138797780	4096	72	4894
1678034199	18157391745	12255026	206133627	1108509	269	7810600	11585632	0	172655844	33	227	17310619763	0	140451693	4096	73	4948
1678034201	18608974414	12554701	207594996	1122833	271	7872492	11641780	0	172711208	33	227	17718899369	0	142025136	4096	73	5001
1678034203	19079652036	12867106	209112119	1137519	273	7921847	11690048	0	172755552	33	227	18189072333	0	143663273	4096	74	5055
1678034205	19547071310	13177170	210601562	1152051	275	7918531	11685384	0	172747592	33	227	18637654505	0	145246740	4096	74	5110
1678034207	20036146554	13501658	212160715	1167228	277	8037973	11804520	0	172858036	33	227	19083746580	0	146965435	4096	75	5165
1678034209	20501829270	13810717	213617556	1181344	279	8042038	11807972	0	172856344	33	227	19520715054	0	148555051	4096	76	5220
1678034211	20939478966	14101193	215016467	1194973	281	8111572	11876864	0	172922820	33	227	19921470258	0	150013584	4096	76	5269
1678034213	21400536163	14407174	216486214	1209214	283	8102098	11866596	0	172903588	33	226	20372371558	0	151603152	4096	77	5321
1678034215	21860928016	14712668	217959338	1223426	285	8157666	11921652	0	172958664	33	227	20822766600	0	153209318	4096	77	5376
1678034217	22334203205	15026578	219481789	1238399	287	8190920	11954504	0	172989200	33	227	21272143149	0	154840666	4096	78	5431
1678034219	22816677581	15346662	220909351	1252072	289	8323579	12087004	0	173120892	33	227	21711356063	0	156475146	4096	79	5486
1678034221	23287974867	15659389	222448695	1267138	291	8398246	12160244	0	173193412	33	227	22161037025	0	158085899	4096	79	5540
1678034223	23698652016	15931810	223693450	1279134	293	8425828	12183620	0	173217764	33	226	22547194116	0	159550214	4096	80	5588
1678034225	24140219524	16224937	225121915	1292794	295	8494020	12250352	0	173281924	33	226	22959627336	0	161135977	4096	80	5642
1678034227	24558468749	16502606	226484119	1305826	297	8525682	12280688	0	173310428	33	227	23358458150	0	162723681	4096	81	5696
1678034229	24985518937	16786014	227836937	1318679	299	8588293	12342520	0	173370888	33	225	23761424390	0	164350889	4096	81	5750
1678034231	25423157461	17076564	229312797	1332923	301	8612008	12365744	0	173392436	33	227	24179001338	0	166034186	4096	82	5805
1678034233	25803807806	17329338	230858117	1345509	303	8668016	12420988	0	173448244	33	226	24545432989	0	167465138	4096	83	5854
1678034235	26254759987	17628747	232618023	1360340	305	8707746	12459888	0	173485692	33	227	24964278201	0	169114510	4096	83	5909
1678034237	26698412967	17923273	234233475	1373758	307	8760452	12512028	0	173536900	33	224	25395745893	0	170689214	4096	84	5964
1678034239	27152818075	18224846	235898530	1387409	309	8808960	12560272	0	173584004	33	225	25809257914	0	172285774	4096	84	6016
1678034241	27587211837	18513136	237474958	1400518	311	8869496	12620536	0	173641860	33	226	26225139671	0	173830478	4096	85	6067
1678034243	27990722972	18781011	238946757	1412714	313	8931110	12680636	0	173701080	33	226	26603802114	0	175242231	4096	85	6114
1678034245	28436197221	19076676	240527515	1425774	315	8965657	12713252	0	173733368	33	226	27029133084	0	176841809	4096	86	6167
1678034247	28884038347	19373928	242023665	1439007	317	9019643	12765964	0	173783652	33	227	27451050435	0	178455746	4096	87	6223
1678034249	29360765728	19690082	243455012	1452638	319	9057904	12803992	0	173820528	33	227	27901966582	0	180105762	4096	87	6278
1678034251	29787169255	19972957	244729214	1464757	321	9100462	12846280	0	173863380	33	227	28316086467	0	181561768	4096	88	6328
1678034253	30259099963	20286132	246249818	1479390	323	9133501	12878032	0	173894836	33	227	28759616327	0	183215961	4096	88	6384
1678034255	30731285263	20599322	247668129	1493093	325	9167695	12912120	0	173928444	33	227	29201754762	0	184845238	4096	89	6439
1678034257	31221558653	20924550	249163075	1507388	327	9235721	12980044	0	173995408	33	227	29675929262	0	186484977	4096	89	6494
1678034259	31646955496	21206671	250436393	1519600	329	9292286	13036544	0	174051544	33	227	30076315728	0	187937615	4096	90	6544
1678034261	32115315399	21517436	251895744	1533552	331	9343971	13088132	0	174102536	33	227	30537106877	0	189607388	4096	90	6600
1678034263	32599646130	21838637	253319064	1547247	333	9420029	13159536	0	174171684	33	227	30959567583	0	191313909	4096	91	6654
1678034265	33066496310	22148294	254786272	1561502	335	9489534	13228948	0	174238232	33	227	31401779441	0	192778718	4096	92	6706
1678034267	33526329814	22453307	256207114	1575198	337	9501797	13241148	0	174248356	33	226	31861825495	0	194282053	4096	92	6758
1678034269	33935447737	22724610	257387872	1586523	339	9585834	13325132	0	174332368	33	227	32230935162	0	195663802	4096	93	6805
1678034271	34391178947	23026974	258882448	1600821	341	9586911	13326168	0	174329944	33	227	32685607224	0	197313578	4096	93	6860
1678034273	34868472519	23343481	260164484	1613009	343	9597258	13333888	0	174336996	33	227	33126501346	0	198861120	4096	94	6914
1678034275	35349305464	23662531	261639343	1627152	345	9647047	13383640	0	174384816	33	226	33580550386	0	200559308	4096	94	6969
1678034277	35782683473	23949940	262883334	1638948	347	9723410	13459920	0	174458724	33	227	33998728547	0	202004994	4096	95	7019
1678034279	36300162306	24293115	264599108	1653661	349	9785733	13522212	0	174518724	33	226	34465242037	0	203691678	4096	96	7074
1678034281	36761503605	24599244	266182034	1666761	351	9811636	13548072	0	174540688	33	227	34914866305	0	205257281	4096	96	7129
1678034283	37247372150	24921610	267855711	1680931	353	9871019	13607368	0	174598120	33	227	35378955745	0	206859272	4096	97	7183
1678034285	37679215554	25208068	269309378	1693030	355	9956373	13692632	0	174681784	33	226	35794859681	0	208329178	4096	97	7234
1678034287	38188623712	25545967	270977094	1706768	357	10069636	13805828	0	174792080	33	225	36252016574	0	209961188	4096	98	7288
1678034289	38655138005	25855423	272584140	1720341	359	10056711	13792864	0	174778136	33	227	36726429902	0	211525299	4096	98	7341
1678034291	39113943403	26159810	274088550	1732888	361	10093662	13829788	0	174810420	33	226	37135452092	0	212992649	4096	99	7391
1678034293	39594105013	26478399	275727886	1746721	363	10143328	13879400	0	174857372	33	224	37594318542	0	214654583	4096	100	7447
1678034295	40083852515	26803368	277409279	1760609	365	10257675	13993672	0	174969104	33	227	38066906734	0	216294763	4096	100	7503
1678034297	40547326214	27110801	279023460	1774403	367	10251800	13987720	0	174963160	33	227	38508250331	0	217760109	4096	101	7554
1678034299	41052992474	27446202	280699923	1788442	369	10306450	14042268	0	175012644	33	227	38983452108	0	219403197	4096	102	7609
1678034301	41561483287	27783537	282429587	1803238	371	10408015	14143748	0	175111184	33	227	39464426740	0	220971190	4096	102	7664
1678034303	42016222792	28085242	283961551	1816190	373	10462437	14198084	0	175161656	33	227	39884471337	0	222471340	4096	103	7715
1678034305	42517317773	28417599	285621113	1830122	375	10461158	14196680	0	175157384	33	226	40362008323	0	224131411	4096	103	7769
1678034307	43037495082	28762591	287352162	1844765	377	10573392	14308836	0	175267396	33	227	40847808916	0	225737924	4096	104	7826
1678034309	43492928450	29064684	288797563	1856752	379	10668635	14403992	0	175360100	33	226	41286469986	0	227218503	4096	105	7876
1678034311	44010363835	29407842	290582429	1872068	381	10746610	14481884	0	175429860	33	226	41769133653	0	228832809	4096	105	7933
1678034313	44513604253	29741592	292167613	1885192	383	10773816	14509008	0	175457960	33	227	42240700796	0	230482113	4096	106	7988
1678034315	44906736200	30002551	293674102	1897623	385	10799047	14534108	0	175482380	33	226	42614433466	0	231974907	4096	106	8039
1678034317	45363674529	30305759	295304481	1911001	387	10852077	14587096	0	175530456	33	227	43047845709	0	233611262	4096	107	8095
1678034319	45811282731	30602850	296922603	1924377	389	10877224	14612188	0	175554504	33	227	43473251851	0	235257194	4096	107	8152
1678034321	46220361301	30874339	298386067	1936220	391	10933107	14668020	0	175609952	33	227	43850603308	0	236772578	4096	108	8203
1678034323	46650474123	31159796	299924529	1948907	393	10973926	14708752	0	175650396	33	227	44271262435	0	238427437	4096	108	8259
1678034325	47099578113	31457849	301521493	1961652	395	11029930	14764676	0	175705588	33	227	44697383673	0	240058795	4096	109	8316
1678034327	47504368218	31726478	302922077	1973114	397	11057131	14791788	0	175732160	33	226	45070488840	0	241608785	4096	110	8367
1678034329	47955599129	32025889	304529389	1986178	399	11093949	14828544	0	175770656	33	227	45484151518	0	243202334	4096	110	8422
1678034331	48395083856	32317610	306034512	1998219	401	11179316	14913832	0	175852796	33	227	45917616063	0	244802889	4096	111	8478
1678034333	48794080485	32582404	307497806	2010275	403	11244979	14979456	0	175914744	33	225	46306275851	0	246302596	4096	111	8529
1678034335	49460119241	33023572	309341596	2026542	405	11741298	15475260	0	176353752	33	226	47006329821	0	247903808	4096	112	8585
1678034337	50140826300	33474357	311190936	2043788	407	11969613	15703420	0	176576812	33	226	47628613011	0	249355679	4096	113	8635
1678034339	50838861879	33936701	313058741	2060395	409	12251848	15985532	0	176857268	33	227	48278854655	0	250965069	4096	114	8687
1678034341	51462989506	34349990	314731633	2075488	411	12143164	15876716	0	176745768	33	227	48867565241	0	252439467	4096	114	8737
1678034343	52154526351	34808062	316799956	2094409	413	12197792	15931224	0	176799248	33	227	49513317306	0	254105428	4096	115	8791
1678034345	52832101438	35256879	318669862	2111071	415	12174029	15907332	0	176770576	33	227	50160502207	0	255750805	4096	116	8846
1678034347	53469855104	35679333	320441737	2127258	417	12416086	16149284	0	177011756	33	226	50775593327	0	257211715	4096	117	8895
1678034349	54171901058	36144241	322330890	2144247	419	12250611	15983704	0	176846140	33	227	51437738255	0	258837789	4096	118	8949
1678034351	54819032507	36572844	324112420	2160225	421	12509715	16242696	0	177103368	33	227	52048855703	0	260263033	4096	118	8998
1678034353	55501430602	37024856	326003240	2177193	423	12485336	16218224	0	177076164	33	226	52699838270	0	261918480	4096	119	9053
1678034355	56117706319	37433050	327622236	2191541	425	12517530	16250344	0	177109632	33	227	53282194964	0	263397876	4096	120	9101
1678034357	56800860697	37885583	329534970	2208578	427	12564162	16296840	0	177154460	33	227	53936806309	0	265114290	4096	121	9157
1678034359	57456499145	38319760	331284182	2224567	429	12594135	16326708	0	177181968	33	226	54539307031	0	266578903	4096	121	9206
1678034361	58165700103	38789436	333189314	2241753	431	12532081	16264568	0	177116128	33	227	55209194172	0	268171379	4096	122	9261
1678034363	58796197114	39207053	334943544	2257486	433	12608403	16340808	0	177190976	33	227	55797619493	0	269716447	4096	123	9310
1678034365	59459421309	39646376	336764637	2273604	435	12792752	16523040	0	177371492	33	227	56426879232	0	271297141	4096	124	9363
1678034367	60086923780	40061983	338503205	2289544	437	12756290	16486488	0	177333124	33	227	57055444462	0	272807566	4096	124	9413
1678034369	60736770783	40492355	340210412	2305184	439	12849857	16579964	0	177426692	33	227	57647243147	0	274263171	4096	125	9464
1678034371	61456425690	40968974	341998848	2322290	441	12907350	16637368	0	177480952	33	226	58321916100	0	275789610	4096	126	9519
1678034373	62082398968	41383539	343656912	2338233	443	13049528	16779484	0	177621420	33	227	58907645537	0	277098038	4096	126	9566
1678034375	62764853203	41835456	345378429	2354619	445	12934584	16662612	0	177504860	33	227	59573700676	0	278609782	4096	127	9619
1678034377	63409451027	42262356	347047909	2370662	447	13093070	16821012	0	177657184	33	227	60172237337	0	279952411	4096	128	9669
1678034379	64121666782	42733964	348801081	2387509	449	13148024	16875916	0	177708660	33	227	60827837270	0	281492863	4096	129	9724
1678034381	64724948984	43133596	350412783	2402687	451	13162318	16890136	0	177721616	33	227	61398040095	0	282949676	4096	129	9773
1678034383	65402649834	43582429	352164135	2419372	453	13221627	16949352	0	177776712	33	226	62068265047	0	284470006	4096	130	9827
1678034385	66038553352	44003551	353803217	2435032	455	13330930	17052472	0	177877952	33	226	62658351910	0	285775799	4096	131	9876
1678034387	66750325565	44474967	355649013	2452801	457	13273864	16995296	0	177817268	33	226	63332132062	0	287337269	4096	132	9929
1678034389	67382592473	44893691	357226643	2467818	459	13463902	17185252	0	178004548	33	227	63850339010	0	288812946	4096	132	9980
1678034391	67831532621	45191441	358629929	2480392	461	13381558	17102792	0	177914568	33	225	64368769764	0	290321892	4096	133	10031
1678034393	68880047285	45885293	360983209	2503597	463	13919187	17639368	0	178418928	33	227	65454241620	0	291233813	4096	134	10082
1678034395	69987438392	46617996	363474679	2528824	465	14570348	18288020	0	179055284	33	226	66523572793	0	292070988	4096	135	10128
1678034397	71200041221	47420300	366206090	2556638	467	14786190	18503788	0	179280932	33	227	67638746845	0	292957299	4096	136	10179
1678034399	72265157093	48125021	368613754	2580917	469	15216481	18934016	0	179707036	33	226	68653338114	0	293846608	4096	137	10223
1678034401	73308370041	48815279	370945817	2604239	471	15095655	18812988	0	179568104	33	227	69618050798	0	294660083	4096	138	10271
1678034403	74338371659	49496820	373302141	2628038	473	15133918	18851152	0	179599984	33	226	70597755744	0	295427922	4096	139	10314
1678034405	75477248605	50250279	375644131	2651480	475	14678242	18392740	0	179134476	33	226	71670946287	0	296282503	4096	140	10365
1678034407	76531220650	50947621	378093353	2676265	477	14897794	18612212	0	179354220	33	227	72671757893	0	297122134	4096	141	10411
1678034409	77661186945	51695333	380591852	2701182	479	14796134	18510488	0	179244368	33	226	73737228111	0	298059937	4096	142	10461
1678034411	78700978959	52383510	382903145	2724201	481	14713285	18427592	0	179154116	33	227	74691978175	0	298913605	4096	143	10508
1678034413	79681999334	53032774	385142288	2746415	483	14776680	18490948	0	179215728	33	227	75637976815	0	299792781	4096	144	10554
1678034415	80692758629	53701756	387379680	2768390	485	14820045	18534276	0	179253848	33	227	76599595280	0	300664943	4096	145	10601
1678034417	81789728555	54427784	389862690	2792881	487	14835539	18549320	0	179267452	33	226	77629295695	0	301648192	4096	146	10653
1678034419	82794729431	55093014	392268524	2816902	489	14597974	18311712	0	179024984	33	227	78564639996	0	302511097	4096	147	10699
1678034421	83765220150	55735328	394522476	2839377	491	14786221	18499880	0	179210560	33	220	79445870740	0	303370652	4096	148	10743
1678034423	84805211184	56423692	396860505	2862579	493	14871242	18584812	0	179295444	33	226	80474328256	0	304287696	4096	149	10793
1678034425	85802704739	57083830	399188016	2886108	495	15237332	18950860	0	179660232	33	227	81428986095	0	305146279	4096	150	10838
1678034427	86859011379	57782750	401395728	2909028	497	15036258	18749312	0	179453580	33	226	82438533975	0	305981492	4096	151	10885
1678034429	88058638932	58576476	403912890	2935168	499	14991789	18704800	0	179405484	33	227	83552059622	0	306943627	4096	152	10937
1678034431	89107220149	59270325	406089001	2957718	501	14895240	18608224	0	179309892	33	227	84551295008	0	307787094	4096	153	10983
1678034433	90184657795	59983240	408390412	2981738	503	14853284	18566240	0	179266100	33	225	85555265025	0	308612639	4096	154	11029
1678034435	91242955781	60683478	410586668	3004483	505	15097091	18810016	0	179510328	33	227	86586268027	0	309503553	4096	155	11075
1678034437	92440588827	61475904	413191318	3031782	507	14958938	18671832	0	179374452	33	226	87696373384	0	310419159	4096	156	11126
1678034439	93512992428	62185439	415365858	3054389	509	15150113	18862980	0	179564344	33	226	88704458761	0	311238257	4096	157	11171
1678034441	94561239301	62879018	417692827	3078729	511	15178760	18891600	0	179580876	33	226	89690799907	0	312054258	4096	158	11216
1678034443	95481527823	63487885	419512696	3097548	513	15481079	19193892	0	179883188	33	227	90454284118	0	313200445	4096	159	11271
1678034445	96114022840	63906422	420856836	3111188	515	15177998	18890792	0	179575984	33	227	91092018344	0	314271315	4096	159	11323
1678034447	96790375154	64353972	422372737	3126986	517	15196438	18909212	0	179593860	33	226	91700926561	0	315525559	4096	160	11375
1678034449	97489123499	64816291	423783397	3141476	519	15242485	18955240	0	179639428	33	227	92325910590	0	316693794	4096	161	11428
1678034451	98111402072	65228095	425106513	3154904	521	15158485	18871216	0	179551788	33	226	92938139447	0	317875503	4096	162	11478
1678034453	98800937139	65684490	426603742	3170174	523	15166272	18878932	0	179559412	33	227	93577682754	0	319192790	4096	162	11534
1678034455	99446856336	66111936	427913781	3183446	525	15129167	18841752	0	179521376	33	227	94206169706	0	320381219	4096	163	11586
1678034457	100091639397	66538598	429243862	3196988	527	15207083	18919592	0	179600272	33	227	94835863641	0	321502114	4096	164	11638
1678034459	100766584416	66985217	430786092	3212992	529	15396447	19108868	0	179789044	33	226	95486630197	0	322683072	4096	164	11691
1678034461	101567232419	67514905	432429618	3230017	531	15465107	19177444	0	179857988	33	227	96218246033	0	323996534	4096	165	11749
1678034463	102284902849	67989715	433957135	3245860	533	15635529	19347804	0	180030412	33	227	96907418756	0	325128522	4096	166	11802
1678034465	102950010815	68429775	435315698	3259789	535	15602872	19315100	0	179992596	33	227	97577602084	0	326158560	4096	167	11853
1678034467	103662326797	68901023	436784772	3275083	537	15579971	19292156	0	179969984	33	226	98231576420	0	327338599	4096	167	11906
1678034469	104393505150	69384744	438235248	3290092	539	15826127	19538268	0	180217316	33	227	98876487458	0	328622548	4096	168	11960
1678034471	105178453438	69904027	439791830	3306238	541	15681648	19393736	0	180070808	33	227	99638750047	0	329932697	4096	169	12017
1678034473	105872847453	70363454	441182300	3320367	543	15796965	19509016	0	180184228	33	227	100307050973	0	331117182	4096	170	12071
1678034475	106562258145	70819521	442497630	3333869	545	15683801	19395812	0	180069356	33	225	100972070605	0	332343260	4096	171	12124
1678034477	107302173247	71309029	444037282	3349881	547	15797976	19509948	0	180184744	33	226	101626575554	0	333636344	4096	171	12177
1678034479	108011266323	71778123	445438425	3364351	549	15945679	19657616	0	180332328	33	227	102296648666	0	334853681	4096	172	12230
1678034481	108698165114	72232604	446849667	3378866	551	15861823	19573732	0	180246968	33	227	102973050403	0	336043082	4096	173	12281
1678034483	109440520366	72723858	448450623	3395360	553	15951026	19662916	0	180337336	33	227	103675868829	0	337367489	4096	174	12338
1678034485	110146991086	73191252	449922847	3410768	555	15948638	19660508	0	180333312	33	227	104317910770	0	338610658	4096	174	12389
1678034487	110854083896	73659080	451379018	3425786	557	15890955	19602804	0	180276864	33	226	104964701634	0	339869496	4096	175	12442
1678034489	111525331275	74103225	452777651	3440105	559	15928933	19640760	0	180313924	33	226	105622592917	0	341097931	4096	176	12494
1678034491	112200479200	74550006	454263100	3455388	561	15911704	19623508	0	180296688	33	226	106273238091	0	342332785	4096	177	12547
1678034493	112851492449	74980762	455573475	3468725	563	15897407	19609192	0	180280320	33	227	106860869115	0	343646537	4096	177	12598
1678034495	113524964187	75426355	456906814	3482454	565	16087715	19799480	0	180469292	33	227	107509215847	0	344842290	4096	178	12648
1678034497	114242016803	75900890	458541489	3498192	567	15944386	19656128	0	180325708	33	227	108185932535	0	346181965	4096	179	12706
1678034499	114934867579	76359374	460070279	3512510	569	16032217	19743940	0	180412996	33	227	108842277221	0	347442384	4096	179	12757
1678034501	115593708028	76795449	461602234	3526583	571	16127525	19839228	0	180517732	33	227	109456960704	0	348639745	4096	180	12808
1678034503	116220148947	77210082	463132356	3540666	573	16119184	19830868	0	180498548	33	227	110074509412	0	349901074	4096	181	12859
1678034505	116952244065	77694477	464705332	3556484	575	16244351	19956016	0	180622892	33	227	110720381906	0	351051549	4096	181	12910
1678034507	117587988232	78115146	466050572	3570152	577	16235963	19947604	0	180613664	33	227	111383810589	0	352168986	4096	182	12962
1678034509	118357270160	78624217	467733544	3587175	579	16195354	19906972	0	180571856	33	227	112082395648	0	353408112	4096	183	13016
1678034511	119015923705	79060069	469104468	3600894	581	16339181	20050748	0	180712312	33	227	112719445350	0	354497038	4096	184	13067
1678034513	119662756964	79488186	470509369	3615225	583	16296281	20007820	0	180667068	33	227	113340531844	0	355554609	4096	184	13114
1678034515	120348087397	79941589	471969955	3630327	585	16376800	20088312	0	180744464	33	227	113942755120	0	356688221	4096	185	13161
1678034517	120979380698	80359338	473260917	3643218	587	16359476	20070932	0	180726500	33	226	114546969379	0	357698871	4096	186	13209
1678034519	121713523250	80845116	474764785	3658607	589	16391132	20100240	0	180754096	33	227	115242040545	0	358936012	4096	186	13261
1678034521	122353960216	81268949	476165631	3672921	591	16434387	20143464	0	180794208	33	226	115855654392	0	360037723	4096	187	13310
1678034523	123017167176	81707812	477534592	3686899	593	16340671	20049704	0	180698700	33	227	116480004345	0	361139386	4096	188	13358
1678034525	123682449798	82148071	478870679	3700417	595	16521058	20230056	0	180881368	33	227	117118922349	0	362301271	4096	188	13408
1678034527	124326096118	82574022	480251793	3714385	597	16471477	20180448	0	180826004	33	227	117709230577	0	363418247	4096	189	13457
1678034529	125065315233	83063150	481704446	3729165	599	16444439	20147456	0	180789676	33	227	118420007012	0	364627399	4096	190	13511
1678034531	125713246189	83491957	483040867	3742742	601	16608714	20311712	0	180954140	33	226	119007141312	0	365788808	4096	190	13560
1678034533	126384697072	83936207	484470267	3757354	603	16515504	20218384	0	180855964	33	227	119664663043	0	366906337	4096	191	13611
1678034535	127068488399	84388704	485896269	3771881	605	16618412	20321264	0	180958980	33	227	120296274653	0	368112724	4096	192	13662
1678034537	127728951555	84825721	487347699	3786756	607	16631651	20334476	0	180970572	33	226	120916764409	0	369182640	4096	193	13713
1678034539	128372942882	85251910	488703070	3800492	609	16654730	20357508	0	180990948	33	226	121546281096	0	370343715	4096	193	13762
1678034541	129065883118	85710398	490057020	3814258	611	16845610	20548336	0	181180900	33	226	122192926196	0	371507836	4096	194	13814
1678034543	129808213899	86201604	491555016	3829482	613	16713913	20416616	0	181047956	33	227	122902693886	0	372729826	4096	195	13870
1678034545	130497652207	86657859	492995586	3844083	615	16881943	20584584	0	181215492	33	227	123559625196	0	373939979	4096	195	13921
1678034547	131174169613	87105448	494364363	3858096	617	16764617	20467232	0	181096736	33	226	124199121044	0	374995529	4096	196	13971
1678034549	131829723261	87539274	495731037	3871863	619	16870218	20572796	0	181199616	33	225	124804858301	0	376113571	4096	197	14019
1678034551	132505255402	87986275	497150475	3886391	621	17035849	20738380	0	181369776	33	227	125440501666	0	377291137	4096	198	14069
1678034553	133167987857	88424828	498488679	3899985	623	16962947	20665420	0	181290352	33	227	126061414825	0	378349936	4096	198	14118
1678034555	133847941900	88874765	499968987	3915092	625	17044202	20746604	0	181369796	33	227	126728330463	0	379496291	4096	199	14169
1678034557	134525650867	89323252	501459550	3930188	627	17027207	20729528	0	181351060	33	227	127348739991	0	380627961	4096	200	14219
1678034559	135250854871	89803354	503445491	3945368	629	17048846	20751084	0	181369780	33	227	128049442642	0	382540695	4096	200	14275
1678034561	135923924825	90249155	505760769	3960952	631	17156181	20858356	0	181477236	33	225	128661589632	0	384466556	4096	201	14328
1678034563	136571175033	90677866	508123207	3977135	633	17026614	20728724	0	181344892	33	227	129280707753	0	386368931	4096	202	14380
1678034565	137240177318	91120936	510328493	3991729	635	17114568	20816604	0	181432496	33	227	129897491390	0	388299167	4096	203	14430
1678034567	137844158813	91521086	512543317	4006296	637	17115538	20817524	0	181432568	33	227	130505499749	0	390052622	4096	203	14480
1678034569	138491629082	91949966	514729354	4021221	639	17188609	20890528	0	181502284	33	226	131114617880	0	391834244	4096	204	14532
1678034571	139174006556	92401618	516401992	4035698	641	17413859	21115712	0	181749332	33	227	131732961660	0	393177535	4096	205	14583
1678034573	139807280910	92820735	517866539	4049154	643	17245144	20946948	0	181578768	33	226	132358532873	0	394344819	4096	205	14633
1678034575	140442552599	93241161	519396688	4063420	645	17249095	20950844	0	181583088	33	223	132931315111	0	395654873	4096	206	14681
1678034577	141054305251	93646030	520796397	4076329	647	17395092	21096800	0	181728188	33	226	133518338928	0	396741992	4096	207	14731
1678034579	141808625952	94145258	522524636	4092263	649	17376726	21078404	0	181710048	33	227	134226812281	0	398155225	4096	208	14789
1678034581	142467874178	94581553	524153725	4107644	651	17587521	21289160	0	181919876	33	227	134854724887	0	399497352	4096	208	14840
1678034583	143128184426	95018591	525671153	4121594	653	17438672	21140288	0	181770852	33	226	135510664432	0	400704733	4096	209	14894
1678034585	143801615213	95464321	527160379	4135363	655	17462612	21164204	0	181790836	33	225	136126198392	0	401979982	4096	210	14946
1678034587	144478506979	95912282	528750661	4150429	657	17624556	21326124	0	181950344	33	225	136761843366	0	403236990	4096	210	15000
1678034589	145173363918	96372138	530369607	4165282	659	17504343	21205892	0	181828460	33	227	137428587868	0	404555811	4096	211	15054
1678034591	145870702686	96833631	531923794	4179556	661	17747558	21449084	0	182070616	33	226	138060825404	0	405835848	4096	212	15107
1678034593	146517617656	97261871	533484356	4194106	663	17521094	21222600	0	181843112	33	226	138678920620	0	407074090	4096	212	15158
1678034595	147197809822	97712025	535016831	4208334	665	17563628	21265112	0	181886704	33	227	139325407515	0	408280506	4096	213	15210
1678034597	147839902581	98137059	536513505	4221806	667	17717030	21418484	0	182040464	33	221	139941903560	0	409500184	4096	214	15263
1678034599	148531349989	98594697	538130519	4237062	669	17644543	21345960	0	181968608	33	226	140552379863	0	410863178	4096	215	15314
1678034601	149184930186	99027159	539579762	4250550	671	17829875	21531252	0	182151524	33	227	141239338429	0	412066051	4096	215	15366
1678034603	149841771825	99461875	541077542	4264393	673	17842116	21543432	0	182163456	33	225	141853469137	0	413335060	4096	216	15420
1678034605	150548895973	99929831	542692375	4279560	675	17698094	21399344	0	182018268	33	227	142498359881	0	414603320	4096	217	15471
1678034607	151229655727	100380420	544292542	4294468	677	17844985	21546184	0	182166108	33	227	143140104080	0	415855309	4096	218	15523
1678034609	151881427105	100811762	545730994	4307444	679	17788618	21489772	0	182106908	33	227	143765679765	0	417020417	4096	218	15575
1678034611	152580596721	101274474	547367914	4322769	681	17979311	21680436	0	182298704	33	226	144437520134	0	418344243	4096	219	15628
1678034613	153285571461	101740979	548959162	4337792	683	18108973	21810072	0	182427504	33	227	145087729892	0	419579761	4096	220	15681
1678034615	153952869421	102182612	550434612	4351638	685	17886202	21587268	0	182203012	33	226	145755181637	0	420803681	4096	220	15734
1678034617	154696498800	102674665	552126032	4367455	687	18202037	21903080	0	182518764	33	227	146401947536	0	422155694	4096	221	15789
1678034619	155417256151	103151628	553796006	4383317	689	18043668	21744684	0	182358952	33	227	147091786240	0	423344306	4096	222	15842
1678034621	156065677005	103580762	555215120	4396435	691	18147128	21848124	0	182462996	33	227	147730160542	0	424484818	4096	222	15892
1678034623	156727757773	104018901	556684120	4410197	693	18112155	21813132	0	182426208	33	226	148365943359	0	425667695	4096	223	15943
1678034625	157445972065	104494174	558376097	4426061	695	18068859	21769816	0	182383868	33	226	149015460273	0	427009372	4096	224	15996
1678034627	158127059574	104944900	559870105	4440056	697	18175750	21876684	0	182485664	33	227	149673654844	0	428230388	4096	225	16048
1678034629	158842157333	105418128	561498165	4455286	699	18344373	22045292	0	182652516	33	227	150347231471	0	429430863	4096	225	16101
1678034631	159533733422	105875777	563063961	4469978	701	18426553	22127448	0	182736168	33	227	151024735817	0	430667073	4096	226	16154
1678034633	160067578619	106228983	564226384	4480704	703	18432457	22133344	0	182740632	33	196	151303820426	0	431289371	4096	227	16178
1678034635	160076618815	106238411	564890374	4488224	705	326912	330000	0	4827412	1	1	151318551490	0	431432428	98304	238	16179
