Time	rx_bytes	rx_packets	tx_bytes	tx_packets	wtime	pss	rss	swap	vmem	nprocs	nthreads	rchar	read_bytes	wchar	write_bytes	stime	utime
1678044560	75	1	333	2	1	77680	80668	0	2780360	1	64	12479303	0	0	0	6	2
1678044562	1567277	2171	396223	1887	3	821265	1424616	0	44682908	9	59	23831582	0	203157	4096	14	10
1678044564	5451416	6756	1298392	5546	5	809980	1413152	0	45193504	9	57	27264657	0	690923	4096	14	23
1678044566	9016975	10591	2082649	8442	7	831905	1434980	0	45215264	9	59	30529811	0	1149618	4096	14	35
1678044568	12710541	14533	2915142	11441	9	802876	1405920	0	45185148	9	58	34023514	0	1652189	4096	14	48
1678044570	16271082	18185	3690496	14115	11	818129	1421164	0	45199964	9	58	37288628	0	2118650	4096	14	60
1678044572	20011279	21796	4071069	16466	13	817132	1420108	0	45198604	9	56	40838175	0	2615222	4096	14	73
1678044574	23602975	25141	4411435	18509	15	830448	1433424	0	45211780	9	59	44227434	0	3086911	4096	14	86
1678044576	27023246	28328	4736270	20456	17	826952	1429928	0	45207972	9	58	47466329	0	3547803	4096	15	98
1678044578	30712121	31590	5063531	22325	19	834360	1437336	0	45215812	9	56	50909239	0	4034755	4096	15	111
1678044580	34397399	34960	5408682	24363	21	815540	1418516	0	45196028	9	58	54468791	0	4522324	4096	15	124
1678044582	37847140	38109	5731149	26265	23	823888	1426864	0	45204640	9	59	57724352	0	4970408	4096	15	136
1678044584	41587623	41453	6067355	28242	25	827556	1430532	0	45208224	9	59	61321610	0	5482915	4096	15	149
1678044586	45119163	44582	6379135	30037	27	828776	1431752	0	45208224	9	58	64616339	0	5944188	4096	15	161
1678044588	48477597	47557	6685964	31799	29	831231	1434200	0	45210516	9	59	67877206	0	6410935	4096	15	174
1678044590	52054635	50680	6994390	33581	31	829055	1432024	0	45208660	9	58	71293055	0	6888900	4096	15	186
1678044592	55339871	53560	7288050	35263	33	825275	1428244	0	45204428	9	58	74455535	0	7329070	4096	16	198
1678044594	59099383	56737	7600574	37008	35	831535	1434504	0	45210984	9	58	77965901	0	7834706	4096	16	211
1678044596	62622664	59795	7904509	38741	37	829783	1432752	0	45208680	9	59	81256561	0	8296323	4096	16	223
1678044598	66205965	62874	8216059	40494	39	839267	1442236	0	45218152	9	58	84779851	0	8792632	4096	16	236
1678044600	70024434	66120	8539430	42297	41	835731	1438700	0	45214568	9	56	88369130	0	9303681	4096	16	250
1678044602	73522405	69086	8834412	43954	43	830631	1433600	0	45209176	9	57	91788699	0	9784990	4096	16	262
1678044604	77145095	72198	9147829	45716	45	832671	1435556	0	45210968	9	58	95250015	0	10273172	4096	16	275
1678044606	144693551	118266	9634444	49856	47	899980	1990228	0	45159104	9	59	164309893	0	10646404	4096	17	285
1678044608	474695924	336545	10155884	55574	49	2068913	3168896	0	46683704	9	59	484028554	0	10800843	4096	17	293
1678044610	815331628	561910	10745977	62023	51	2199981	2894676	0	46388740	9	59	805412823	0	10953352	4096	18	302
1678044612	1139766953	776494	11329826	68501	53	2564414	3258844	0	46752872	9	59	1113120779	0	11067642	4096	18	309
1678044614	1478018896	1000239	11858730	74337	55	3192254	3886612	0	47379936	9	59	1432873489	0	11201209	4096	18	316
1678044616	1820673359	1226822	12387965	80138	57	3954871	4645900	0	48136140	9	59	1767368068	0	11334815	4096	19	324
1678044618	2220849636	1491466	12985720	86693	59	4669305	5360240	0	48854072	9	59	2138412978	0	11506431	4096	19	334
1678044620	2541734991	1703718	13564093	93069	61	4945446	5636344	0	49120576	9	59	2442329628	0	11658298	4096	19	342
1678044622	2910206840	1947445	14192797	100006	63	4946576	5637436	0	49120576	9	59	2796766358	0	11810482	4096	20	350
1678044624	3250354745	2172410	14780677	106521	65	4969077	5659904	0	49142636	9	59	3113010533	0	11963544	4096	20	358
1678044626	3619511487	2416612	15456491	113962	67	4994418	5682448	0	49165332	9	59	3460471727	0	12115916	4096	20	367
1678044628	3951304572	2636009	16032610	120368	69	5052326	5740348	0	49222268	9	59	3764760394	0	12249423	4096	20	374
1678044630	4266176561	2844278	16558314	126138	71	4464449	5152464	0	48634148	9	59	4075889250	0	12402177	4096	20	382
1678044632	4630360299	3085099	17137263	132533	73	4465002	5153012	0	48634148	9	59	4408625556	0	12555332	4096	21	391
1678044634	4956295136	3300639	17702654	138790	75	4512444	5200444	0	48681956	9	59	4714684300	0	12708061	4096	21	399
1678044636	5330506247	3548170	18268757	144994	77	4751839	5438172	0	48919784	9	59	5070258350	0	12860616	4096	21	407
1678044638	5652576401	3761181	18800268	150830	79	4928179	5614500	0	49095752	9	59	5369637816	0	13012858	4096	21	415
1678044640	6019784213	4003989	19386528	157315	81	4900938	5587228	0	49068012	9	59	5720618611	0	13145861	4096	22	423
1678044642	6355894739	4226259	19953381	163573	83	4488605	5174876	0	48655248	9	59	6029282829	0	13279757	4096	22	431
1678044644	6730712635	4474079	20497411	169553	85	4512142	5198400	0	48678132	9	59	6387483898	0	13451317	4096	22	440
1678044646	7069800561	4698313	21037426	175514	87	4798999	5485248	0	48965716	9	59	6709287505	0	13565970	4096	22	448
1678044648	7416697122	4927690	21595224	181658	89	4949234	5635464	0	49116008	9	59	7038637111	0	13718679	4096	22	456
1678044650	7718438545	5127238	22109972	187329	91	4826316	5512508	0	48992120	9	59	7324500683	0	13870981	4096	23	464
1678044652	8092406142	5374523	22694464	193773	93	4675763	5361944	0	48840892	9	59	7680957167	0	14023549	4096	23	472
1678044654	8421868062	5592411	23232832	199673	95	4682627	5368804	0	48848316	9	59	7994902806	0	14175597	4096	23	480
1678044656	8790142904	5835952	23812366	206062	97	4816958	5502604	0	48982720	9	59	8327869347	0	14327881	4096	23	489
1678044658	9112080218	6048865	24392518	212476	99	4674126	5359772	0	48839356	9	59	8639917606	0	14461358	4096	23	496
1678044660	9451289498	6273165	24940178	218528	101	4706393	5392036	0	48870696	9	59	8954350768	0	14594483	4096	24	504
1678044662	9804516715	6506755	25537532	225103	103	4711871	5397496	0	48875516	9	59	9278159453	0	14784625	4096	24	513
1678044664	10150313315	6735396	26065837	230934	105	4945387	5631012	0	49110160	9	59	9613804423	0	14918121	4096	24	521
1678044666	10509455325	6972910	26692135	237855	107	5171446	5857036	0	49342156	9	59	9963437343	0	15071016	4096	24	529
1678044668	10844322491	7194331	27222702	243711	109	4708814	5394400	0	48872348	9	59	10280407330	0	15204622	4096	25	537
1678044670	11213796952	7438651	27793556	249989	111	4566306	5251892	0	48728628	9	59	10625959517	0	15357182	4096	25	546
1678044672	11544472575	7657327	28303433	255590	113	4658125	5343704	0	48820520	9	59	10933556343	0	15528618	4096	25	554
1678044674	11915809756	7902899	28860940	261700	115	4792711	5478272	0	48954628	9	59	11276217721	0	15681041	4096	25	562
1678044676	12257377796	8128760	29356293	267154	117	5016414	5701968	0	49190848	9	59	11605748420	0	15834251	4096	25	570
1678044678	12608692300	8361069	29889331	273008	119	4874021	5559572	0	49035472	9	59	11933185970	0	15987153	4096	26	579
1678044680	12937000863	8578191	30456437	279277	121	4726777	5412328	0	48887660	9	59	12236533576	0	16120976	4096	26	587
1678044682	13322639567	8833163	31048275	285834	123	4660457	5346008	0	48820428	9	59	12605294168	0	16273948	4096	26	595
1678044684	13678000267	9068147	31559607	291457	125	4877149	5562696	0	49036204	9	59	12943676767	0	16407802	4096	26	603
1678044686	14064059543	9323411	32134859	297794	127	5113716	5799260	0	49280388	9	59	13302802625	0	16560469	4096	27	612
1678044688	14389721656	9538789	32659811	303536	129	5307156	5992700	0	49466548	9	59	13613821408	0	16712730	4096	27	620
1678044690	14773560961	9792581	33259255	310153	131	5342583	6028124	0	49501936	9	59	13975869009	0	16884608	4096	27	629
1678044692	15108221275	10013886	33802026	316133	133	5359807	6045348	0	49519124	9	59	14290752379	0	17017607	4096	27	637
1678044694	15441366999	10234162	34340191	322111	135	5303223	5988764	0	49462884	9	59	14599464354	0	17151106	4096	27	644
1678044696	15797062439	10469359	34790494	326989	137	5002318	5687852	0	49161764	9	59	14930552130	0	17361253	4096	28	654
1678044698	16096269160	10667209	35292938	332522	139	4863322	5548856	0	49022392	9	59	15226634440	0	17475285	4096	28	661
1678044700	16492098604	10928966	35935057	339575	141	4788494	5474024	0	48947352	9	59	15607738248	0	17647050	4096	28	670
1678044702	16815402421	11142747	36428475	344986	143	4932320	5617844	0	49091016	9	59	15913277802	0	17780328	4096	28	678
1678044704	17200392517	11397310	37002995	351330	145	5034736	5720256	0	49203916	9	59	16271804493	0	17913600	4096	28	686
1678044706	17518783868	11607845	37524457	357017	147	4969703	5655220	0	49127968	9	59	16588266174	0	18066218	4096	29	694
1678044708	17874232062	11842861	38124945	363671	149	4794246	5479756	0	48952292	9	59	16901063004	0	18219466	4096	29	703
1678044710	18215282193	12068425	38652435	369459	151	4769014	5454524	0	48926628	9	59	17228364029	0	18371933	4096	29	711
1678044712	18595243961	12319661	39214215	375609	153	4799754	5485264	0	48957240	9	59	17584998914	0	18543661	4096	29	720
1678044714	18933268206	12543170	39731844	381302	155	4927065	5612568	0	49084736	9	59	17900242442	0	18696324	4096	30	728
1678044716	19296233817	12783127	40227193	386761	157	5002581	5688084	0	49160248	9	59	18245428407	0	18849032	4096	30	737
1678044718	19632347356	13005380	40678076	391680	159	4935507	5619324	0	49090248	9	59	18556954305	0	19001553	4096	30	745
1678044720	19998577174	13247560	41265378	398122	161	4790999	5474812	0	48945296	9	59	18910230228	0	19173088	4096	30	754
1678044722	20350550374	13480257	41822608	404320	163	4901079	5584888	0	49055608	9	59	19235149027	0	19287798	4096	30	761
1678044724	20679018315	13697464	42301627	409548	165	4852767	5536576	0	49007100	9	59	19545346462	0	19440094	4096	31	770
1678044726	20981653646	13897594	42736859	414279	167	4883286	5567052	0	49037460	9	59	19840722858	0	19591185	4096	31	777
1678044728	21298915330	14107385	43183757	419155	169	4926966	5608400	0	49078932	9	59	20130761044	0	19743148	4096	31	785
1678044730	21638182056	14331760	43744309	425287	171	4939994	5621408	0	49092072	9	59	20452548517	0	19913840	4096	31	793
1678044732	21945285947	14534824	44193172	430185	173	5017614	5699000	0	49169768	9	59	20747994052	0	20065680	4096	31	801
1678044734	22302115727	14770748	44745819	436284	175	4926114	5607488	0	49078368	9	58	21080604982	0	20208525	4096	31	809
1678044736	22588011002	14959826	45194648	441177	177	4965650	5647016	0	49118212	9	59	21350966928	0	20350385	4096	32	817
1678044738	22922170822	15180765	45715814	446922	179	4951962	5633324	0	49104436	9	59	21663317911	0	20521952	4096	32	825
1678044740	23235071427	15387665	46188672	452112	181	5041914	5723264	0	49194348	9	59	21963028951	0	20655138	4096	32	832
1678044742	23592399181	15623951	46701436	457718	183	5193168	5874508	0	49345628	9	59	22301185838	0	20807606	4096	32	840
1678044744	23908116604	15832724	47176480	462928	185	4989836	5671168	0	49142552	9	59	22604963484	0	20940926	4096	32	848
1678044746	24285339560	16082186	47709695	468785	187	4936652	5617984	0	49089280	9	59	22960182367	0	21092817	4096	33	857
1678044748	24618681999	16302565	48240721	474633	189	4882540	5563868	0	49034616	9	59	23272160558	0	21245130	4096	33	865
1678044750	24998450819	16553666	48800140	480777	191	4977548	5658876	0	49128976	9	59	23623394886	0	21435593	4096	33	874
1678044752	25301015755	16753746	49203735	485143	193	5080948	5762276	0	49232768	9	59	23918921998	0	21568594	4096	33	882
1678044754	25626120991	16968730	49752998	491199	195	5203427	5884752	0	49355688	9	59	24218737151	0	21721584	4096	33	890
1678044756	25996929163	17213903	50290317	497111	197	5301675	5983000	0	49454044	9	59	24573034424	0	21874410	4096	34	898
1678044758	26339932824	17440718	50789983	502597	199	5268546	5949868	0	49420744	9	59	24897435639	0	22026533	4096	34	906
1678044760	26711475799	17686414	51357995	508846	201	5273089	5954404	0	49425184	9	59	25244211743	0	22178639	4096	34	915
1678044762	27011552942	17884842	51812196	513809	203	5117951	5799260	0	49270000	9	59	25545477431	0	22331303	4096	34	923
1678044764	27401125998	18142402	52346922	519710	205	5217745	5899048	0	49369816	9	59	25898341024	0	22464200	4096	34	931
1678044766	27716142993	18350702	52803912	524717	207	4979450	5660744	0	49131432	9	59	26206407902	0	22616955	4096	35	939
1678044768	28085511667	18594936	53297688	530107	209	5023060	5704344	0	49174680	9	59	26546370029	0	22788816	4096	35	948
1678044770	28434597497	18825726	53732992	534888	211	5124844	5806124	0	49275888	9	59	26874112535	0	22903240	4096	35	956
1678044772	28776810608	19052005	54208218	540091	213	5085400	5766648	0	49235468	9	59	27201607412	0	23056085	4096	35	964
1678044774	29161019662	19306083	54783468	546426	215	5111061	5792292	0	49260708	9	59	27546536236	0	23227626	4096	36	973
1678044776	29467044603	19508401	55219698	551194	217	5004976	5686188	0	49153716	9	58	27850514959	0	23380140	4096	36	981
1678044778	29826438218	19746023	55707034	556538	219	5087408	5768616	0	49245184	9	59	28191162144	0	23532311	4096	36	989
1678044780	30165184469	19969990	56160158	561503	221	5120876	5802084	0	49268728	9	59	28492401189	0	23666090	4096	36	997
1678044782	30518862140	20203875	56723388	567723	223	5073348	5754556	0	49221540	9	59	28839186851	0	23836891	4096	36	1005
1678044784	30855566943	20426483	57221657	573192	225	5193167	5874372	0	49340340	9	59	29161870937	0	23989460	4096	37	1013
1678044786	31222963151	20669396	57701937	578432	227	5023671	5704876	0	49170944	9	59	29506237781	0	24141429	4096	37	1022
1678044788	31548134433	20884380	58154568	583393	229	4986159	5667360	0	49133264	9	59	29819473947	0	24275099	4096	37	1030
1678044790	31936391119	21141077	58636568	588666	231	4980063	5661264	0	49124648	9	59	30177915150	0	24427729	4096	37	1039
1678044792	32266524903	21359357	59126235	594078	233	5008163	5689364	0	49152468	9	59	30490238926	0	24560505	4096	37	1046
1678044794	32599768687	21579696	59595259	599213	235	5014571	5695772	0	49158772	9	59	30808378720	0	24712955	4096	38	1054
1678044796	32984432509	21834033	60153896	605376	237	5088498	5769696	0	49232652	9	59	31157968244	0	24865562	4096	38	1063
1678044798	33327082958	22060559	60626111	610571	239	5356418	6037616	0	49500964	9	59	31484375435	0	25017792	4096	38	1071
1678044800	33718024661	22319036	61173568	616584	241	5114570	5795764	0	49257796	9	59	31850854569	0	25168732	4096	38	1080
1678044802	34074464739	22554677	61648362	621784	243	5210322	5891504	0	49353088	9	59	32185731944	0	25304299	4096	39	1089
1678044804	34465417865	22813157	62195196	627764	245	5029595	5710768	0	49171776	9	59	32559451042	0	25494539	4096	39	1098
1678044806	34824360405	23050490	62660134	632855	247	5212060	5893212	0	49354644	9	59	32897531662	0	25646971	4096	39	1106
1678044808	35175592229	23282747	63108641	637732	249	5563999	6245148	0	49705120	9	59	33223542442	0	25780654	4096	39	1115
1678044810	35520572531	23510795	63582480	642967	251	5001559	5682700	0	49142732	9	59	33542917137	0	25914136	4096	40	1122
1678044812	35850356243	23728834	64002569	647559	253	5124911	5806044	0	49265264	9	59	33860154939	0	26047370	4096	40	1130
1678044814	36221065856	23973944	64485281	652821	255	5116927	5798060	0	49257140	9	59	34212891748	0	26218929	4096	40	1139
1678044816	36587362327	24216098	64951795	657933	257	5275115	5956248	0	49415236	9	59	34551762281	0	26352607	4096	40	1147
1678044818	36979143318	24475128	65499038	663976	259	5453458	6134588	0	49592904	9	59	34922824339	0	26485607	4096	40	1156
1678044820	37305979309	24691211	65975335	669210	261	5593182	6274312	0	49746184	9	59	35248539116	0	26638094	4096	41	1163
1678044822	37658891363	24924531	66475113	674715	263	5694786	6375916	0	49831940	9	59	35581855232	0	26790823	4096	41	1172
1678044824	38037394360	25174780	66982110	680296	265	5833217	6514340	0	49969564	9	59	35936540106	0	26942963	4096	41	1181
1678044826	38399351412	25414062	67437397	685281	267	5883505	6564628	0	50019456	9	59	36271446304	0	27095776	4096	41	1189
1678044828	38776707915	25663571	67958154	690970	269	5651001	6332120	0	49786608	9	59	36634654034	0	27248065	4096	41	1198
1678044830	39122718528	25892346	68525115	697262	271	5403601	6084716	0	49537948	9	59	36964309078	0	27401343	4096	42	1206
1678044832	39527962823	26160249	69043728	702952	273	5372397	6053512	0	49506636	9	59	37338931321	0	27554340	4096	42	1215
1678044834	39867083196	26384429	69484986	707838	275	5268637	5949752	0	49402760	9	59	37660078253	0	27688412	4096	42	1223
1678044836	40221992360	26619074	69920690	712588	277	5413220	6094332	0	49547740	9	59	37994118629	0	27822165	4096	42	1231
1678044838	40600604729	26869394	70442824	718335	279	5479369	6160476	0	49613888	9	59	38352592793	0	28012783	4096	43	1240
1678044840	40919456500	27080232	70870849	722962	281	5248810	5929896	0	49382860	9	59	38643742535	0	28183501	4096	43	1248
1678044842	41280855697	27319178	71365219	728338	283	5213223	5894296	0	49346720	9	59	38981839498	0	28335517	4096	43	1257
1678044844	41609375670	27536415	71831114	733412	285	5153103	5834164	0	49287108	9	59	39303913299	0	28488067	4096	43	1265
1678044846	41971049645	27775563	72364428	739254	287	5235875	5916936	0	49370408	9	59	39638138726	0	28639934	4096	43	1274
1678044848	42281846944	27981088	72808235	744081	289	5157602	5838660	0	49292596	9	59	39935443502	0	28791726	4096	44	1282
1678044850	42642229020	28219394	73292550	749354	291	5196124	5877168	0	49331364	9	59	40279323379	0	28943716	4096	44	1291
1678044852	42966516123	28433799	73758820	754463	293	5206052	5887092	0	49340568	9	59	40588509346	0	29095951	4096	44	1299
1678044854	43314056464	28663579	74210122	759365	295	5247180	5928220	0	49382172	9	59	40917978312	0	29248159	4096	44	1307
1678044856	43660752587	28892856	74743564	765219	297	5228597	5909624	0	49362752	9	59	41232269949	0	29400156	4096	44	1315
1678044858	43963364883	29092939	75203614	770241	299	5270780	5951784	0	49405876	9	59	41512988551	0	29590101	4096	45	1323
1678044860	44358552257	29354245	75736157	776049	301	5289208	5970208	0	49424320	9	59	41890322575	0	29741964	4096	45	1332
1678044862	44711998688	29587932	76226298	781414	303	5328188	6009184	0	49463012	9	59	42218356116	0	29912864	4096	45	1341
1678044864	45044412534	29807748	76697780	786567	305	5520958	6201952	0	49634704	9	59	42536875624	0	30064620	4096	45	1349
1678044866	45487454374	30100625	77277819	793059	307	5733224	6416484	0	49775480	9	59	42976538566	0	30158788	4096	46	1358
1678044868	45799334723	30306814	77748749	798291	309	5879032	6562268	0	49911804	9	59	43261900279	0	30291903	4096	46	1367
1678044870	46228827153	30590718	78336453	804847	311	5950588	6633820	0	49971080	9	59	43664663013	0	30386857	4096	46	1376
1678044872	46624696435	30852465	78834068	810416	313	6081688	6764920	0	50086264	9	58	44035713851	0	30472936	4096	46	1385
1678044874	47001677354	31101673	79337456	816007	315	5912004	6595224	0	49916032	9	59	44387680808	0	30595894	4096	47	1394
1678044876	47482789310	31419705	79935329	822700	317	6241244	6924464	0	50244172	9	59	44848720286	0	30710060	4096	47	1403
1678044878	47894156023	31691614	80430601	828265	319	6690576	7373796	0	50693040	9	59	45230819896	0	30823949	4096	47	1412
1678044880	48299881345	31959828	80941951	833939	321	6073248	6756464	0	50076360	9	59	45618980638	0	30918933	4096	47	1421
1678044882	48660899209	32198496	81382777	838831	323	6051328	6734544	0	50054240	9	59	45967488803	0	31032616	4096	48	1430
1678044884	49138659033	32514319	81984133	845546	325	5911204	6594420	0	49913140	9	59	46410996064	0	31165791	4096	48	1440
1678044886	49578442816	32805017	82485479	851163	327	6217691	6900904	0	50218868	9	59	46822521291	0	31241975	4096	48	1449
1678044888	49949204903	33050178	82968761	856502	329	6299591	6982804	0	50300536	9	59	47186521054	0	31374809	4096	48	1458
1678044890	50389200941	33341019	83512695	862586	331	6642719	7325932	0	50642720	9	59	47587033382	0	31488671	4096	49	1467
1678044892	50807593165	33617574	83986691	867892	333	6882431	7565644	0	50880484	9	59	47969945155	0	31583557	4096	49	1476
1678044894	51271755365	33924430	84551315	874180	335	6341167	7024376	0	50338880	9	59	48424872879	0	31697474	4096	49	1486
1678044896	51635902958	34165167	85006647	879214	337	6302623	6985832	0	50300728	9	59	48759908189	0	31830403	4096	49	1495
1678044898	52006792742	34410361	85484897	884544	339	6002463	6685672	0	50000224	9	59	49113092961	0	31944478	4096	50	1504
1678044900	52465156355	34713382	86067834	891089	341	6297558	6980764	0	50295356	9	59	49550555801	0	32039546	4096	50	1513
1678044902	52857000024	34972372	86531068	896272	343	6238842	6922048	0	50236484	9	59	49917330494	0	32134598	4096	50	1521
1678044904	53311960577	35273133	87125122	902892	345	6615474	7298680	0	50624836	9	59	50355122803	0	32267428	4096	50	1531
1678044906	53710245302	35536429	87658997	908852	347	6603730	7286932	0	50601940	9	59	50720050568	0	32400611	4096	51	1540
1678044908	54144263050	35823339	88196893	914844	349	6055974	6739176	0	50053820	9	59	51129154705	0	32512556	4096	51	1550
1678044910	54545126978	36088353	88708492	920536	351	5842754	6525956	0	49840664	9	59	51508674948	0	32628000	4096	51	1559
1678044912	54973382584	36371460	89282498	926985	353	5978505	6661704	0	49976760	9	59	51917584559	0	32703819	4096	51	1567
1678044914	55392687787	36648651	89842019	933229	355	5980885	6664084	0	49991012	9	59	52310710258	0	32836598	4096	52	1577
1678044916	55773003019	36900064	90309946	938455	357	6453501	7136700	0	50451756	9	59	52653388804	0	32950455	4096	52	1586
1678044918	56249992818	37215352	90884078	944886	359	6719225	7402420	0	50717528	9	59	53109473448	0	33045738	4096	52	1595
1678044920	56592063286	37441489	91338703	949926	361	6903665	7586860	0	50902072	9	59	53428450398	0	33179098	4096	52	1604
1678044922	56982288899	37699458	91878058	955947	363	6282657	6965852	0	50278884	9	59	53806552648	0	33293147	4096	53	1613
1678044924	57415283306	37985687	92418763	962001	365	6251149	6934324	0	50246660	9	59	54204745212	0	33388423	4096	53	1622
1678044926	57830093145	38259899	92936150	967790	367	6263786	6946952	0	50276712	9	59	54609798106	0	33483417	4096	53	1630
1678044928	58254321675	38540356	93473838	973778	369	6465886	7149044	0	50458908	9	59	54999910551	0	33597469	4096	53	1640
1678044930	58635151607	38792118	93953110	979078	371	6609394	7292548	0	50610468	9	59	55378447343	0	33749557	4096	54	1649
1678044932	59132059310	39120582	94563045	985942	373	6892614	7575764	0	50885732	9	59	55815517316	0	33825581	4096	54	1659
1678044934	59529847852	39383549	95109854	992061	375	7169326	7852476	0	51162456	9	59	56209429746	0	33920596	4096	54	1667
1678044936	59879852957	39615014	95534644	996717	377	7544498	8227648	0	51538412	9	59	56535230121	0	34072915	4096	54	1677
1678044938	60330718703	39913012	96125662	1003306	379	7782998	8466144	0	51776864	9	59	56948495253	0	34186644	4096	55	1686
1678044940	60737649209	40182025	96668274	1009356	381	7817110	8500256	0	51810532	9	59	57344369148	0	34281413	4096	55	1694
1678044942	61170100264	40467895	97205277	1015358	383	7887690	8570836	0	51881180	9	59	57764481611	0	34376468	4096	55	1703
1678044944	61549314493	40718585	97711961	1020987	385	7944965	8628108	0	51938472	9	59	58112568921	0	34528402	4096	55	1713
1678044946	61967111246	40994751	98254602	1027106	387	6903541	7586684	0	50895984	9	59	58492032638	0	34604353	4096	55	1721
1678044948	62398108369	41279691	98755459	1032700	389	6649993	7333136	0	50642640	9	59	58916231705	0	34737477	4096	56	1731
1678044950	62780205025	41532241	99206625	1037694	391	6520385	7203524	0	50511380	9	59	59272401394	0	34813209	4096	56	1739
1678044952	63181374253	41797472	99737363	1043572	393	6263008	6946144	0	50254056	9	59	59645303366	0	34983796	4096	56	1749
1678044954	63506114406	42012181	100175421	1048364	395	6246104	6929236	0	50236544	9	59	59960138295	0	35115731	4096	56	1757
1678044956	63940599255	42299408	100754346	1054831	397	7011572	7694704	0	50966204	9	59	60386642194	0	35220271	4096	57	1766
1678044958	64465580706	42646395	101429054	1062468	399	6929624	7612756	0	50841508	9	59	60876888982	0	35284459	4096	57	1775
1678044960	64979382081	42985933	102074035	1069787	401	6716276	7399408	0	50612712	9	59	61364243881	0	35327265	4096	57	1783
1678044962	65531932435	43351172	102742367	1077339	403	6962947	7646076	0	50847928	9	59	61880465325	0	35380786	4096	58	1793
1678044964	66047322548	43691742	103382142	1084592	405	6983791	7666916	0	50895764	9	59	62358714818	0	35434233	4096	58	1801
1678044966	66541888284	44018592	103978361	1091345	407	7379110	8062216	0	51249724	9	59	62819519068	0	35487700	4096	58	1809
1678044968	67085520520	44377897	104677539	1099241	409	7496278	8179380	0	51365236	9	59	63352572608	0	35541200	4096	59	1819
1678044970	67596472543	44715589	105409367	1107557	411	7833370	8516464	0	51733680	9	59	63834783676	0	35594718	4096	59	1827
1678044972	68160082574	45088073	106189043	1116315	413	8238650	8921740	0	52104864	9	59	64366330075	0	35658925	4096	59	1836
1678044974	68613444407	45387727	106754291	1122700	415	8109478	8792568	0	51999736	9	59	64781477503	0	35701744	4096	60	1844
1678044976	69026391755	45660670	107362004	1129579	417	7806122	8489212	0	51672356	9	59	65168005761	0	35755298	4096	60	1852
1678044978	69560740627	46013828	108024415	1137085	419	7620686	8303776	0	51485708	9	59	65662078236	0	35798094	4096	60	1861
1678044980	69963677689	46280130	108463385	1142036	421	7607798	8290888	0	51471808	9	59	66043837001	0	35840925	4096	61	1868
1678044982	70485429614	46624955	109140758	1149679	423	8211458	8894548	0	52074608	9	59	66534201716	0	35905182	4096	61	1878
1678044984	70989220578	46957925	109750102	1156573	425	8125897	8808984	0	51988384	9	59	67014333194	0	35948025	4096	61	1886
1678044986	71425636272	47246345	110314512	1162898	427	8639749	9322836	0	52502516	9	59	67408412658	0	36001567	4096	61	1894
1678044988	71927457341	47577998	111016875	1170891	429	9004153	9687240	0	52864740	9	59	67899897845	0	36033716	4096	62	1902
1678044990	72349004825	47856604	111609517	1177617	431	8588669	9271756	0	52448512	9	59	68301212327	0	36087369	4096	62	1910
1678044992	72791499208	48149081	112161222	1183819	433	8086789	8769864	0	51947184	9	59	68719377991	0	36140873	4096	62	1919
1678044994	73280478064	48472266	112793018	1190978	435	7446633	8129708	0	51306920	9	59	69206558161	0	36183752	4096	62	1927
1678044996	73716059610	48760154	113323922	1196957	437	7685021	8368096	0	51545536	9	59	69622538950	0	36248069	4096	63	1935
1678044998	74214321831	49089468	113944052	1203976	439	7942197	8625268	0	51802596	9	59	70068200600	0	36301659	4096	63	1943
1678045000	74761278155	49450994	114611210	1211484	441	8063073	8746132	0	51923556	9	59	70583954010	0	36366003	4096	63	1953
1678045002	75253300782	49776196	115251900	1218704	443	8431121	9114168	0	52291252	9	59	71048479380	0	36430319	4096	63	1962
1678045004	75730503452	50091629	115862528	1225593	445	8488756	9171800	0	52348676	9	59	71504597138	0	36473207	4096	64	1970
1678045006	76242311645	50429898	116508668	1232920	447	8682528	9365572	0	52543088	9	59	71966872942	0	36516091	4096	64	1978
1678045008	76682453532	50720829	117054588	1239026	449	7963424	8646460	0	51823708	9	59	72411304638	0	36591124	4096	64	1987
1678045010	77236342862	51086909	117698605	1246289	451	8195432	8878468	0	52055868	9	59	72928858509	0	36644701	4096	64	1997
1678045012	77717409466	51404879	118229449	1252249	453	8406624	9089504	0	52266808	9	59	73378599827	0	36709042	4096	65	2005
1678045014	78201621617	51724908	118869412	1259478	455	8514508	9197388	0	52374776	9	59	73822442984	0	36762663	4096	65	2014
1678045016	78744702421	52083893	119608568	1267791	457	8013652	8696528	0	51873328	9	59	74333599910	0	36848465	4096	65	2023
1678045018	79254275408	52420654	120292201	1275546	459	7861940	8544816	0	51721716	9	59	74819782425	0	36880623	4096	65	2031
1678045020	79693677169	52711117	120890995	1282241	461	7786616	8469492	0	51646952	9	59	75253776922	0	36934218	4096	66	2040
1678045022	80276564337	53096374	121651723	1290826	463	7643096	8325972	0	51513512	9	59	75761961130	0	37020017	4096	66	2050
1678045024	80818065150	53454255	122301328	1298187	465	8315572	8998448	0	52175732	9	59	76288072914	0	37062941	4096	66	2059
1678045026	81293091835	53768247	122940850	1305355	467	8486931	9169804	0	52346928	9	59	76756751879	0	37127273	4096	67	2069
1678045028	81812429164	54111513	123644884	1313243	469	8362475	9045348	0	52221984	9	59	77236438413	0	37202357	4096	67	2077
1678045030	82369420011	54479608	124305912	1320771	471	8217683	8900556	0	52077368	9	59	77755432568	0	37234545	4096	67	2086
1678045032	82885646209	54820794	124950794	1327933	473	8204983	8887856	0	52064296	9	59	78253406783	0	37288216	4096	68	2095
1678045034	83332260382	55116001	125489282	1333969	475	7787651	8470520	0	51679492	9	59	78661991659	0	37363317	4096	68	2103
1678045036	83896118068	55488641	126200948	1342060	477	8087519	8770388	0	51947804	9	59	79204365172	0	37406227	4096	68	2112
1678045038	84440283934	55848300	126846922	1349319	479	7951819	8634688	0	51811992	9	59	79713695957	0	37459846	4096	68	2121
1678045040	84946858670	56183140	127508752	1356761	481	7667611	8350480	0	51551504	9	59	80171773103	0	37534973	4096	69	2130
1678045042	85567911143	56593566	128281100	1365560	483	8082878	8765744	0	51942592	9	59	80779364582	0	37567180	4096	69	2139
1678045044	86010080103	56885843	128893164	1372402	485	7945450	8628316	0	51805100	9	59	81210512964	0	37631542	4096	69	2148
1678045046	86521984074	57224229	129615879	1380563	487	7322778	8005644	0	51205368	9	59	81682496140	0	37706647	4096	70	2157
1678045048	87123675989	57621841	130350629	1388921	489	7900946	8583812	0	51759656	9	59	82239366489	0	37738835	4096	70	2166
1678045050	87599895678	57936604	131001447	1396249	491	7324062	8006928	0	51182496	9	59	82703822924	0	37803210	4096	70	2175
1678045052	88152424431	58301781	131682888	1403963	493	7079010	7761876	0	50937196	9	59	83201437963	0	37867525	4096	70	2184
1678045054	88732471337	58685129	132332358	1411331	495	7381326	8064192	0	51239604	9	59	83758837071	0	37899716	4096	71	2193
1678045056	89187372963	58985801	132929128	1417978	497	7411043	8093904	0	51269288	9	59	84213550606	0	37974804	4096	71	2201
1678045058	89782945461	59379410	133646677	1426089	499	7651583	8334440	0	51509880	9	59	84763171235	0	38049779	4096	71	2211
1678045060	90286437305	59712145	134276751	1433281	501	7461871	8144728	0	51320324	9	59	85237309104	0	38071197	4096	72	2220
1678045062	90727812548	60003919	134909363	1440386	503	7397639	8080488	0	51256376	9	59	85633056658	0	38143702	4096	72	2229
1678045064	91129775234	60269543	135399364	1445986	505	8313479	8996324	0	52193024	9	59	85996397268	0	38181523	4096	72	2240
1678045066	91421115122	60462151	135753606	1449896	507	7543521	8226356	0	51401892	9	59	86298170941	0	38295158	4096	72	2250
1678045068	91842083686	60740348	136250887	1455588	509	8310937	8993772	0	52169496	9	59	86674145464	0	38315847	4096	73	2260
1678045070	92122254821	60925571	136577186	1459167	511	7127302	7810132	0	50985748	9	59	86951086931	0	38448096	4096	73	2273
1678045072	92534145146	61197782	137001255	1463995	513	8025970	8708800	0	51884700	9	59	87321029386	0	38485833	4096	73	2283
1678045074	92794486890	61369898	137324420	1467550	515	7719158	8401984	0	51577088	9	59	87601779377	0	38580275	4096	73	2294
1678045076	93220787486	61651652	137829339	1473284	517	8247938	8930764	0	52106524	9	59	87988717603	0	38618011	4096	74	2305
1678045078	93538513871	61861705	138258655	1478047	519	8240361	8923184	0	52116520	9	59	88294845872	0	38750287	4096	74	2316
1678045080	93905233821	62104081	138813536	1484387	521	8391721	9074544	0	52249764	9	59	88618803553	0	38788025	4096	74	2327
1678045082	94280820499	62352367	139266987	1489427	523	7587621	8270444	0	51445640	9	59	88993798811	0	38901367	4096	74	2337
1678045084	94621984626	62577839	139656357	1493837	525	8200309	8883132	0	52057976	9	59	89291037576	0	38976882	4096	75	2349
1678045086	95027899905	62846165	140145667	1499284	527	7789821	8472644	0	51647588	9	59	89695557860	0	39052418	4096	75	2360
1678045088	95340202229	63052595	140524215	1503539	529	7770045	8452864	0	51627776	9	58	89983852258	0	39128065	4096	75	2371
1678045090	95688339862	63282710	140970395	1508554	531	7404733	8087552	0	51262724	9	59	90309951482	0	39203778	4096	75	2381
1678045092	96093721871	63550626	141434537	1513799	533	7926413	8609232	0	51784772	9	59	90695905682	0	39279281	4096	76	2393
1678045094	96436897004	63777455	141865096	1518634	535	8069301	8752120	0	51931704	9	59	91016037663	0	39354803	4096	76	2403
1678045096	96813298748	64026208	142312330	1523727	537	8552733	9235552	0	52410932	9	59	91369926442	0	39392767	4096	76	2413
1678045098	97155971282	64252722	142750558	1528626	539	8616525	9299344	0	52474492	9	59	91696894538	0	39506273	4096	77	2425
1678045100	97568170511	64525115	143245412	1534285	541	9148801	9831620	0	53006792	9	59	92082451885	0	39544048	4096	77	2436
1678045102	97829931747	64698171	143566728	1537829	543	8453829	9136644	0	52311408	9	59	92328641995	0	39638728	4096	77	2447
1678045104	98297004737	65006852	144259839	1545752	545	9026533	9709348	0	52884680	9	59	92784462657	0	39693524	4096	77	2458
1678045106	98586538733	65198239	144641156	1550011	547	8615173	9297988	0	52473336	9	59	93046516476	0	39789746	4096	78	2470
1678045108	99025653171	65488439	145197559	1556349	549	8782273	9465088	0	52648500	9	59	93470638751	0	39808657	4096	78	2480
1678045110	99315079057	65679762	145533695	1560077	551	8125865	8808680	0	51983360	9	59	93736618984	0	39922287	4096	78	2493
1678045112	99749783455	65967050	146041448	1565842	553	8323797	9006612	0	52181804	9	59	94146805338	0	39960123	4096	79	2502
1678045114	100065447901	66175669	146396693	1569860	555	8470597	9153412	0	52328656	9	59	94439886417	0	40054748	4096	79	2515
1678045116	100459462604	66436109	146908151	1575604	557	8375608	9058420	0	52233388	9	59	94823055838	0	40111373	4096	79	2524
1678045118	100803579728	66663553	147338409	1580482	559	8217172	8899984	0	52075216	9	59	95131765617	0	40168174	4096	79	2535
1678045120	101158724750	66898302	147776249	1585389	561	8173452	8856264	0	52031108	9	59	95466274838	0	40262642	4096	80	2546
1678045122	101543585035	67152646	148314722	1591538	563	8566276	9249088	0	52440612	9	59	95820686836	0	40300435	4096	80	2557
1678045124	101860659566	67362267	148755954	1596459	565	8420228	9103040	0	52278300	9	59	96139597758	0	40413850	4096	80	2567
1678045126	102332418073	67674030	149368560	1603463	567	9095484	9778296	0	52953540	9	59	96573874086	0	40451597	4096	81	2579
1678045128	102581294827	67838573	149640984	1606444	569	8602844	9285652	0	52461236	9	59	96827048642	0	40565093	4096	81	2590
1678045130	103010104045	68121975	150209623	1612920	571	8848676	9531484	0	52706392	9	59	97235176792	0	40602833	4096	81	2600
1678045132	103309290927	68319732	150586445	1617135	573	8260648	8943456	0	52117456	9	59	97522235537	0	40697227	4096	81	2613
1678045134	103747505060	68609348	151084169	1622775	575	8308396	8991204	0	52165724	9	59	97931683030	0	40753901	4096	82	2623
1678045136	104043126270	68804732	151408309	1626414	577	8578248	9261056	0	52435628	9	59	98200854184	0	40810760	4096	82	2635
1678045138	104467247313	69085053	151880028	1631713	579	8026268	8709076	0	51884036	9	59	98626144039	0	40886449	4096	82	2645
1678045140	104763161222	69280640	152259735	1635983	581	7981132	8663940	0	51838844	9	59	98874537389	0	40980978	4096	82	2657
1678045142	105183830435	69558655	152747328	1641500	583	8100991	8783796	0	51963752	9	59	99257138793	0	41018751	4096	83	2667
1678045144	105496950881	69765635	153160883	1646132	585	8238315	8921120	0	52095660	9	59	99575946330	0	41113260	4096	83	2679
1678045146	105888369970	70024334	153676846	1651979	587	8342083	9024888	0	52201088	9	59	99930545636	0	41169981	4096	83	2689
1678045148	106180643615	70217507	154084124	1656585	589	8474227	9157032	0	52331776	9	59	100200239865	0	41245876	4096	83	2700
1678045150	106620645573	70508346	154655073	1663024	591	8068347	8751152	0	51926040	9	59	100621914537	0	41321372	4096	84	2711
1678045152	106872778244	70674996	154967971	1666551	593	8459759	9142564	0	52317664	9	59	100854223869	0	41396929	4096	84	2721
1678045154	107324587813	70973618	155467713	1672185	595	8601207	9284012	0	52459292	9	59	101293680229	0	41453589	4096	84	2732
1678045156	107574718631	71138965	155760611	1675444	597	8455607	9138408	0	52313524	9	59	101522900880	0	41566880	4096	84	2744
1678045158	107965772326	71397453	156240113	1680831	599	8962347	9645148	0	52820636	9	59	101914930231	0	41604609	4096	84	2753
1678045160	108321382098	71632480	156672179	1685719	601	8555267	9238068	0	52413400	9	59	102247120647	0	41699010	4096	85	2766
1678045162	108724044360	71898648	157166404	1691273	603	8145227	8828028	0	52003432	9	59	102621414207	0	41772946	4096	85	2776
1678045164	109047304219	72112323	157613910	1696325	605	8450675	9133476	0	52308532	9	59	102933983566	0	41831412	4096	85	2787
1678045166	109445521978	72375560	158201501	1702953	607	8431055	9113856	0	52288892	9	59	103332943566	0	41925895	4096	85	2798
1678045168	109751795944	72578032	158545726	1706836	609	8865194	9547992	0	52722996	9	59	103593544200	0	41982779	4096	86	2809
1678045170	110151232823	72841987	158982476	1711762	611	8715406	9398204	0	52575740	9	59	103955218354	0	42058174	4096	86	2819
1678045172	110439206908	73032365	159383348	1716251	613	8257242	8940040	0	52114816	9	59	104239423448	0	42152624	4096	86	2831
1678045174	110888444203	73329279	159912365	1722243	615	8806710	9489508	0	52665072	9	59	104665940374	0	42190442	4096	87	2841
1678045176	111174231466	73518187	160245806	1725974	617	8785726	9468524	0	52643016	9	59	104917859125	0	42320782	4096	87	2853
1678045178	111661911708	73840513	160897221	1733358	619	9200690	9883488	0	53058412	9	59	105379473449	0	42341625	4096	87	2864
1678045180	111898857259	73997165	161227666	1737001	621	8183602	8866396	0	52041064	9	59	105598206335	0	42473821	4096	87	2876
1678045182	112296931609	74260308	161691035	1742258	623	8629066	9311860	0	52495328	9	59	105992632649	0	42492717	4096	88	2884
1678045184	112628755334	74479617	162099866	1746835	625	8374518	9057312	0	52232592	9	59	106282064527	0	42587141	4096	88	2897
1678045186	112997504059	74723349	162547697	1751879	627	8331722	9014516	0	52189468	9	59	106662929546	0	42662769	4096	88	2906
1678045188	113331586487	74944175	162958258	1756486	629	8891280	9573388	0	52748816	9	59	106968997293	0	42738307	4096	88	2918
1678045190	113751262203	75221552	163487507	1762460	631	8080468	8762576	0	51938056	9	59	107367472419	0	42813929	4096	89	2929
1678045192	114068215263	75431047	163852617	1766566	633	8087635	8769740	0	51945168	9	59	107645211526	0	42889429	4096	89	2941
1678045194	114430627029	75670589	164270717	1771272	635	8054139	8736244	0	51911384	9	59	108006636037	0	42965082	4096	89	2950
1678045196	114792908157	75910036	164676501	1775841	637	8431999	9114104	0	52289328	9	59	108332991055	0	43040656	4096	89	2962
1678045198	115163210126	76154787	165105610	1780660	639	8613752	9291508	0	52466624	9	59	108689479464	0	43097254	4096	90	2972
1678045200	115503611321	76379762	165465684	1784708	641	8935740	9613496	0	52788496	9	59	109005317503	0	43191835	4096	90	2983
1678045202	115886686429	76633000	166017246	1790912	643	8886828	9564584	0	52753028	9	59	109363302419	0	43267309	4096	90	2995
1678045204	116211130112	76847452	166494356	1796317	645	8460056	9137812	0	52312852	9	59	109675157281	0	43324080	4096	90	3006
1678045206	116566063737	77082068	166932071	1801223	647	8554348	9232092	0	52407468	9	59	110011034760	0	43418416	4096	91	3016
1678045208	116938099408	77327960	167380376	1806311	649	8913587	9591300	0	52766656	9	58	110355563043	0	43485137	4096	91	3028
1678045210	117268655032	77546510	167818328	1811177	651	7671188	8347252	0	51522100	9	59	110699172709	0	43569583	4096	91	3037
1678045212	117634888139	77788552	168257222	1816175	653	8325800	9001864	0	52180812	9	59	111000928139	0	43607396	4096	91	3049
1678045214	118036641692	78054146	168754924	1821726	655	7869120	8545184	0	51720472	9	59	111384608306	0	43720711	4096	92	3060
1678045216	118339120241	78254079	169107835	1825709	657	8254864	8930928	0	52106152	9	59	111670559749	0	43796166	4096	92	3071
1678045218	118670018058	78472828	169524393	1830353	659	7940012	8616072	0	51791204	9	59	112015729774	0	43871749	4096	92	3080
1678045220	119056740527	78728420	169953741	1835212	661	8454968	9131028	0	52305976	9	59	112353342052	0	43947574	4096	92	3092
1678045222	119401780564	78956511	170356646	1839703	663	8524400	9200460	0	52375392	9	59	112686774216	0	44023413	4096	93	3102
1678045224	119736134444	79177518	170730632	1843906	665	8205740	8881800	0	52056824	9	59	112997729174	0	44098974	4096	93	3113
1678045226	120103079742	79420089	171240510	1849649	667	8246976	8923036	0	52097972	9	59	113348073854	0	44174545	4096	93	3124
1678045228	120444808573	79645967	171718038	1855053	669	8369424	9045484	0	52220268	9	59	113665406063	0	44250093	4096	93	3135
1678045230	120772631489	79862674	172070962	1858973	671	7830087	8506144	0	51680876	9	59	113978007694	0	44325766	4096	93	3145
1678045232	121151616503	80113186	172609348	1865083	673	8426207	9102264	0	52276908	9	59	114335019547	0	44401284	4096	94	3157
1678045234	121525547714	80360364	173155424	1871234	675	8301127	8977184	0	52172092	9	59	114695750665	0	44476781	4096	94	3167
1678045236	121844238438	80570989	173525152	1875420	677	8676571	9352628	0	52527188	9	59	114991050059	0	44533389	4096	94	3178
1678045238	122207931500	80811418	173980567	1880502	679	8221655	8897712	0	52072684	9	59	115331354151	0	44627825	4096	94	3189
1678045240	122547947904	81036157	174377070	1884973	681	8484963	9161020	0	52336300	9	59	115653184236	0	44684536	4096	95	3199
1678045242	122881871533	81256889	174818596	1889926	683	8849715	9525768	0	52700912	9	59	115967991213	0	44778935	4096	95	3209
1678045244	123252252690	81501695	175283679	1895190	685	8858259	9534312	0	52709552	9	59	116313085315	0	44835507	4096	95	3221
1678045246	123539998027	81691911	175619931	1898914	687	8245663	8921716	0	52096880	9	59	116586060082	0	44929992	4096	95	3231
1678045248	123947376455	81961130	176075107	1904093	689	8832063	9508116	0	52684220	9	59	116959088329	0	44967732	4096	96	3241
1678045250	124221290200	82142226	176444398	1908195	691	8148111	8824164	0	51999236	9	59	117222449115	0	45080871	4096	96	3252
1678045252	124648324575	82424451	176954772	1914003	693	8671055	9347108	0	52522248	9	59	117615695551	0	45118624	4096	96	3263
1678045254	124919216537	82603554	177284688	1917637	695	8321359	8997412	0	52172444	9	59	117875305515	0	45232128	4096	96	3273
1678045256	125316634741	82866185	177720957	1922613	697	8887242	9563292	0	52739848	9	58	118247699747	0	45269826	4096	96	3283
1678045258	125612338939	83061715	178158699	1927456	699	8279870	8955920	0	52130932	9	59	118541258290	0	45383055	4096	97	3294
1678045260	126020915780	83331747	178657743	1933161	701	9101834	9777884	0	52953176	9	59	118919010734	0	45402055	4096	97	3305
1678045262	126268667096	83495574	179018379	1937111	703	8427778	9103828	0	52285648	9	59	119170301430	0	45534197	4096	97	3315
1678045264	126684223602	83770217	179504903	1942628	705	8469642	9145692	0	52320460	9	59	119548888536	0	45572024	4096	97	3326
1678045266	126977704867	83964232	179935755	1947465	707	8021266	8697316	0	51871896	9	59	119823900103	0	45647524	4096	98	3336
1678045268	127349422601	84209908	180399711	1952723	709	8557018	9233068	0	52408348	9	59	120183703630	0	45704220	4096	98	3346
1678045270	127733048217	84463503	180890952	1958230	711	8989586	9665632	0	52840756	9	59	120548089450	0	45798869	4096	98	3358
1678045272	128063691593	84682032	181278125	1962614	713	9026458	9702504	0	52877084	9	59	120838369332	0	45855606	4096	98	3369
1678045274	128419367998	84917134	181761131	1968033	715	8633862	9309908	0	52484372	9	59	121196452896	0	45949927	4096	99	3378
1678045276	128761294893	85143111	182132849	1972240	717	9049482	9725528	0	52900740	9	59	121505750759	0	46027506	4096	99	3391
1678045278	129091273583	85361272	182561818	1977017	719	8432682	9108728	0	52283504	9	59	121823905096	0	46103258	4096	99	3400
1678045280	129468936058	85610871	182981172	1981780	721	8669494	9344920	0	52519684	9	59	122169373655	0	46159933	4096	99	3411
1678045282	129781445141	85817471	183364955	1986035	723	8401797	9077220	0	52252148	9	59	122485862220	0	46254400	4096	100	3421
1678045284	130161088288	86068406	183797419	1990919	725	8447149	9122572	0	52297864	9	59	122828839498	0	46311124	4096	100	3433
1678045286	130467120864	86270723	184212709	1995558	727	7781325	8456748	0	51631756	9	59	123135414572	0	46405474	4096	100	3443
1678045288	130840633612	86517578	184633810	2000339	729	8519865	9195288	0	52370528	9	58	123459437809	0	46460183	4096	100	3453
1678045290	131170264247	86735516	185077138	2005272	731	8330938	9006212	0	52196020	9	59	123802078941	0	46556907	4096	101	3464
1678045292	131559197981	86992559	185503719	2010121	733	8714720	9387756	0	52562748	9	59	124148720085	0	46613560	4096	101	3474
1678045294	131837318530	87176459	185834010	2013753	735	8764508	9437540	0	52615000	9	59	124416351101	0	46707980	4096	101	3485
1678045296	132291840283	87476866	186324790	2019301	737	9087880	9760912	0	52936092	9	59	124832041261	0	46764816	4096	101	3497
1678045298	132564105354	87656857	186649776	2022906	739	8316148	8989180	0	52164388	9	59	125101387131	0	46859278	4096	102	3507
1678045300	132933538599	87901042	187089684	2027874	741	8669676	9342708	0	52518324	9	59	125446263629	0	46916156	4096	102	3517
1678045302	133285164568	88133472	187529793	2032795	743	8749462	9420896	0	52595816	9	59	125800788985	0	47010617	4096	102	3528
1678045304	133620471916	88355102	187967532	2037695	745	8610682	9282116	0	52467684	9	59	126108728428	0	47067297	4096	102	3540
1678045306	134025531414	88622881	188529040	2044011	747	8136321	8807752	0	51982712	9	59	126481859793	0	47161777	4096	102	3550
1678045308	134343227846	88832845	188909686	2048324	749	8644969	9316400	0	52491440	9	59	126772186580	0	47218471	4096	103	3561
1678045310	134702941019	89070634	189335855	2053072	751	8600741	9272172	0	52446980	9	59	127117471628	0	47313222	4096	103	3571
1678045312	135066034132	89310617	189818424	2058542	753	8909881	9581312	0	52755764	9	59	127442722755	0	47369740	4096	103	3584
1678045314	135413242174	89540133	190260404	2063464	755	8803381	9474812	0	52649564	9	59	127800923036	0	47464564	4096	103	3593
1678045316	135752484497	89764357	190666280	2068058	757	9202045	9873476	0	53048492	9	59	128096783784	0	47521225	4096	104	3604
1678045318	136113432411	90002941	191069396	2072573	759	9172705	9844136	0	53018900	9	59	128454022311	0	47596775	4096	104	3616
1678045320	136458699776	90231149	191482186	2077211	761	9061341	9732768	0	52907268	9	58	128760108126	0	47691346	4096	104	3626
1678045322	136812188726	90464785	191892547	2081832	763	9189809	9861236	0	53035920	9	59	129097833029	0	47748098	4096	104	3637
1678045324	137189837681	90714417	192342420	2086877	765	9247205	9918632	0	53093272	9	59	129452838181	0	47823878	4096	104	3648
1678045326	137520097557	90932729	192751857	2091478	767	8927041	9598468	0	52777500	9	59	129777182016	0	47899430	4096	105	3658
1678045328	137807486790	91122703	193072773	2095053	769	8475541	9146968	0	52321456	9	59	130050038958	0	47975092	4096	105	3668
1678045330	138174141554	91365048	193511053	2099982	771	8622389	9293816	0	52468116	9	59	130395283999	0	48050749	4096	105	3678
1678045332	138505289511	91583928	193902177	2104397	773	8633081	9304504	0	52478912	9	59	130709032085	0	48107451	4096	105	3688
1678045334	138830409307	91798842	194361774	2109585	775	8845873	9517296	0	52691860	9	59	131025186286	0	48183105	4096	106	3699
1678045336	139226566863	92060718	194935268	2116066	777	9189289	9860712	0	53035164	9	59	131388583500	0	48258661	4096	106	3710
1678045338	139553342678	92276717	195359228	2120831	779	8997529	9668952	0	52843940	9	59	131690653129	0	48353116	4096	106	3721
1678045340	139924151464	92521805	195804277	2125850	781	9345201	10016624	0	53191564	9	59	132037800953	0	48409698	4096	106	3731
1678045342	140240664553	92731003	196195181	2130268	783	8645885	9317308	0	52491936	9	59	132321113415	0	48485277	4096	107	3742
1678045344	140586174523	92959405	196578795	2134529	785	8477932	9149352	0	52324208	9	59	132692504247	0	48561002	4096	107	3751
1678045346	140910214649	93173569	196947369	2138696	787	8795584	9467004	0	52642016	9	59	132967996952	0	48617578	4096	107	3762
1678045348	141205386597	93368696	197353287	2143243	789	8417072	9088492	0	52263004	9	59	133250880155	0	48693299	4096	107	3771
1678045350	141568392158	93608638	197821177	2148541	791	8620912	9292332	0	52467104	9	59	133581685202	0	48749997	4096	107	3782
1678045352	141914363349	93837366	198251829	2153382	793	8562448	9233868	0	52408548	9	59	133926013673	0	48844477	4096	108	3792
1678045354	142264273057	94068584	198661243	2158002	795	8852604	9524024	0	52698896	9	59	134233745638	0	48901124	4096	108	3803
1678045356	142650865016	94324138	199180195	2163826	797	8527284	9198704	0	52373128	9	59	134600159176	0	48995641	4096	108	3815
1678045358	142978160448	94540473	199632399	2168943	799	8912860	9584276	0	52759068	9	59	134932200557	0	49071174	4096	108	3825
1678045360	143352913285	94788161	200101478	2174198	801	9132932	9804348	0	52979276	9	59	135270373238	0	49146710	4096	108	3836
1678045362	143708696537	95023297	200519186	2178912	803	8989884	9661300	0	52836096	9	59	135618719787	0	49222263	4096	109	3848
1678045364	144078176687	95267519	200981988	2184122	805	8704476	9375892	0	52550320	9	59	135965304588	0	49297781	4096	109	3858
1678045366	144424206516	95496227	201411883	2188974	807	8963104	9634520	0	52808832	9	59	136274868854	0	49354442	4096	109	3869
1678045368	144788167568	95736787	201846907	2193835	809	8943416	9614832	0	52789532	9	59	136632283529	0	49430107	4096	110	3880
1678045370	145123602747	95958530	202299177	2198909	811	8315211	8986624	0	52160920	9	59	136945728811	0	49505805	4096	110	3891
1678045372	145487375986	96198970	202792526	2204497	813	8531675	9203088	0	52377800	9	59	137279941698	0	49581363	4096	110	3901
1678045374	145868646740	96450995	203267346	2209829	815	8538951	9210364	0	52385316	9	59	137646807792	0	49656845	4096	110	3913
1678045376	146213142823	96678703	203695628	2214663	817	8507435	9178848	0	52375464	9	59	137986431496	0	49751257	4096	110	3923
1678045378	146596467418	96932082	204181202	2220122	819	9171975	9843388	0	53017848	9	59	138330526203	0	49808097	4096	111	3935
1678045380	146989121196	97191619	204633104	2225201	821	9305095	9976508	0	53173292	9	59	138714384776	0	49883575	4096	111	3945
1678045382	147301200244	97397909	205046388	2229859	823	9203599	9875012	0	53067556	9	59	138992315707	0	49977969	4096	111	3957
1678045384	147730543629	97681667	205569586	2235789	825	8857343	9528752	0	52719040	9	59	139406657722	0	50015793	4096	112	3968
1678045386	148033246692	97881760	205935013	2239867	827	9060443	9731852	0	52907580	9	59	139683656141	0	50129474	4096	112	3979
1678045388	148459219228	98163299	206438926	2245574	829	8996611	9668020	0	52842320	9	59	140094915672	0	50167466	4096	112	3989
1678045390	148762872289	98364033	206789490	2249453	831	8259679	8931088	0	52105384	9	59	140371915685	0	50280913	4096	112	4001
1678045392	149143058664	98615307	207263756	2254834	833	8514143	9185552	0	52359760	9	59	140745389216	0	50318687	4096	113	4011
1678045394	149434281183	98807818	207607825	2258681	835	8657679	9329088	0	52503456	9	59	141018405459	0	50394236	4096	113	4022
1678045396	149847139467	99080729	208245148	2265913	837	8544726	9216132	0	52390736	9	59	141407679726	0	50469762	4096	113	4033
1678045398	150194115948	99310037	208722024	2271344	839	9019046	9690452	0	52864584	9	59	141748226644	0	50526439	4096	114	4044
1678045400	150546517598	99542975	209174962	2276445	841	9016478	9687884	0	52861780	9	59	142066732657	0	50602213	4096	114	4055
1678045402	150963894494	99818843	209752632	2282991	843	9162378	9833784	0	53008064	9	59	142457991774	0	50677767	4096	114	4067
1678045404	151287020475	100032428	210331601	2289549	845	9166722	9838128	0	53044996	9	58	142753407033	0	50753330	4096	114	4078
1678045406	151685310049	100295675	210819993	2295080	847	8644770	9316176	0	52516796	9	59	143126514118	0	50809997	4096	115	4088
1678045408	152013161979	100512422	211231795	2299655	849	8203266	8874668	0	52049132	9	59	143463412644	0	50923312	4096	115	4100
1678045410	152410452759	100774990	211674559	2304695	851	8311514	8982916	0	52171796	9	59	143815365334	0	50961052	4096	115	4110
1678045412	152679511438	100952855	211973929	2308020	853	8063630	8735032	0	51909072	9	59	144068066685	0	51055535	4096	115	4120
1678045414	153136771099	101255078	212561091	2314678	855	8601206	9272608	0	52447064	9	59	144495868328	0	51093288	4096	116	4131
1678045416	153404254342	101431913	212893901	2318368	857	8193018	8864420	0	52037896	9	59	144766940004	0	51196185	4096	116	4142
1678045418	153795799905	101690692	213375422	2323835	859	8718370	9389772	0	52563640	9	59	145158242397	0	51237225	4096	116	4152
1678045420	154162564014	101933124	213821957	2328845	861	8865882	9537284	0	52710744	9	59	145480789197	0	51291951	4096	117	4165
1678045422	154498367806	102155030	214278309	2334072	863	9018362	9689764	0	52861692	9	56	145796585195	0	51332975	4096	117	4174
1678045424	154594702282	102218691	214387792	2335332	865	9094530	9765932	0	52937548	9	52	145861229386	0	51387588	4096	117	4180
