Time	rx_bytes	rx_packets	tx_bytes	tx_packets	wtime	pss	rss	swap	vmem	nprocs	nthreads	rchar	read_bytes	wchar	write_bytes	stime	utime
1678045887	75	1	333	2	2	182402	185216	0	5531644	1	127	19545727	0	4096	4096	9	3
1678045889	7003200	8507	1050627	6776	4	2581431	5025080	0	166676160	33	227	33508073	0	693598	4096	15	37
1678045891	19612049	21756	2505676	16332	6	2579711	5023108	0	166664556	33	222	45979763	0	1942694	4096	16	88
1678045893	33287759	35559	3999003	25918	8	2662648	5105748	0	166746896	33	216	57861957	0	3248513	4096	16	136
1678045895	45072314	47181	5235308	33779	10	2593814	5036872	0	166675340	33	225	69467488	0	4431304	4096	17	179
1678045897	59514808	61201	6728234	43143	12	2623238	5066288	0	166702732	33	225	83234213	0	5821498	4096	18	234
1678045899	72847658	73943	8071681	51483	14	2617318	5060364	0	166697152	33	225	95639004	0	7096870	4096	18	283
1678045901	80431578	82763	9097324	59446	16	515103	4837640	0	157856436	33	205	105437855	0	8166794	4096	22	306
1678045903	1354822837	925863	11638268	86177	18	8143320	12551988	0	173156060	33	223	1397183567	0	8524972	4096	25	341
1678045905	2352578193	1586011	13481795	106276	20	10127044	14530124	0	175084080	33	227	2546199705	0	8863373	4096	26	367
1678045907	3512455346	2353298	15573504	129116	22	9179252	12097064	0	172602472	33	227	3678114254	0	9413200	4096	28	402
1678045909	4803606754	3207157	17825318	153931	24	10956729	13786296	0	174274716	33	227	4904582764	0	9945685	4096	29	433
1678045911	6167621588	4109244	20273219	181086	26	13648781	16477936	0	176949864	33	227	6217477250	0	10518237	4096	31	467
1678045913	7551686137	5024494	22680236	207642	28	16321482	19150328	0	179616728	33	226	7495296908	0	11178626	4096	32	501
1678045915	8943820896	5945173	25143959	234742	30	18851369	21679944	0	182140760	33	227	8796338084	0	11787559	4096	34	536
1678045917	10286828391	6833268	27547434	261415	32	16589200	19417636	0	179869256	33	227	10049764953	0	12394689	4096	35	573
1678045919	11701594608	7768786	29981220	288356	34	15809712	18638044	0	179081288	33	227	11384433674	0	12965297	4096	36	607
1678045921	12916376275	8572132	32137924	312226	36	15848584	18676856	0	179118060	33	226	12544716334	0	13475325	4096	37	637
1678045923	14315350409	9497257	34507511	338451	38	16808142	19636340	0	180097284	33	226	13893261292	0	14070925	4096	38	672
1678045925	15664819470	10389620	36928791	365286	40	16123257	18951380	0	179386260	33	226	15084956656	0	14680408	4096	39	707
1678045927	17063668238	11314631	39367865	392233	42	15760164	18588240	0	179018596	33	227	16406896074	0	15271047	4096	40	742
1678045929	18451516790	12232382	41738540	418466	44	15605702	18433716	0	178863048	33	226	17756493056	0	15860335	4096	41	777
1678045931	19844975143	13153889	44144132	445020	46	16509708	19337652	0	179772280	33	227	19090757800	0	16468934	4096	42	811
1678045933	21081640741	13971627	46286067	468620	48	17977743	20805640	0	181243288	33	227	20220977148	0	17060475	4096	43	842
1678045935	22382227949	14831779	48543332	493415	50	17769472	20597312	0	181027464	33	227	21433772918	0	17667433	4096	45	878
1678045937	23763630604	15745290	50977406	520289	52	16730299	19558068	0	179988184	33	226	22738776779	0	18274520	4096	46	912
1678045939	25130580260	16649255	53267415	545572	54	16327472	19155208	0	179583328	33	227	23976033143	0	18863655	4096	46	946
1678045941	26537470867	17579540	55652336	571839	56	16977098	19804800	0	180234664	33	227	25335638008	0	19492098	4096	47	982
1678045943	27788252401	18406704	57848869	596105	58	18412445	21240048	0	181671040	33	227	26516191945	0	20025316	4096	48	1012
1678045945	29154665687	19310298	60182871	621890	60	18618074	21445612	0	181872124	33	227	27749029574	0	20670459	4096	50	1049
1678045947	30475573308	20183823	62393180	646238	62	17157024	19984516	0	180408400	33	226	29071022136	0	21180892	4096	51	1083
1678045949	31902717905	21127448	64686931	671563	64	17035304	19862772	0	180298020	33	227	30394614338	0	21774414	4096	52	1118
1678045951	33293390804	22047049	67241103	699757	66	17142617	19970068	0	180391680	33	227	31716867352	0	22343809	4096	53	1152
1678045953	34745048621	23006919	69692621	726904	68	18629052	21456472	0	181875572	33	227	33106514796	0	23007714	4096	54	1188
1678045955	36039741296	23862990	71820185	750465	70	20033756	22861060	0	183291124	33	227	34286174977	0	23466458	4096	55	1222
1678045957	37469472499	24808349	74328357	778118	72	20541301	23368588	0	183781772	33	227	35649502989	0	24091199	4096	56	1258
1678045959	38864456936	25730788	76721167	804565	74	20560373	23387648	0	183791240	33	226	37013395670	0	24643993	4096	57	1293
1678045961	40384751199	26735938	79206507	832141	76	20711361	23538620	0	183936460	33	227	38415248574	0	25255367	4096	58	1329
1678045963	41589764519	27532820	81214857	854254	78	20617827	23445068	0	183842540	33	226	39530061217	0	25805036	4096	59	1360
1678045965	42848705233	28365382	83536017	879866	80	18694145	21521356	0	181915084	33	227	40704015603	0	26427868	4096	60	1395
1678045967	44119799191	29206010	85787924	904620	82	18181769	21008880	0	181400856	33	227	41906090337	0	26979831	4096	60	1428
1678045969	45510870762	30125901	88125181	930492	84	18143683	20971524	0	181224780	33	227	43336411354	0	27545567	4096	61	1463
1678045971	47083957909	31165685	90589409	958385	86	20102440	22934432	0	182955852	33	227	44667137667	0	27898832	4096	63	1499
1678045973	48632150969	32189362	93035898	985648	88	21257699	24090220	0	184094428	33	227	46335352164	0	28240866	4096	65	1537
1678045975	50110679154	33166848	95442940	1012490	90	22505635	25338136	0	185286796	33	227	47660274751	0	28770850	4096	66	1577
1678045977	51632951012	34173062	97846642	1039512	92	21240393	24072880	0	184011496	33	227	49025281046	0	29165619	4096	68	1616
1678045979	53248139533	35241006	100670031	1071166	94	19969769	22802244	0	182742368	33	227	50677140916	0	29486712	4096	69	1654
1678045981	54593031354	36130125	102755704	1094479	96	20016881	22849348	0	182777704	33	226	51856901894	0	29980292	4096	70	1692
1678045983	56195944834	37189817	105245774	1122394	98	20598137	23430592	0	183382560	33	227	53415767769	0	30359703	4096	71	1728
1678045985	57789450317	38243277	107720418	1150132	100	21253467	24085904	0	184012368	33	226	54903100776	0	30717151	4096	72	1767
1678045987	59168011705	39154683	109757386	1172705	102	22267827	25100248	0	185035096	33	227	56235678828	0	31192720	4096	74	1803
1678045989	60840468191	40260310	112198049	1200038	104	23808635	26641048	0	186570076	33	226	57719022468	0	31610863	4096	75	1841
1678045991	62379907041	41278049	114662976	1227561	106	23328646	26161048	0	186072780	33	227	59242127598	0	32008080	4096	76	1881
1678045993	63728481819	42169708	116700592	1250220	108	20950998	23783392	0	183698432	33	227	60466921825	0	32499879	4096	77	1920
1678045995	65611152806	43413997	119468514	1281355	110	24265178	27097568	0	186698232	33	227	62466603607	0	32687872	4096	79	1959
1678045997	67463930132	44638649	122423485	1314785	112	24053674	26886060	0	186362468	33	227	64060101181	0	32973041	4096	81	1995
1678045999	69487345058	45975808	125365957	1348129	114	27247358	30079744	0	189569940	33	227	66045638869	0	33122801	4096	82	2034
1678046001	71153022932	47076849	127752840	1374905	116	27898918	30731280	0	190165216	33	227	67555349152	0	33324439	4096	84	2069
1678046003	72976852169	48282349	130285100	1403686	118	30246042	33078356	0	192477956	33	227	69306532279	0	33513604	4096	85	2105
1678046005	74769703082	49467241	132891704	1432930	120	29671169	32503444	0	191901716	33	227	71077719903	0	33674221	4096	86	2145
1678046007	76443656627	50573810	135375189	1460789	122	26196725	29028996	0	188429332	33	227	72504645327	0	33941900	4096	87	2181
1678046009	78378174903	51852365	138385138	1494775	124	26930392	29762660	0	189163088	33	227	74373253051	0	34141804	4096	89	2219
1678046011	79946764645	52889270	140997664	1524277	126	25842732	28675000	0	188093864	33	227	75971887949	0	34300759	4096	90	2254
1678046013	81784322492	54103757	143880064	1556822	128	26109540	28941800	0	188341856	33	227	77559924102	0	34561571	4096	92	2290
1678046015	83813875085	55445135	146793941	1589802	130	26311512	29143752	0	188570460	33	226	79572543098	0	34695597	4096	93	2328
1678046017	85549446893	56592281	149537260	1620702	132	26778720	29610928	0	188999664	33	227	81169727271	0	34931643	4096	94	2363
1678046019	87670077912	57993821	153023000	1660259	134	28570696	31402888	0	190781708	33	227	83177650621	0	35114019	4096	96	2402
1678046021	89366560667	59115188	155726765	1690813	136	28869045	31701204	0	191075180	33	227	84868537336	0	35292534	4096	97	2437
1678046023	91339068204	60418875	158742923	1724971	138	27071764	29903896	0	189276624	33	227	86523974085	0	35515072	4096	99	2478
1678046025	92686015268	61309044	160768701	1748044	140	28523831	31355956	0	190729476	33	226	87801275556	0	35654654	4096	100	2522
1678046027	93485338506	61837424	161842186	1760205	142	28988587	31820712	0	191197480	33	226	88388017188	0	35799260	4096	101	2575
1678046029	94401663366	62443240	163258545	1775972	144	24432815	27264936	0	186637568	33	227	89423736469	0	36120332	4096	103	2618
1678046031	95879043633	63419646	165324343	1799308	146	25320278	28152392	0	187535092	33	227	90709983506	0	36288439	4096	104	2662
1678046033	96650520172	63929557	166243487	1809660	148	26249144	29081256	0	188472676	33	227	91413892215	0	36568472	4096	106	2713
1678046035	97757445308	64661265	167808500	1827240	150	26989016	29821124	0	189193888	33	227	92574011369	0	36776460	4096	107	2755
1678046037	99205043380	65618017	169892306	1850867	152	29424428	32256536	0	191629736	33	227	93810855838	0	36890090	4096	109	2808
1678046039	99837581238	66036059	170699704	1859941	154	28910607	31742708	0	191114332	33	227	94470808624	0	37188829	4096	110	2854
1678046041	100938579490	66763826	172182190	1876563	156	29387347	32219448	0	191591616	33	226	95595408776	0	37396940	4096	112	2896
1678046043	102311652849	67671265	174029552	1897605	158	30873527	33705616	0	193102992	33	227	96754491377	0	37510495	4096	114	2947
1678046045	103135769218	68216047	175159372	1910294	160	30649771	33481840	0	192882128	33	227	97579926339	0	37831786	4096	115	2998
1678046047	104329034993	69004773	176837057	1929125	162	30606171	33438220	0	192809244	33	227	98854393346	0	38039672	4096	116	3042
1678046049	105435789523	69736245	178331047	1946036	164	31916543	34748588	0	194134988	33	227	99800695457	0	38171873	4096	118	3092
1678046051	106271621567	70288746	179433332	1958410	166	29990867	32822884	0	192208868	33	227	100630703907	0	38455519	4096	120	3140
1678046053	107347506995	70999918	180957710	1975619	168	29395879	32227888	0	191613920	33	227	101706259483	0	38642891	4096	121	3184
1678046055	108593326610	71823326	182720359	1995625	170	29208368	32040356	0	191412648	33	227	102688849875	0	38775097	4096	122	3231
1678046057	109302142077	72291911	183674913	2006257	172	27434842	30266820	0	189677164	33	227	103491152132	0	39077144	4096	123	3281
1678046059	110667423347	73194310	185543305	2027252	174	27439379	30271348	0	189649664	33	227	104831400609	0	39302147	4096	125	3330
1678046061	111803246563	73945013	187103062	2044859	176	28451463	31283428	0	190664924	33	226	105710467508	0	39468707	4096	126	3380
1678046063	112693140499	74533298	188316836	2058477	178	28484358	31316320	0	190716436	33	227	106640793405	0	39806832	4096	127	3426
1678046065	113982301760	75385413	190058086	2078137	180	28675090	31507040	0	190916032	33	227	107868769833	0	39939220	4096	128	3470
1678046067	114970289366	76038389	191312441	2092376	182	30070630	32902580	0	192275360	33	226	108670939570	0	40179362	4096	130	3521
1678046069	115925044310	76669581	192766783	2108686	184	30455568	33287504	0	192691688	33	227	109714731477	0	40445547	4096	131	3568
1678046071	117191768140	77506870	194401585	2127210	186	31471306	34303236	0	193674160	33	227	110892868168	0	40596815	4096	133	3615
1678046073	118096776955	78105033	195576710	2140488	188	32069718	34901636	0	194272348	33	227	111680023488	0	40823483	4096	134	3665
1678046075	119195709484	78831512	197127905	2157865	190	32097993	34929896	0	194318144	33	227	112832226385	0	41099485	4096	135	3710
1678046077	120480721800	79680802	198784686	2176680	192	32663362	35495252	0	194870016	33	227	113881371034	0	41286797	4096	136	3759
1678046079	121126679884	80107779	199643246	2186360	194	32399167	35231044	0	194601724	33	227	114551179589	0	41587427	4096	137	3806
1678046081	122296474127	80881092	201380881	2205817	196	30175820	33007684	0	192383316	33	227	115817333919	0	41774523	4096	139	3850
1678046083	123512708837	81684933	203024905	2224360	198	29945222	32777080	0	192148236	33	227	116768878885	0	41944356	4096	140	3899
1678046085	124312143077	82213418	204051843	2235815	200	28751534	31583380	0	190971096	33	227	117629384770	0	42301359	4096	141	3948
1678046087	125563507319	83040535	205765985	2255214	202	29698654	32530496	0	191902292	33	227	118909443980	0	42452214	4096	142	3992
1678046089	126739179994	83817586	207475760	2274541	204	30946348	33778180	0	193171872	33	226	119772900765	0	42618674	4096	143	4043
1678046091	127543759273	84349510	208533372	2286322	206	29699154	32530964	0	191902192	33	227	120685586044	0	42960623	4096	144	4091
1678046093	128831449181	85200638	210374100	2307150	208	30791314	33623112	0	193010052	33	227	121912941294	0	43111753	4096	146	4134
1678046095	129802822777	85842686	211675177	2321938	210	31296524	34128312	0	193501636	33	227	122718137419	0	43300625	4096	147	4185
1678046097	130774096792	86484764	213072758	2337581	212	30324490	33156252	0	192527476	33	227	123724768228	0	43584331	4096	148	4231
1678046099	132046405237	87325671	214775480	2356827	214	30613510	33445252	0	192817172	33	227	124901621027	0	43808978	4096	150	4278
1678046101	132933772874	87912254	215958858	2370174	216	31181002	34012736	0	193384420	33	227	125726992615	0	44073875	4096	151	4330
1678046103	134040334219	88643763	217526130	2387779	218	30217798	33049512	0	192420172	33	227	126811589981	0	44319643	4096	152	4374
1678046105	135309497554	89482620	219270008	2407408	220	31246294	34078004	0	193452920	33	227	127966851972	0	44451811	4096	153	4422
1678046107	136127377135	90023253	220350620	2419570	222	29973244	32804936	0	192176116	33	227	128667843792	0	44735096	4096	154	4474
1678046109	137373584521	90847006	222102593	2439193	224	28555850	31387472	0	190758616	33	227	129931929121	0	45016854	4096	156	4521
1678046111	138492647972	91586627	223639013	2456648	226	29432624	32262060	0	191634108	33	227	130961054638	0	45173014	4096	157	4570
1678046113	139414639534	92196135	224894025	2470729	228	29175636	32005068	0	191393988	33	227	131842021651	0	45429414	4096	158	4618
1678046115	140596130948	92977023	226430335	2488058	230	29621882	32451308	0	191823196	33	227	133026717871	0	45675107	4096	160	4663
1678046117	141661197418	93680964	227769606	2503214	232	30849960	33679384	0	193061200	33	227	133955693165	0	45845171	4096	161	4714
1678046119	142700149079	94367727	229207046	2519372	234	31063808	33893220	0	193264212	33	227	134939765138	0	46128361	4096	162	4761
1678046121	143857072514	95132406	230776869	2537076	236	30822252	33648472	0	193019160	33	227	136083219258	0	46335955	4096	163	4808
1678046123	144904727683	95824891	232166765	2552788	238	31279220	34105436	0	193513616	33	227	137059269703	0	46558370	4096	165	4858
1678046125	146045247573	96578846	233691217	2569927	240	30838812	33665028	0	193036304	33	227	138103960476	0	46766728	4096	166	4907
1678046127	147171951776	97323467	235139441	2586317	242	31449784	34275996	0	193647708	33	227	139171691931	0	46993286	4096	168	4955
1678046129	148231832462	98024029	236492039	2601589	244	31519112	34345324	0	193716504	33	227	140210936651	0	47256027	4096	169	5006
1678046131	149220174890	98677311	237850116	2616934	246	31541733	34363648	0	193734892	33	227	141094346835	0	47445123	4096	170	5050
1678046133	150397175915	99455262	239490713	2635477	248	32310693	35132596	0	194514372	33	227	142214302282	0	47632525	4096	172	5097
1678046135	151423657593	100133744	240794179	2650248	250	31779277	34601172	0	193971392	33	227	143177650479	0	47840184	4096	173	5148
1678046137	152479328813	100831510	242144807	2665381	252	30587789	33409668	0	192779688	33	227	144181243556	0	48054727	4096	175	5195
1678046139	153702609026	101639960	243674955	2682726	254	30345369	33167244	0	192558044	33	222	145288866348	0	48232709	4096	176	5242
1678046141	154434892641	102123892	244594435	2693273	256	30932107	33750696	0	193119236	33	213	145830776112	0	48355939	4096	177	5281
1678046143	154596846571	102230895	244789082	2695510	258	24432292	26733600	0	157065108	32	35	145830776112	0	48355939	4096	186	5296
