Time	rx_bytes	rx_packets	tx_bytes	tx_packets	wtime	pss	rss	swap	vmem	nprocs	nthreads	rchar	read_bytes	wchar	write_bytes	stime	utime
1678046148	75	1	333	2	1	71668	74452	0	2772004	1	64	10995491	0	0	0	6	2
1678046150	596883	1487	208562	1576	3	3980609	9287024	0	324589668	65	424	39371634	0	565716	4096	17	50
1678046152	17258834	19979	2428740	15563	5	4828957	9654168	0	328539304	65	413	50686848	0	1670164	4096	18	100
1678046154	29440462	32833	3854792	24971	7	4914081	9739008	0	328618268	65	443	62770372	0	2778328	4096	18	151
1678046156	44575859	48345	5550122	36030	9	5037326	9861948	0	328738276	65	416	76321737	0	4072005	4096	19	216
1678046158	59664368	63700	7226647	46910	11	4986972	9811404	0	328682756	65	421	89758534	0	5389481	4096	20	274
1678046160	73360714	77192	8666836	56085	13	5030148	9854528	0	328723872	65	414	102282938	0	6680409	4096	21	327
1678046162	80818816	84911	9524181	61944	15	211543	214444	0	4701004	1	1	105663148	0	7346557	4096	33	343
1678046164	688169888	490119	11740778	83303	17	9084244	17907780	0	335508648	65	451	1569616509	0	7746778	4096	39	388
1678046167	3020589198	2032703	16534071	135783	19	15579269	24430388	0	341229556	65	451	3898812131	0	8856709	4096	45	472
1678046169	5563360329	3713739	21394629	189726	21	19911836	26960272	0	343601820	65	451	5743113425	0	10008970	4096	52	555
1678046171	7337092939	4887009	24843974	227411	23	18902799	24567724	0	341142152	65	451	8104721469	0	10596151	4096	55	628
1678046173	9621056053	6397550	29034474	273472	25	22662734	28271180	0	344826580	65	450	10449600775	0	11645959	4096	59	702
1678046175	11981050616	7958184	33242974	319731	27	27050409	32658644	0	349212460	65	450	12660281026	0	12656952	4096	63	779
1678046177	14543281189	9652397	37935180	371408	29	31680533	37288412	0	353822868	65	451	14851505373	0	13743974	4096	67	855
1678046179	17076924793	11327825	42582298	422943	31	36663295	42270616	0	358789396	65	451	17177238534	0	14874300	4096	70	935
1678046181	19117811893	12677535	46233518	462973	33	37903857	43510792	0	360021816	65	451	19216787502	0	15744604	4096	73	1013
1678046183	21156416338	14025727	49993597	504269	35	35073371	40680004	0	357165552	65	451	21204610894	0	16582433	4096	75	1080
1678046185	23478979575	15561768	54042684	548650	37	34505126	40111488	0	356592504	65	451	23433683026	0	17706287	4096	77	1158
1678046187	25926385840	17180157	58404180	596844	39	34909558	40515740	0	357002996	65	449	25715351276	0	18742874	4096	80	1233
1678046189	28502256536	18883464	63063624	648322	41	36405895	42011908	0	358496596	65	451	28027225167	0	19883036	4096	82	1315
1678046191	30600102849	20270807	66791083	689374	43	34995364	40601240	0	357083848	65	450	29975527150	0	20804797	4096	85	1391
1678046193	32615439919	21603618	70349734	728550	45	33181012	38783848	0	355244496	65	451	32154806133	0	21538250	4096	87	1459
1678046195	35228230137	23331077	74913438	779144	47	33090151	38692872	0	355145500	65	451	34426021440	0	22606837	4096	89	1539
1678046197	37711283506	24973093	79503233	829682	49	34001328	39603952	0	356066184	65	451	36841303259	0	23685240	4096	92	1619
1678046199	40017532822	26497925	83727717	876487	51	35788000	41390480	0	357828936	65	450	39042697688	0	24718494	4096	95	1691
1678046201	42201199310	27942068	87497134	917891	53	37650805	43253176	0	359688916	65	450	41123483621	0	25625538	4096	98	1759
1678046203	44623940432	29544226	91830099	965639	55	37647534	43246232	0	359621944	65	451	43353956394	0	26789277	4096	101	1847
1678046205	47234343035	31270160	96769780	1020485	57	36863366	42471732	0	358345316	65	451	46035286535	0	26946821	4096	106	1937
1678046207	49285789611	32626099	99734403	1054080	59	36521596	42135588	0	357789232	65	451	47446274158	0	27792081	4096	109	2033
1678046209	50953689067	33729154	102326612	1082481	61	35749791	41363672	0	356971312	65	451	49925046699	0	28153296	4096	112	2106
1678046211	53736532853	35568557	106668468	1131367	63	37736383	43350256	0	358921140	65	451	51641857462	0	28869279	4096	116	2214
1678046213	55619634975	36814004	109536951	1162859	65	38438490	44047360	0	359598944	65	451	54222739666	0	29376238	4096	120	2292
1678046215	58286704312	38577070	113767561	1210420	67	41651610	47260452	0	362828904	65	451	56159170229	0	30183885	4096	126	2395
1678046217	59972599552	39691732	116246804	1237697	69	43446794	49055604	0	364614084	65	450	58245433433	0	30571879	4096	129	2459
1678046219	62692644913	41489757	120618649	1286648	71	46809706	52418408	0	367952388	65	450	60399595280	0	31381407	4096	135	2565
1678046221	64561753275	42725779	123480950	1318349	73	47671130	53279692	0	368659640	65	451	62249992857	0	31879576	4096	141	2639
1678046222	66146873926	43773549	126499574	1352075	75	50181348	55788280	0	370925984	65	451	62630184185	0	31890269	4096	141	2644
1678046225	67766305884	44843709	130178050	1394162	77	55817378	61424300	0	376240460	65	449	65065177128	0	32120922	4096	148	2722
1678046227	69531575473	46010490	133543838	1432161	79	50664143	56270980	0	370972224	65	451	66984805545	0	32302834	4096	151	2785
1678046229	71851264341	47543815	137091924	1472113	81	47350540	52957164	0	367581440	65	450	69539087852	0	32570453	4096	156	2881
1678046231	74389761535	49221419	140935222	1515451	83	48656116	54262620	0	368847152	65	448	71685776888	0	32843421	4096	161	2978
1678046233	76760031654	50788332	144211969	1552236	85	47209622	52816004	0	367393576	65	451	74020838474	0	33159342	4096	165	3065
1678046235	79373915538	52516144	148072309	1595356	87	48021040	53627416	0	368219996	65	451	76498918943	0	33403769	4096	169	3156
1678046237	81895681186	54182980	151600974	1635081	89	50487148	56093520	0	370717068	65	451	78968636694	0	33746527	4096	173	3243
1678046239	84580311647	55957483	155743580	1681497	91	53147632	58754000	0	373288128	65	451	81716934972	0	33944770	4096	178	3336
1678046241	87169366488	57668623	159548888	1724593	93	54993924	60600292	0	375129932	65	451	84128540902	0	34276688	4096	182	3416
1678046243	89896907145	59471428	163761519	1771903	95	55972176	61578524	0	376082400	65	450	85905101886	0	34545957	4096	185	3478
1678046245	91391298402	60459215	167102371	1809385	97	56638082	62243044	0	376744248	65	450	87562660947	0	34636083	4096	187	3522
1678046247	93737874483	62010107	171284080	1856890	99	58033202	63638160	0	378153000	65	451	89471800311	0	34755678	4096	192	3635
1678046249	95207015307	62981108	173053615	1877063	101	61293326	66898284	0	381407068	65	451	90318606384	0	34757488	4096	198	3748
1678046251	95891156370	63433184	173729675	1884769	103	63302202	68906712	0	383460004	65	450	90694264986	0	34887971	4096	202	3863
1678046253	96260950178	63677658	174159015	1889393	105	59562226	65166120	0	379676064	65	450	91486938181	0	35527132	4096	207	3990
1678046255	97237305823	64323354	175464309	1903691	107	56525789	62126016	0	376642700	65	451	92865938834	0	35751931	4096	211	4074
1678046257	99147810481	65586107	177809640	1930058	109	56104453	61704680	0	376226848	65	451	95048379954	0	35927373	4096	216	4177
1678046259	101088943372	66868872	180121104	1956265	111	58154537	63754764	0	378379488	65	451	96055627233	0	35965240	4096	222	4288
1678046261	102005884426	67474802	181021821	1966590	113	59225993	64826220	0	379323344	65	451	96523288088	0	36039175	4096	225	4401
1678046263	102421229325	67749285	181448163	1971387	115	59026340	64626560	0	379152208	65	451	96814099650	0	36192290	4096	228	4516
1678046265	102805541026	68003512	181941136	1976660	117	57107927	62706764	0	377211552	65	451	97665378190	0	36717190	4096	231	4626
1678046267	104147287714	68890592	183712978	1996254	119	51946207	57545040	0	372035276	65	451	99578766144	0	37078383	4096	235	4726
1678046269	105952608209	70083855	185955511	2021649	121	52584787	58183616	0	372672692	65	451	101157329056	0	37116349	4096	240	4821
1678046271	107671997182	71219974	187731757	2042001	123	55158291	60757120	0	375272600	65	451	102057618199	0	37210795	4096	246	4944
1678046273	108290029618	71628432	188307141	2048493	125	55457615	61056444	0	375570992	65	451	102443242953	0	37324174	4096	249	5057
1678046275	108723661840	71915138	188858755	2054597	127	55244343	60843172	0	375346832	65	451	102957540664	0	37620993	4096	252	5176
1678046277	109375017574	72345890	189770184	2064589	129	52175874	57774700	0	372291368	65	451	104426064534	0	38211039	4096	255	5272
1678046279	111271353449	73599516	192246147	2092256	131	51995942	57594764	0	372085924	65	451	106359854035	0	38324463	4096	260	5379
1678046281	113026558794	74759448	194213649	2114670	133	54075330	59674152	0	374175700	65	451	107453727892	0	38381209	4096	265	5485
1678046283	114046580583	75433728	195235612	2126318	135	56429490	62028308	0	376588780	65	451	107956847569	0	38532513	4096	269	5612
1678046285	114511175042	75740660	195740820	2131919	137	56833786	62432604	0	376944968	65	451	108416775018	0	38827237	4096	272	5712
1678046287	115284725502	76252233	196742387	2142959	139	56067170	61665984	0	376162084	65	451	109762025116	0	39345517	4096	276	5826
1678046289	116763229452	77229618	198768749	2165442	141	56612498	62211308	0	376703188	65	451	111466202076	0	39513797	4096	281	5922
1678046291	118486441805	78368510	200806209	2188599	143	59119562	64718372	0	379231872	65	451	112712103070	0	39589293	4096	286	6026
1678046293	119667531287	79149040	202067516	2202991	145	61030706	66629516	0	381119768	65	451	113299431836	0	39721538	4096	290	6137
1678046295	120273522242	79549611	202722040	2210311	147	62552750	68151560	0	382644804	65	451	113827332037	0	39942718	4096	293	6259
1678046297	120854049142	79933637	203476412	2218532	149	59625046	65223852	0	379743248	65	450	114824431885	0	40459317	4096	297	6361
1678046299	122028564371	80710101	205064055	2236157	151	58674826	64273628	0	378781864	65	451	116404201109	0	40706741	4096	300	6454
1678046301	123983669315	82002319	207470708	2263401	153	59877886	65476684	0	379967184	65	451	117908006796	0	40839057	4096	305	6566
1678046303	125228199222	82824810	208788472	2278393	155	60371878	65970676	0	380471028	65	451	118641201703	0	40933481	4096	309	6679
1678046305	125931594103	83289758	209576230	2287235	157	59694074	65292872	0	379802868	65	450	119197144050	0	41173511	4096	312	6793
1678046307	126525295701	83682313	210302926	2295210	159	56861806	62460600	0	376945316	65	451	120183999126	0	41566625	4096	315	6898
1678046309	127682368665	84447325	211816932	2312073	161	53637574	59236368	0	373721948	65	451	121596655835	0	41880604	4096	319	6996
1678046311	129489913911	85642034	214007374	2336751	163	52869134	58467924	0	372972056	65	451	123124559759	0	41994047	4096	323	7105
1678046313	130774542425	86491002	215371676	2352320	165	54315814	59914604	0	374427748	65	451	123951786236	0	42126162	4096	326	7209
1678046315	131625596083	87053574	216235415	2362011	167	54713578	60312364	0	374828608	65	451	124650640442	0	42334159	4096	330	7343
1678046317	132218490992	87445510	216886575	2369224	169	55301474	60900260	0	375396720	65	451	125451790992	0	42756239	4096	332	7440
1678046319	133484204194	88282361	218419003	2386184	171	54878834	60477616	0	374964116	65	451	126930804085	0	43056853	4096	336	7546
1678046321	134894076346	89214284	220065896	2404664	173	55431466	61030244	0	375530476	65	451	128327758395	0	43206109	4096	340	7647
1678046323	136418273207	90221605	221682444	2423031	175	56629262	62228040	0	376727004	65	451	129296855613	0	43359394	4096	344	7764
1678046325	137233604858	90760528	222522406	2432435	177	57611430	63210208	0	377709940	65	451	129906070044	0	43548314	4096	347	7874
1678046327	137999174340	91266581	223379381	2442026	179	57605130	63203904	0	377720568	65	451	130928004095	0	43877378	4096	351	7989
1678046329	139051635512	91962477	224694001	2456500	181	57284950	62883720	0	377366388	65	451	132178421149	0	44250155	4096	355	8088
1678046331	140528320863	92938551	226522472	2477131	183	58029826	63628596	0	378124760	65	451	133639706544	0	44401515	4096	359	8192
1678046333	141975125295	93894757	228093011	2494892	185	59369398	64968164	0	379472328	65	451	134636444285	0	44552757	4096	363	8296
1678046335	142983319512	94561112	229168177	2507034	187	61260594	66859360	0	381356876	65	450	135409788278	0	44750092	4096	367	8417
1678046337	143717368904	95046321	229951845	2515780	189	61853222	67451988	0	381957276	65	451	136158091410	0	45036762	4096	371	8526
1678046339	144636448114	95653937	231056769	2528028	191	61628601	67227364	0	381779208	65	451	137540116318	0	45445162	4096	375	8635
1678046341	146172919212	96669574	232818506	2547730	193	62612405	68211164	0	382706196	65	451	139013235927	0	45617184	4096	380	8733
1678046343	147647595739	97644276	234375683	2565304	195	64435469	70034228	0	384546992	65	451	140066032544	0	45730471	4096	384	8831
1678046345	148768109374	98384769	235807497	2581498	197	64857632	70456384	0	384936448	65	451	140893126219	0	45919476	4096	389	8956
1678046347	149573320332	98917054	236778123	2592427	199	64792867	70390604	0	384909736	65	451	141716627288	0	46217903	4096	394	9067
1678046349	150317576094	99409066	237673688	2602327	201	63878909	69476648	0	383962140	65	451	142709927832	0	46461885	4096	398	9168
1678046351	151589724217	100250002	239141342	2618723	203	62708257	68305992	0	382833140	65	449	144195076231	0	46698622	4096	403	9271
1678046353	153191049398	101308320	240879868	2638431	205	63216721	68814456	0	383311736	65	441	145198095597	0	46809911	4096	407	9366
1678046355	154168669980	101954331	241825605	2649290	207	64594004	70191724	0	384690924	65	433	145803646890	0	46919507	4096	410	9458
1678046357	154649025195	102271746	242272265	2654425	209	64312959	69906992	0	384387376	65	411	145878256664	0	47201008	4096	411	9528
1678046359	154678657618	102291352	242302346	2654762	211	58695360	63936536	0	359015652	64	75	145878256664	0	47201008	4096	448	9547
1678046360	154678827030	102293321	242641828	2658702	213	239511	242428	0	4740596	1	1	145887336997	0	47670394	102400	449	9548
