Time	wtime	pss	rss	swap	vmem	rchar	read_bytes	wchar	write_bytes	rx_bytes	rx_packets	tx_bytes	tx_packets	stime	utime	nprocs	nthreads
1677749995	1	364240	367180	0	515848	34402076	0	35127	0	75	1	664	3	0	0	1	1
1677749997	3	523300	527136	0	1127152	37269397	0	36285	0	44397	63	10966	58	0	2	1	6
1677749999	5	604876	608712	0	1269372	39434021	0	36331	0	45064	71	12347	69	0	4	1	6
1677750001	7	604992	608828	0	1269372	39434021	0	36331	0	45214	73	13013	73	0	6	1	6
1677750003	9	642592	646428	0	1305468	39434021	0	36377	0	45430	76	13877	78	0	8	1	6
1677750005	11	642944	646780	0	1305740	39436109	0	36377	0	49156	99	18566	110	0	10	1	6
1677750007	13	662904	666740	0	1501392	39662586	0	36977	0	296860	358	43020	278	0	12	1	6
1677750009	15	674168	678004	0	1571224	39737892	0	37193	0	379398	448	51729	335	0	13	1	6
1677750011	17	870844	874680	0	1981316	304139761	0	37226	0	280716907	185758	486003	5195	0	17	1	9
1677750013	19	884708	888544	0	1921928	577112251	0	37226	0	570144017	377102	921928	10094	0	21	1	9
1677750015	21	894728	898564	0	1951228	854665731	0	37226	0	864427589	571648	1399912	15488	0	26	1	9
1677750017	23	898640	902476	0	1951448	1138756549	0	37226	0	1165643995	770793	1864307	20725	0	30	1	9
1677750019	25	909064	912900	0	2016984	1422783074	0	37226	0	1466788804	969852	2297661	25568	1	34	1	9
1677750021	27	920108	923944	0	2016984	1694201756	0	37226	0	1754563726	1160045	2661203	29707	1	38	1	9
1677750023	29	895104	898940	0	1971492	1994799484	0	37226	0	2073278870	1370724	3132353	34994	1	42	1	9
1677750025	31	914032	917868	0	2049184	2295895570	0	37226	0	2392521232	1581737	3573637	39964	1	46	1	9
1677750027	33	868816	872652	0	2010468	2591809078	0	37226	0	2706271807	1789158	4075375	45595	1	51	1	9
1677750029	35	907864	911700	0	2049632	2865932057	0	37226	0	2996914064	1981247	4478311	50190	1	55	1	9
1677750031	37	918288	922124	0	2049632	3104371292	0	37226	0	3249725102	2148370	4826298	54084	1	58	1	9
1677750033	39	913548	917384	0	2044872	3380432589	0	37226	0	3542598361	2341976	5228138	58564	1	62	1	9
1677750035	41	904976	908812	0	2044872	3706660000	0	37226	0	3888312226	2570462	5743702	64428	2	67	1	9
1677750037	43	913916	917752	0	2047308	4024585878	0	37226	0	4225479020	2793361	6273801	70425	2	72	1	9
1677750039	45	880828	884664	0	2010964	4334453982	0	37226	0	4554231401	3010650	6725555	75520	2	76	1	9
1677750041	47	907384	911220	0	2045068	4650504919	0	37226	0	4889039273	3231909	7245114	81400	2	81	1	9
1677750043	49	903332	907168	0	2045068	4973268891	0	37226	0	5231516028	3458324	7766098	87293	2	85	1	9
1677750045	51	917340	921176	0	2052520	5279760082	0	37226	0	5556217987	3672899	8309926	93451	2	90	1	9
1677750047	53	883056	886892	0	2018052	5562482862	0	37226	0	5855979965	3871040	8800069	98961	2	94	1	9
1677750049	55	916044	919880	0	2049604	5889519339	0	37226	0	6202724544	4100210	9262603	104206	3	99	1	9
1677750051	57	916628	920464	0	2045472	6218156115	0	37226	0	6551165984	4330507	9753245	109716	3	104	1	9
1677750053	59	916656	920492	0	2045472	6520370899	0	37226	0	6871594097	4542297	10225381	115075	3	108	1	9
1677750055	61	922424	926260	0	2049052	6815484316	0	37226	0	7184491639	4749097	10791424	121504	3	113	1	9
1677750057	63	925816	929652	0	2049052	7135706382	0	37226	0	7524011735	4973501	11293753	127182	3	117	1	9
1677750059	65	914220	918056	0	1984032	7390456148	0	37226	0	7794115776	5152050	11637351	130993	3	121	1	9
1677750061	67	922972	926808	0	2041992	7660115151	0	37226	0	8080024201	5341002	12062383	135816	3	125	1	9
1677750063	69	912952	916788	0	1980640	7888566366	0	37226	0	8322244703	5501119	12505064	140811	4	129	1	9
1677750065	71	924760	928596	0	2045256	8206685766	0	37226	0	8659535381	5724048	12924140	145558	4	133	1	9
1677750067	73	916272	920108	0	2045256	8539001933	0	37226	0	9011878338	5956916	13440825	151400	4	138	1	9
1677750069	75	922664	926500	0	2045072	8837325624	0	37226	0	9328181673	6165993	13906901	156626	4	142	1	9
1677750071	77	924700	928536	0	2047092	9120844855	0	37226	0	9628786013	6364663	14300009	161074	4	147	1	9
1677750073	79	926336	930172	0	2050820	9343549569	0	37226	0	9864911978	6520730	14655153	165094	4	150	1	9
1677750075	81	908888	912724	0	2039992	9465666682	0	37226	0	9994397104	6606346	14882180	167607	4	151	1	9
1677750077	83	924016	927852	0	2048568	9691374646	0	37226	0	10233697719	6764468	15299893	172425	4	155	1	9
1677750079	85	933508	937344	0	2051320	9918841411	0	37226	0	10474874205	6923891	15813376	178251	4	158	1	9
1677750081	87	918176	922012	0	1985784	10164697872	0	37226	0	10735546590	7096174	16354306	184425	5	162	1	9
1677750083	89	923844	927680	0	2044636	10460267277	0	37226	0	11048930156	7303325	16798480	189426	5	166	1	9
1677750085	91	915960	919796	0	2044636	10748937641	0	37226	0	11355004108	7505617	17203452	193978	5	171	1	9
1677750087	93	913380	917216	0	2042480	11071305276	0	37226	0	11696791984	7731528	17682278	199250	5	175	1	9
1677750089	95	930768	934604	0	2048588	11366239463	0	37226	0	12009499786	7938205	18093990	203898	5	179	1	9
1677750091	97	920328	924164	0	2044676	11621515980	0	37226	0	12280159762	8117087	18486568	208360	5	183	1	9
1677750093	99	916008	919844	0	2044676	11894724265	0	37226	0	12569832760	8308545	18910295	213135	5	187	1	9
1677750095	101	917784	921620	0	2042824	12164757301	0	37226	0	12856139826	8497787	19326591	217810	5	191	1	9
1677750097	103	909744	913580	0	1977288	12450960203	0	37226	0	13159725817	8698428	19733872	222405	6	195	1	9
1677750099	105	917236	921072	0	2046196	12751717693	0	37226	0	13478472377	8909105	20169190	227258	6	200	1	9
1677750101	107	910548	914384	0	2030420	13057528810	0	37226	0	13802714896	9123435	20677716	232973	6	204	1	9
1677750103	109	922908	926744	0	2045372	13357776062	0	37226	0	14121055271	9333828	21133069	238111	6	209	1	9
1677750105	111	880728	884564	0	1946064	13647006432	0	37226	0	14427715102	9536504	21625804	243682	6	213	1	9
1677750107	113	924072	927908	0	2050940	13957759678	0	37226	0	14757193796	9754247	22053000	248525	6	218	1	9
1677750109	115	920588	924424	0	2043052	14274499032	0	37226	0	15093026517	9976224	22515132	253703	6	222	1	9
1677750111	117	929524	933360	0	2051572	14577577055	0	37226	0	15414362654	10188583	22920808	258300	7	227	1	9
1677750113	119	920584	924420	0	2042728	14885359298	0	37226	0	15740693388	10404273	23344809	263038	7	231	1	9
1677750115	121	924624	928460	0	2051140	15163287477	0	37226	0	16035369461	10599020	23699749	267063	7	235	1	9
1677750117	123	927332	931168	0	2045232	15475429824	0	37226	0	16366324154	10817779	24170070	272338	7	240	1	9
1677750119	125	914276	918112	0	1979696	15784457335	0	37226	0	16693975663	11034346	24616636	277366	7	244	1	9
1677750121	127	933732	937568	0	2048264	16064446876	0	37226	0	16990839191	11230563	24979829	281434	7	248	1	9
1677750123	129	921772	925608	0	2048264	16327368738	0	37226	0	17269607148	11414831	25293741	284915	7	253	1	9
1677750125	131	920576	924412	0	2047472	16550550412	0	37226	0	17506238329	11571226	25581022	288161	8	256	1	9
1677750127	133	929352	933188	0	2047472	16826328946	0	37226	0	17798634321	11764455	26080970	293891	8	260	1	9
1677750129	135	916756	920592	0	2045552	17094873535	0	37226	0	18083364350	11952668	26471466	298206	8	264	1	9
1677750131	137	915852	919688	0	2035912	17363417174	0	37226	0	18368094995	12140900	26861496	302553	8	268	1	9
1677750133	139	912572	916408	0	1979872	17638782001	0	37226	0	18660053043	12333849	27297772	307524	8	272	1	9
1677750135	141	916960	920796	0	2039516	17939752679	0	37226	0	18979162242	12544771	27719531	312253	8	276	1	9
1677750137	143	925364	929200	0	2047952	18226834694	0	37226	0	19283545227	12745953	28113235	316674	8	281	1	9
1677750139	145	924156	927992	0	2046872	18519937973	0	37226	0	19594311059	12951338	28549096	321446	9	285	1	9
1677750141	147	917828	921664	0	2046872	18845626998	0	37226	0	19939626017	13179553	28980843	326323	9	290	1	9
1677750143	149	923936	927772	0	2044256	19136583421	0	37226	0	20248116567	13383444	29369276	330683	9	294	1	9
1677750145	151	895224	899060	0	2011644	19412458013	0	37226	0	20540618213	13576792	29738978	334797	9	298	1	9
1677750147	153	917816	921652	0	2044276	19728244091	0	37226	0	20875435276	13798090	30200647	340003	9	303	1	9
1677750149	155	929224	933060	0	2044276	20031715495	0	37226	0	21197192194	14010715	30605337	344622	9	307	1	9
1677750151	157	924000	927836	0	2046192	20287855403	0	37226	0	21468773436	14190254	30980741	348797	9	311	1	9
1677750153	159	902888	906724	0	2025012	20613525920	0	37226	0	21814071464	14418493	31441567	353964	9	316	1	9
1677750155	161	914116	917952	0	2042932	20918489702	0	37226	0	22137413678	14632204	31826944	358252	10	320	1	9
1677750157	163	922728	926564	0	2042744	21226179969	0	37226	0	22463645892	14847814	32219927	362702	10	325	1	9
1677750159	165	933068	936904	0	2049196	21535299233	0	37226	0	22791393571	15064430	32644792	367512	10	329	1	9
1677750161	167	931184	935020	0	2043164	21821474043	0	37226	0	23094816129	15264996	33010541	371573	10	334	1	9
1677750163	169	933240	937076	0	2043164	22146614392	0	37226	0	23439549254	15492827	33432041	376315	10	338	1	9
1677750165	171	936044	939880	0	2043908	22459738545	0	37226	0	23771545185	15712277	33856820	381059	10	343	1	9
1677750167	173	936044	939880	0	2043908	22718086367	0	37226	0	24045459943	15893292	34176834	384683	10	346	1	9
1677750169	175	929440	933276	0	2035232	23029547526	0	37226	0	24375691748	16111565	34636551	389836	11	351	1	9
1677750171	177	943556	947392	0	2049348	23333110426	0	37226	0	24697547818	16324284	35067305	394685	11	355	1	9
1677750173	179	937040	940876	0	2042828	23596092178	0	37226	0	24976379982	16508600	35449373	398968	11	359	1	9
1677750175	181	922428	926264	0	2042828	23880590621	0	37226	0	25278070434	16707962	35853028	403577	11	363	1	9
1677750177	183	922436	926272	0	2042828	24043994656	0	37226	0	25451270768	16822425	36063523	405947	11	366	1	9
1677750179	185	922436	926272	0	2042828	24064913135	0	37226	0	25473449716	16837082	36084828	406188	11	366	1	9
1677750181	187	923872	927708	0	2046960	24252011879	0	37226	0	25671826449	16968230	36389043	409568	11	369	1	9
1677750183	189	916196	920032	0	1981424	24548361750	0	37226	0	25986034870	17175895	36821433	414411	11	373	1	9
1677750185	191	920212	924048	0	2046564	24815786932	0	37226	0	26269576034	17363299	37212281	418802	11	377	1	9
1677750187	193	917848	921684	0	2046564	25134665308	0	37226	0	26607669510	17586737	37625715	423471	11	382	1	9
1677750189	195	935956	939792	0	2051408	25387664387	0	37226	0	26875915477	17764033	37949999	427103	12	386	1	9
1677750191	197	892392	896228	0	2018968	25670052793	0	37226	0	27175322480	17961934	38324880	431274	12	390	1	9
1677750193	199	916112	919948	0	2042816	25949527514	0	37226	0	27471639056	18157776	38709805	435617	12	394	1	9
1677750195	201	922572	926408	0	2042816	26227408298	0	37226	0	27766265589	18352498	39085530	439881	12	398	1	9
1677750197	203	921612	925448	0	2044976	26544833391	0	37226	0	28102883040	18574994	39542424	445001	12	402	1	9
1677750199	205	925888	929724	0	2048068	26857556879	0	37226	0	28434389769	18794093	40005268	450222	12	407	1	9
1677750201	207	922868	926704	0	2045040	27172514632	0	37226	0	28768326706	19014787	40484517	455667	12	411	1	9
1677750203	209	925404	929240	0	2051600	27432359211	0	37226	0	29043830728	19196882	40925168	460638	13	415	1	9
1677750205	211	932472	936308	0	2044828	27709471935	0	37226	0	29337807630	19391194	41294580	464749	13	420	1	9
1677750207	213	932476	936312	0	2044828	27996724561	0	37226	0	29642204782	19592345	41627684	468539	13	424	1	9
1677750209	215	929800	933636	0	2043328	28262000572	0	37226	0	29923468841	19778263	41978868	472439	13	428	1	9
1677750211	217	916520	920356	0	2043328	28563771158	0	37226	0	30243424193	19989719	42366802	476823	13	432	1	9
1677750213	219	921108	924944	0	2047436	28881983326	0	37226	0	30580814633	20212732	42803966	481712	13	437	1	9
1677750215	221	921092	924928	0	2047436	29197615320	0	37226	0	30915466841	20433905	43237230	486586	13	442	1	9
1677750217	223	925716	929552	0	2043008	29521278877	0	37226	0	31258634534	20660705	43651540	491237	14	446	1	9
1677750219	225	921492	925328	0	2043876	29791624218	0	37226	0	31545272416	20850161	44071789	495977	14	450	1	9
1677750221	227	923632	927468	0	2043876	30093494892	0	37226	0	31865334855	21061701	44549394	501365	14	455	1	9
1677750223	229	922440	926276	0	2045484	30407163311	0	37226	0	32197905238	21281499	45082606	507409	14	459	1	9
1677750225	231	930596	934432	0	2045484	30727336851	0	37226	0	32537372073	21505845	45749259	515034	14	464	1	9
1677750227	233	923148	926984	0	2045012	31040724300	0	37226	0	32869645104	21725455	46258101	520760	14	468	1	9
1677750229	235	918756	922592	0	2045012	31325443936	0	37226	0	33171537318	21924995	46622336	524799	14	473	1	9
1677750231	237	927024	930860	0	2044148	31579680649	0	37226	0	33441094739	22103149	46953072	528517	15	477	1	9
1677750233	239	917920	921756	0	2044148	31880186417	0	37226	0	33759707313	22313696	47385122	533431	15	481	1	9
1677750235	241	922356	926192	0	2048652	32167777123	0	37226	0	34064634007	22515290	47830762	538401	15	485	1	9
1677750237	243	887372	891208	0	1952380	32426775084	0	37226	0	34339335600	22696867	48212548	542693	15	489	1	9
1677750239	245	916916	920752	0	1981924	32741229435	0	37226	0	34672644359	22917144	48717111	548398	15	494	1	9
1677750241	247	919860	923696	0	2036144	33044938310	0	37226	0	34994654164	23129951	49135541	553141	15	498	1	9
1677750243	249	938400	942236	0	2053820	33346100872	0	37226	0	35313965158	23340987	49555189	557829	15	503	1	9
1677750245	251	931972	935808	0	2045000	33654315699	0	37226	0	35640754651	23556982	50005014	562866	16	507	1	9
1677750247	253	936412	940248	0	2045000	33961769397	0	37226	0	35966734237	23772405	50417443	567521	16	512	1	9
1677750249	255	941048	944884	0	2049500	34252356472	0	37226	0	36274833990	23976051	50803705	571821	16	516	1	9
1677750251	257	926644	930480	0	2049500	34568212666	0	37226	0	36609724578	24197389	51216643	576465	16	520	1	9
1677750253	259	916960	920796	0	2043596	34865609827	0	37226	0	36925044383	24405800	51724252	582213	16	525	1	9
1677750255	261	916976	920812	0	2043596	35137900918	0	37226	0	37213885076	24596736	52329424	589123	16	529	1	9
1677750257	263	920608	924444	0	2038716	35455141060	0	37226	0	37550104087	24818936	52928107	595926	16	533	1	9
1677750259	265	933632	937468	0	2046984	35745352988	0	37226	0	37857805257	25022307	53338793	600525	17	537	1	9
1677750261	267	929296	933132	0	2049316	36021801888	0	37226	0	38150915435	25216053	53699387	604537	17	541	1	9
1677750263	269	933664	937500	0	2049900	36329828644	0	37226	0	38477503356	25431883	54060900	608647	17	546	1	9
1677750265	271	915472	919308	0	1976360	36615608787	0	37226	0	38780509663	25632203	54428209	612654	17	550	1	9
1677750267	273	916700	920536	0	2040028	36889803465	0	37226	0	39071229000	25824358	54834996	617221	17	555	1	9
1677750269	275	924416	928252	0	2047988	37202866620	0	37226	0	39403158895	26043749	55247786	621819	17	559	1	9
1677750271	277	915936	919772	0	2039032	37473785493	0	37226	0	39690405776	26233620	55608610	625822	17	564	1	9
1677750273	279	923548	927384	0	2046860	37731041644	0	37226	0	39963165621	26413901	55931560	629461	18	567	1	9
1677750275	281	922824	926660	0	1983696	38006782843	0	37226	0	40255524538	26607138	56299626	633584	18	572	1	9
1677750277	283	924588	928424	0	2049232	38295382049	0	37226	0	40561516624	26809391	56687114	637897	18	576	1	9
1677750279	285	914612	918448	0	1977528	38561821212	0	37226	0	40844014495	26996130	57051750	641944	18	580	1	9
1677750281	287	925112	928948	0	1985984	38843060497	0	37226	0	41142203064	27193223	57449313	646405	18	585	1	9
1677750283	289	917264	921100	0	1978128	39115460190	0	37226	0	41431020214	27384134	57849554	650818	18	589	1	9
1677750285	291	917268	921104	0	1978128	39410943751	0	37226	0	41744310260	27591194	58261227	655448	18	594	1	9
1677750287	293	903536	907372	0	2032272	39693341834	0	37226	0	42043727467	27789101	58673865	660056	19	598	1	9
1677750289	295	930528	934364	0	2049456	39912891141	0	37226	0	42276506251	27942935	58939318	663062	19	602	1	9
1677750291	297	921652	925488	0	2046264	40120196735	0	37226	0	42496305647	28088217	59204026	666033	19	606	1	9
1677750293	299	927308	931144	0	2046264	40397429391	0	37226	0	42790244890	28282485	59520849	669601	19	610	1	9
1677750295	301	916696	920532	0	1977528	40683360100	0	37226	0	43093409455	28482891	59941577	674269	19	615	1	9
1677750297	303	920672	924508	0	1979456	40970873753	0	37226	0	43398248627	28684357	60347266	678845	19	619	1	9
1677750299	305	922480	926316	0	1981260	41273379733	0	37226	0	43718987514	28896379	60724351	683011	19	624	1	9
1677750301	307	916792	920628	0	1975568	41579957175	0	37226	0	44044040995	29111227	61132784	687562	19	629	1	9
1677750303	309	916796	920632	0	1975568	41844699650	0	37226	0	44324740053	29296779	61493757	691569	20	633	1	9
1677750305	311	915400	919236	0	1974172	42061211345	0	37226	0	44554301632	29448531	61768393	694611	20	636	1	9
1677750307	313	921248	925084	0	1980020	42238036003	0	37226	0	44741781485	29572429	61957260	696771	20	639	1	9
1677750309	315	914392	918228	0	1973164	42525035083	0	37226	0	45046077727	29773569	62380802	701503	20	643	1	9
1677750311	317	922636	926472	0	1981396	42807202833	0	37226	0	45345252303	29971333	62780476	705959	20	648	1	9
1677750313	319	922640	926476	0	2005980	43070742784	0	37226	0	45624675392	30156028	63087766	709372	20	652	1	9
1677750315	321	922648	926484	0	2005980	43339454258	0	37226	0	45909583769	30344375	63454278	713442	20	656	1	9
1677750317	323	922684	926520	0	1981424	43634057651	0	37226	0	46222286887	30551122	63843147	717767	20	660	1	9
1677750319	325	922684	926520	0	1981424	43917908175	0	37226	0	46522900533	30749775	64260725	722460	20	665	1	9
1677750321	327	924928	928764	0	1983668	44201770024	0	37226	0	46823871670	30948731	64700350	727375	21	669	1	9
1677750323	329	910612	914448	0	1969352	44474464464	0	37226	0	47113000853	31139843	65041677	731151	21	673	1	9
1677750325	331	921840	925676	0	1980568	44728892198	0	37226	0	47382899090	31318246	65375809	734872	21	677	1	9
1677750327	333	920976	924812	0	1979704	45009967847	0	37226	0	47680777570	31515131	65747003	739011	21	681	1	9
1677750329	335	924748	928584	0	1983472	45312674760	0	37226	0	48001728386	31727278	66143885	743441	21	686	1	9
1677750331	337	918792	922628	0	1977504	45592006849	0	37226	0	48297895809	31923046	66518758	747607	21	690	1	9
1677750333	339	920844	924680	0	1977504	45842775037	0	37226	0	48563778307	32098804	66889467	751724	21	694	1	9
1677750335	341	920848	924684	0	1977504	46091406717	0	37226	0	48827395235	32273057	67224195	755459	22	697	1	9
1677750337	343	923208	927044	0	1979860	46349221215	0	37226	0	49100750859	32453781	67564124	759185	22	701	1	9
1677750339	345	923212	927048	0	1979860	46617195930	0	37226	0	49384875519	32641577	67976554	763856	22	705	1	9
1677750341	347	913656	917492	0	1970300	46897520196	0	37226	0	49682094467	32838037	68368263	768213	22	709	1	9
1677750343	349	927672	931508	0	1984308	47169096046	0	37226	0	49970036829	33028353	68707275	771999	22	713	1	9
1677750345	351	921484	925320	0	1978108	47433265150	0	37226	0	50250127901	33213502	69071035	776038	22	718	1	9
1677750347	353	921488	925324	0	1978108	47743532961	0	37226	0	50579093931	33430931	69466758	780475	22	722	1	9
1677750349	355	915740	919576	0	1974404	48020809268	0	37226	0	50873352058	33625432	69840604	784629	22	727	1	9
1677750351	357	923532	927368	0	1982196	48305464287	0	37226	0	51174890267	33824727	70259322	789358	23	731	1	9
1677750353	359	925856	929692	0	1982464	48586664491	0	37226	0	51473039570	34021821	70662893	793836	23	735	1	9
1677750355	361	923392	927228	0	1979936	48895043354	0	37226	0	51800410625	34238229	71113271	798876	23	740	1	9
1677750357	363	923400	927236	0	1979936	49174835604	0	37226	0	52096658535	34434026	71484682	802995	23	744	1	9
1677750359	365	912660	916496	0	1969256	49422419670	0	37226	0	52359492291	34607758	71772298	806222	23	748	1	9
1677750361	367	926988	930824	0	1983580	49608376525	0	37226	0	52556485502	34737980	72025196	809007	23	751	1	9
1677750363	369	926996	930832	0	1983580	49830427736	0	37226	0	52791763247	34893493	72311471	812219	23	754	1	9
1677750365	371	922892	926728	0	1979468	50120796931	0	37226	0	53099633714	35097010	72794875	817612	23	758	1	9
1677750367	373	922900	926736	0	1979468	50398392993	0	37226	0	53393960254	35291559	73182606	821960	24	763	1	9
1677750369	375	920300	924136	0	1976868	50675380056	0	37226	0	53687641705	35485690	73605070	826679	24	767	1	9
1677750371	377	926748	930584	0	1983312	50963592781	0	37226	0	53993223332	35687662	74005561	831171	24	771	1	9
1677750373	379	921388	925224	0	1977892	51252623776	0	37226	0	54299674578	35890234	74385472	835391	24	776	1	9
1677750375	381	912764	916600	0	1969316	51538113342	0	37226	0	54602371376	36090332	74765405	839580	24	780	1	9
1677750377	383	927068	930904	0	1983616	51828521172	0	37226	0	54910280367	36293839	75174718	844207	24	784	1	9
1677750379	385	927076	930912	0	2012916	52088696894	0	37226	0	55186138199	36476201	75516965	847997	24	788	1	9
1677750381	387	927080	930916	0	2012916	52360415223	0	37226	0	55474233782	36666645	75862923	851825	25	792	1	9
1677750383	389	929604	933440	0	2012916	52617710637	0	37226	0	55747036088	36846968	76202057	855597	25	796	1	9
1677750385	391	927352	931188	0	1983884	52910408812	0	37226	0	56057374977	37052104	76610360	860145	25	801	1	9
1677750387	393	899092	902928	0	1955620	53193823868	0	37226	0	56357871257	37250734	76983778	864292	25	805	1	9
1677750389	395	929416	933252	0	1985940	53502134386	0	37226	0	56684762872	37466804	77400207	868950	25	810	1	9
1677750391	397	927696	931532	0	1984212	53762661324	0	37226	0	56960996310	37649418	77763770	872983	25	814	1	9
1677750393	399	927704	931540	0	1984212	54015792979	0	37226	0	57229384595	37826833	78100458	876712	25	818	1	9
1677750395	401	920820	924656	0	1977328	54251008142	0	37226	0	57478777266	37991696	78412594	880186	25	822	1	9
1677750397	403	929324	933160	0	1985824	54525195316	0	37226	0	57769488868	38183850	78850242	885116	26	826	1	9
1677750399	405	913456	917292	0	1969952	54799863298	0	37226	0	58060710903	38376346	79232493	889401	26	830	1	9
1677750401	407	927328	931164	0	1983820	55079659942	0	37226	0	58357370956	38572444	79611639	893614	26	834	1	9
1677750403	409	923020	926856	0	1979508	55359903636	0	37226	0	58654506778	38768877	79989852	897817	26	838	1	9
1677750405	411	923020	926856	0	1979508	55613381470	0	37226	0	58923258979	38946490	80342545	901831	26	843	1	9
1677750407	413	929352	933188	0	1985836	55858741942	0	37226	0	59183409785	39118485	80664526	905351	26	846	1	9
1677750409	415	921468	925304	0	1977884	56124282308	0	37226	0	59464954448	39304592	81021945	909319	26	851	1	9
1677750411	417	921468	925304	0	1977884	56397468416	0	37226	0	59754604038	39496033	81379649	913350	26	855	1	9
1677750413	419	920568	924404	0	1977044	56663707775	0	37226	0	60036889843	39682631	81755495	917534	27	859	1	9
1677750415	421	924816	928652	0	1981288	56956427255	0	37226	0	60347250308	39887772	82171175	922183	27	864	1	9
1677750417	423	922588	926424	0	1977012	57237245526	0	37226	0	60644992883	40084574	82568905	926625	27	868	1	9
1677750419	425	928952	932788	0	1983372	57515046034	0	37226	0	60939920508	40279518	82919121	930522	27	872	1	9
1677750421	427	928964	932800	0	2004232	57802232509	0	37226	0	61244031965	40480551	83279019	934476	27	876	1	9
1677750423	429	928968	932804	0	2004232	58080010625	0	37226	0	61538633534	40675275	83652535	938645	27	881	1	9
1677750425	431	928972	932808	0	2009000	58334379159	0	37226	0	61808249922	40853492	84001381	942549	27	885	1	9
1677750427	433	931020	934856	0	2009000	58552483508	0	37226	0	62039735709	41006554	84306743	945903	27	888	1	9
1677750429	435	931124	934960	0	2009000	58778794980	0	37226	0	62279632953	41165088	84596803	949161	28	892	1	9
1677750431	437	919588	923424	0	1973988	59067595547	0	37226	0	62585667892	41367396	85006600	953749	28	896	1	9
1677750433	439	928128	931964	0	1982520	59345410571	0	37226	0	62880216396	41562078	85371769	957819	28	900	1	9
1677750435	441	915476	919312	0	1969864	59616505366	0	37226	0	63167650647	41752084	85718021	961654	28	905	1	9
1677750437	443	929348	933184	0	1983736	59838934465	0	37226	0	63403564931	41908053	85995108	964761	28	908	1	9
1677750439	445	929356	933192	0	2013032	60130486573	0	37226	0	63712607857	42112285	86355080	968790	28	912	1	9
1677750441	447	933812	937648	0	2013032	60389173895	0	37226	0	63986886510	42293592	86730385	972957	28	917	1	9
1677750443	449	922624	926460	0	1979048	60675656788	0	37226	0	64290634879	42494365	87080979	976843	28	921	1	9
1677750445	451	924512	928348	0	1980932	60963108330	0	37226	0	64595409087	42695800	87444967	980913	29	926	1	9
1677750447	453	929762	933424	0	1983952	61233076934	0	37226	0	64881648459	42885007	87910873	986141	29	930	1	9
1677750449	455	918978	922640	0	1973168	61518051113	0	37226	0	65183798055	43084733	88483723	992610	29	934	1	9
1677750451	457	927294	930956	0	1981480	61815108690	0	37226	0	65498756902	43292884	89013197	998638	29	939	1	9
1677750453	459	925558	929220	0	1979740	62105394653	0	37226	0	65806538614	43496335	89485292	1003885	29	943	1	9
1677750455	461	925562	929224	0	1979740	62393338328	0	37226	0	66111834371	43698110	89843382	1007901	29	948	1	9
1677750457	463	921934	925596	0	1976108	62650103906	0	37226	0	66384075803	43878072	90362538	1013750	29	952	1	9
1677750459	465	928074	931736	0	1982244	62925118552	0	37226	0	66675662594	44070777	90930020	1020210	30	956	1	9
1677750461	467	925534	929196	0	1979696	63203933171	0	37226	0	66971281847	44266192	91519980	1026853	30	960	1	9
1677750463	469	905310	908972	0	1959464	63475137268	0	37226	0	67258831602	44456268	91892042	1030985	30	965	1	9
1677750465	471	925626	929288	0	1979780	63729976868	0	37226	0	67529028879	44634851	92181168	1034227	30	969	1	9
1677750467	473	925962	929624	0	1980112	64012127302	0	37226	0	67828184279	44832593	92562299	1038463	30	973	1	9
1677750469	475	925970	929632	0	1980112	64308409045	0	37226	0	68142320592	45040212	93135809	1044940	30	977	1	9
1677750471	477	923494	927156	0	1977608	64590458744	0	37226	0	68441366924	45237854	93490500	1048932	30	982	1	9
1677750473	479	929982	933644	0	1983980	64891403447	0	37226	0	68760448686	45448759	93896089	1053469	30	986	1	9
1677750475	481	925510	929172	0	1979620	65180126978	0	37226	0	69066573095	45651105	94344242	1058444	31	991	1	9
1677750477	483	925922	929584	0	1980024	65480233011	0	37226	0	69384765888	45861426	94819714	1063777	31	996	1	9
1677750479	485	925926	929588	0	1980024	65756994234	0	37226	0	69678206871	46055385	95314635	1069367	31	1000	1	9
1677750481	487	915650	919312	0	1969736	65990777477	0	37226	0	69926081282	46219246	95860595	1075530	31	1004	1	9
1677750483	489	922298	925960	0	1976380	66268419592	0	37226	0	70220587019	46413930	96514869	1082942	31	1008	1	9
1677750485	491	917926	921588	0	1972008	66546455536	0	37226	0	70515247218	46608658	96919786	1087471	31	1012	1	9
1677750487	493	925710	929372	0	1979792	66862999015	0	37226	0	70850866219	46830473	97323304	1092018	31	1017	1	9
1677750489	495	929458	933120	0	1983540	67149857455	0	37226	0	71155014727	47031533	97676670	1095899	32	1021	1	9
1677750491	497	874454	878116	0	1912848	67383921091	0	37226	0	71403185933	47195563	97948270	1098942	32	1025	1	9
1677750493	499	928846	932508	0	1982756	67677524635	0	37226	0	71714482766	47401323	98350678	1103459	32	1030	1	9
1677750495	501	921190	924852	0	1977144	67962729292	0	37226	0	72016876139	47601202	98715182	1107504	32	1034	1	9
1677750497	503	931606	935268	0	1985504	68237035615	0	37226	0	72307713827	47793436	99060417	1111340	32	1038	1	9
1677750499	505	911642	915304	0	1969632	68516115873	0	37226	0	72603615843	47989050	99468700	1115866	32	1042	1	9
1677750501	507	924986	928648	0	1980928	68771706909	0	37226	0	72874609287	48168153	99792758	1119512	32	1046	1	9
1677750503	509	929014	932676	0	1982908	69071651850	0	37226	0	73192631399	48378363	100227179	1124369	33	1051	1	9
1677750505	511	929018	932680	0	1982908	69352801875	0	37226	0	73490724461	48575381	100612579	1128723	33	1055	1	9
1677750507	513	920818	924480	0	1976752	69616201272	0	37226	0	73769998106	48759973	100924381	1132198	33	1059	1	9
1677750509	515	880070	883732	0	1942144	69899287400	0	37226	0	74070144973	48958365	101316182	1136548	33	1064	1	9
1677750511	517	919558	923220	0	1975488	70157331490	0	37226	0	74343740124	49139198	101628771	1140038	33	1068	1	9
1677750513	519	925950	929612	0	1979828	70432220578	0	37226	0	74635198539	49331878	101996721	1144084	33	1073	1	9
1677750515	521	925954	929616	0	1979828	70711739251	0	37226	0	74931563163	49527769	102352546	1148054	33	1077	1	9
1677750517	523	923230	926892	0	1977104	70983363428	0	37226	0	75219559142	49718149	102701664	1151914	33	1082	1	9
1677750519	525	923234	926896	0	1977104	71201958058	0	37226	0	75451328566	49871352	102969272	1154872	34	1085	1	9
1677750521	527	914810	918472	0	1968676	71438878438	0	37226	0	75702878289	50037691	103250409	1157914	34	1089	1	9
1677750523	529	921722	925384	0	1975584	71717044205	0	37226	0	75997612058	50232470	103644578	1162367	34	1093	1	9
1677750525	531	924090	927752	0	1977876	71974357606	0	37226	0	76270282058	50412704	103967540	1165963	34	1097	1	9
1677750527	533	924098	927760	0	1977876	72227785022	0	37226	0	76538983134	50590312	104328160	1169997	34	1102	1	9
1677750529	535	916358	920020	0	1970208	72501365528	0	37226	0	76829052962	50782061	104727718	1174382	34	1106	1	9
1677750531	537	926174	929836	0	1980020	72764738094	0	37226	0	77108298475	50966638	105070761	1178211	34	1110	1	9
1677750533	539	925266	928928	0	1979080	73041279910	0	37226	0	77401507245	51160450	105483399	1182813	34	1115	1	9
1677750535	541	925266	928928	0	1979080	73332578028	0	37226	0	77710359652	51364575	105862482	1187091	35	1120	1	9
1677750537	543	930330	933992	0	1984144	73567767783	0	37226	0	77960176274	51529739	106151523	1190266	35	1124	1	9
1677750539	545	930330	933992	0	1984144	73824999593	0	37226	0	78232459072	51709685	106461123	1193706	35	1128	1	9
1677750541	547	927918	931580	0	1981728	74080692043	0	37226	0	78503561078	51888876	106799404	1197484	35	1132	1	9
1677750543	549	874606	878268	0	1912848	74333842146	0	37226	0	78771969607	52066307	107128717	1201120	35	1136	1	9
1677750545	551	930182	933844	0	1983940	74580870484	0	37226	0	79033885716	52239432	107425545	1204414	35	1140	1	9
1677750547	553	915206	918868	0	1968964	74833178413	0	37226	0	79301400611	52416265	107750380	1207999	35	1145	1	9
1677750549	555	922486	926148	0	1976244	75081087498	0	37226	0	79564250489	52590003	108208829	1213171	35	1148	1	9
1677750551	557	930534	934196	0	1984292	75313146315	0	37226	0	79810294629	52752632	108651514	1218144	36	1152	1	9
1677750553	559	911846	915508	0	1969700	75565088618	0	37226	0	80077421784	52929209	108986820	1221869	36	1156	1	9
1677750555	561	917990	921652	0	1969700	75779907329	0	37226	0	80305187464	53079763	109268677	1225003	36	1161	1	9
1677750557	563	936042	939704	0	1983656	75978580116	0	37226	0	80515833486	53218991	109530324	1227918	36	1166	1	9
1677750559	565	928290	931952	0	1975792	76223860761	0	37226	0	80776189854	53391118	109889871	1231968	36	1171	1	9
1677750561	567	917306	920968	0	1966964	76463927948	0	37226	0	81030432377	53559136	110275221	1236269	36	1176	1	9
1677750563	569	938142	941804	0	1983036	76694941064	0	37226	0	81275365712	53721003	110511372	1238921	36	1181	1	9
1677750565	571	928238	931900	0	1973128	76898881853	0	37226	0	81491599677	53863956	110802600	1242147	36	1186	1	9
1677750567	573	936126	939788	0	1981016	77136006645	0	37226	0	81743013768	54030116	111139853	1245956	36	1191	1	9
1677750569	575	923090	926752	0	1967976	77348705881	0	37226	0	81968533952	54179207	111477737	1249707	37	1195	1	9
1677750571	577	938214	941876	0	1983100	77596787447	0	37226	0	82231783007	54353175	111829080	1253712	37	1201	1	9
1677750573	579	934958	938620	0	1977792	77832211138	0	37226	0	82481178196	54518048	112178866	1257563	37	1206	1	9
1677750575	581	943438	947100	0	1986272	78080417130	0	37226	0	82744340588	54691962	112610640	1262504	37	1211	1	9
1677750577	583	929198	932860	0	1969980	78293618423	0	37226	0	82970392058	54841393	112977647	1266594	37	1216	1	9
1677750579	585	940678	944340	0	1981460	78524311514	0	37226	0	83214986985	55003045	113266311	1269870	37	1221	1	9
1677750581	587	938830	942492	0	1979608	78735464903	0	37226	0	83438936839	55151107	113552402	1272985	37	1225	1	9
1677750583	589	944598	948260	0	1985372	78949420039	0	37226	0	83665718238	55301003	113842413	1276234	37	1230	1	9
1677750585	591	931482	935144	0	1974300	79165009106	0	37226	0	83894299972	55452087	114190514	1280154	37	1235	1	9
1677750587	593	924794	928456	0	1969660	79401418651	0	37226	0	84144957139	55617765	114509666	1283717	38	1240	1	9
1677750589	595	942686	946348	0	1983456	79611334738	0	37226	0	84367523032	55764861	114755198	1286462	38	1244	1	9
1677750591	597	909790	913452	0	1950432	79830010290	0	37226	0	84599635574	55918312	115001884	1289187	38	1249	1	9
1677750593	599	938354	942016	0	1979120	80038178272	0	37226	0	84820093030	56064021	115338988	1292963	38	1253	1	9
1677750595	601	915506	919168	0	1955872	80261106148	0	37226	0	85056456624	56220258	115590436	1295743	38	1258	1	9
1677750597	603	944910	948572	0	1985268	80470149760	0	37226	0	85278097313	56366741	115881877	1299022	38	1263	1	9
1677750599	605	925710	929372	0	1970156	80707513843	0	37226	0	85529767205	56533096	116294263	1303670	38	1268	1	9
1677750601	607	945534	949196	0	1985884	80925180105	0	37226	0	85760550769	56685628	116606353	1307188	38	1273	1	9
1677750603	609	939134	942796	0	1979476	81134717603	0	37226	0	85982717638	56832489	116903496	1310503	38	1277	1	9
1677750605	611	943710	947372	0	1983804	81345736506	0	37226	0	86206453613	56980368	117232964	1314220	39	1282	1	9
1677750607	613	943758	947420	0	1983852	81566596302	0	37226	0	86440623601	57135146	117597732	1318322	39	1287	1	9
1677750609	615	943762	947424	0	1983852	81805693620	0	37226	0	86694129618	57302694	118022377	1323145	39	1292	1	9
1677750611	617	938838	942500	0	1978924	82042405202	0	37226	0	86945322740	57468743	118350421	1326778	39	1297	1	9
1677750613	619	942938	946600	0	1978924	82273864331	0	37226	0	87190516325	57630803	118630540	1329918	39	1302	1	9
1677750615	621	948746	952408	0	1984728	82486652592	0	37226	0	87416128919	57779931	118896631	1332871	39	1307	1	9
1677750617	623	948750	952412	0	1984728	82695229111	0	37226	0	87637275178	57926096	119143987	1335636	39	1311	1	9
1677750619	625	943678	947340	0	1979648	82908700896	0	37226	0	87863613964	58075724	119499016	1339573	39	1316	1	9
1677750621	627	943678	947340	0	1979648	83152398403	0	37226	0	88121996832	58246488	119879891	1343903	40	1321	1	9
1677750623	629	943210	946872	0	1979180	83376706785	0	37226	0	88359824482	58403699	120232645	1347827	40	1326	1	9
1677750625	631	943210	946872	0	1979180	83603643474	0	37226	0	88600437763	58562734	120521069	1351066	40	1331	1	9
1677750627	633	942550	946212	0	1978520	83853576716	0	37226	0	88865434187	58737895	120850823	1354751	40	1336	1	9
1677750629	635	930862	934524	0	1966828	84087950106	0	37226	0	89113933467	58902160	121157973	1358142	40	1342	1	9
1677750631	637	943614	947276	0	1979576	84321799005	0	37226	0	89362109576	59066218	121435004	1361247	40	1347	1	9
1677750633	639	945678	949340	0	1981636	84553409386	0	37226	0	89607446491	59228358	121720680	1364425	40	1351	1	9
1677750635	641	945682	949344	0	1981636	84771798330	0	37226	0	89838997370	59381410	121987020	1367409	40	1356	1	9
1677750637	643	941614	945276	0	1977568	84991714922	0	37226	0	90072169674	59535557	122260276	1370406	40	1361	1	9
1677750639	645	941614	945276	0	1977568	85209438039	0	37226	0	90303013275	59688126	122554542	1373716	40	1365	1	9
1677750641	647	937082	940744	0	1975080	85429657026	0	37226	0	90536505375	59842472	122879223	1377348	41	1370	1	9
1677750643	649	949610	953272	0	1983512	85681275291	0	37226	0	90803288083	60018812	123209730	1381024	41	1376	1	9
1677750645	651	935666	939328	0	1969568	85939459587	0	37226	0	91077031604	60199740	123511765	1384401	41	1381	1	9
1677750647	653	947074	950736	0	1980972	86183020999	0	37226	0	91335271402	60370428	123922421	1389013	41	1386	1	9
1677750649	655	942370	946032	0	1976264	86406026004	0	37226	0	91571716532	60526715	124230672	1392420	41	1391	1	9
1677750651	657	943838	947500	0	2005560	86635579174	0	37226	0	91815105342	60687605	124520708	1395612	41	1396	1	9
1677750653	659	952254	955916	0	2005560	86866136436	0	37226	0	92059557734	60849184	124814770	1398879	41	1401	1	9
1677750655	661	942986	946648	0	1978924	87110145444	0	37226	0	92318271350	61020173	125141752	1402569	41	1406	1	9
1677750657	663	942986	946648	0	1978924	87364696440	0	37226	0	92588164708	61198583	125556594	1407209	41	1411	1	9
1677750659	665	947410	951072	0	1983348	87604507950	0	37226	0	92842427642	61366628	125900300	1411089	42	1416	1	9
1677750661	667	947414	951076	0	1983348	87816107154	0	37226	0	93066850089	61515004	126172597	1414078	42	1421	1	9
1677750663	669	944738	948400	0	1980672	88052272367	0	37226	0	93317177939	61680433	126457816	1417280	42	1426	1	9
1677750665	671	944742	948404	0	1980672	88270340478	0	37226	0	93548389046	61833268	126744106	1420464	42	1430	1	9
1677750667	673	940730	944392	0	1976660	88506644273	0	37226	0	93798933457	61998863	127058708	1424010	42	1436	1	9
1677750669	675	947086	950748	0	1983008	88737772580	0	37226	0	94043992703	62160861	127366285	1427407	42	1441	1	9
1677750671	677	946334	949996	0	1982256	88970073504	0	37226	0	94290293924	62323663	127659180	1430666	42	1445	1	9
1677750673	679	950390	954052	0	1986308	89197809034	0	37226	0	94531967290	62483438	127990051	1434399	42	1450	1	9
1677750675	681	949090	952752	0	1985004	89434469080	0	37226	0	94782676602	62649107	128316250	1438048	42	1455	1	9
1677750677	683	950150	953812	0	1985004	89657620453	0	37226	0	95019276463	62805490	128585434	1441067	43	1460	1	9
1677750679	685	944822	948484	0	1979676	89897191224	0	37226	0	95273285185	62973381	128934867	1444983	43	1465	1	9
1677750681	687	896034	899696	0	1942144	90100646674	0	37226	0	95489004206	63115991	129215776	1448070	43	1470	1	9
1677750683	689	944090	947752	0	1979876	90336472212	0	37226	0	95739040312	63281236	129546174	1451800	43	1474	1	9
1677750685	691	944094	947756	0	1979876	90537970921	0	37226	0	95952684686	63422475	129825673	1454872	43	1479	1	9
1677750687	693	944094	947756	0	1979876	90739107187	0	37226	0	96165940954	63563408	130070953	1457648	43	1482	1	9
1677750689	695	933922	937584	0	1969820	90952745670	0	37226	0	96392457007	63713158	130371651	1460970	43	1487	1	9
1677750691	697	943882	947544	0	1979780	91198955802	0	37226	0	96653503871	63885683	130720161	1464906	43	1492	1	9
1677750693	699	939546	943208	0	1975444	91436112107	0	37226	0	96904953949	64051900	131103230	1469177	43	1497	1	9
1677750695	701	939546	943208	0	1975444	91660734756	0	37226	0	97143111558	64209286	131421600	1472800	44	1502	1	9
1677750697	703	945618	949280	0	1981512	91885331863	0	37226	0	97381246860	64366720	131732431	1476201	44	1506	1	9
1677750699	705	945618	949280	0	1981512	92131242598	0	37226	0	97641975537	64539025	132022853	1479498	44	1512	1	9
1677750701	707	943458	947120	0	1979344	92360723413	0	37226	0	97885460677	64699984	132337428	1482977	44	1517	1	9
1677750703	709	898066	901728	0	1942144	92584018376	0	37226	0	98122040165	64856356	132629159	1486205	44	1521	1	9
1677750705	711	945414	949076	0	1981300	92817513877	0	37226	0	98369607992	65019995	132935775	1489623	44	1526	1	9
1677750707	713	952006	955668	0	1987888	93062243565	0	37226	0	98629085230	65191483	133248211	1493140	44	1531	1	9
1677750709	715	934206	937868	0	1970088	93288091870	0	37226	0	98868546027	65349778	133533283	1496273	44	1536	1	9
1677750711	717	950018	953680	0	1985896	93512970554	0	37226	0	99106976227	65507359	133938735	1500878	45	1541	1	9
1677750713	719	947918	951580	0	1983792	93749162703	0	37226	0	99357402754	65672883	134272569	1504612	45	1545	1	9
1677750715	721	947922	951584	0	1983792	93974000488	0	37226	0	99595792573	65830475	134573879	1507936	45	1550	1	9
1677750717	723	941934	945596	0	1977804	94222741233	0	37226	0	99859523356	66004783	134959861	1512306	45	1555	1	9
1677750719	725	909722	913384	0	1945460	94443192806	0	37226	0	100093261900	66159293	135277326	1515819	45	1560	1	9
1677750721	727	947126	950788	0	1982992	94659827424	0	37226	0	100322951577	66311100	135525797	1518613	45	1565	1	9
1677750723	729	927470	931132	0	1967428	94854188088	0	37226	0	100529027495	66447335	135829462	1521987	45	1569	1	9
1677750725	731	948850	952512	0	1984712	95078547833	0	37226	0	100767189946	66604771	136125543	1525317	45	1573	1	9
1677750727	733	960534	964196	0	1984712	95288222153	0	37226	0	100989218630	66751498	136535455	1529973	45	1578	1	9
1677750729	735	956618	960280	0	1980796	95516267905	0	37226	0	101231009733	66911338	136927930	1534357	46	1583	1	9
1677750731	737	956618	960280	0	1980796	95761487213	0	37226	0	101491006229	67083171	137257638	1538078	46	1588	1	9
1677750733	739	957598	961260	0	1981776	96003824861	0	37226	0	101747948658	67253003	137579585	1541658	46	1593	1	9
1677750735	741	957598	961260	0	1981776	96245169776	0	37226	0	102003838260	67422134	137904318	1545295	46	1598	1	9
1677750737	743	955482	959144	0	1979660	96466680157	0	37226	0	102238699133	67577380	138254594	1549203	46	1603	1	9
1677750739	745	921574	925236	0	1945624	96698329350	0	37226	0	102484991880	67740208	138668206	1553830	46	1608	1	9
1677750741	747	953438	957100	0	1977616	96949742367	0	37226	0	102750875735	67915937	139020986	1557782	46	1613	1	9
1677750743	749	951102	954764	0	1977328	97178832864	0	37226	0	102993772954	68076488	139304804	1560895	46	1618	1	9
1677750745	751	961686	965348	0	1985864	97403275596	0	37226	0	103231741208	68233767	139568946	1563856	46	1623	1	9
1677750747	753	965550	969212	0	1985864	97603955947	0	37226	0	103444611927	68374485	139791198	1566331	47	1627	1	9
1677750749	755	958090	961752	0	1978404	97828602407	0	37226	0	103682701791	68531850	140114174	1569936	47	1632	1	9
1677750751	757	958090	961752	0	1978404	98059901975	0	37226	0	103927941178	68693949	140442097	1573605	47	1637	1	9
1677750753	759	959086	962748	0	1979400	98264959425	0	37226	0	104145356034	68837645	140712383	1576645	47	1642	1	9
1677750755	761	959086	962748	0	1979400	98495988054	0	37226	0	104390309668	68999574	141028168	1580136	47	1646	1	9
1677750757	763	959086	962748	0	1979400	98727487455	0	37226	0	104635760001	69161799	141351734	1583784	47	1651	1	9
1677750759	765	964054	967716	0	1980304	98962851669	0	37226	0	104885381915	69326849	141663524	1587226	47	1656	1	9
1677750761	767	962454	966116	0	1978704	99187918175	0	37226	0	105123941723	69484503	141956196	1590484	47	1661	1	9
1677750763	769	971042	974704	0	1987292	99424796745	0	37226	0	105375095660	69650501	142252645	1593793	47	1666	1	9
1677750765	771	962966	966628	0	1979216	99657184067	0	37226	0	105621488783	69813367	142547024	1597072	48	1671	1	9
1677750767	773	962966	966628	0	1979216	99901808832	0	37226	0	105882054885	69985662	142847441	1600414	48	1677	1	9
1677750769	775	953502	957164	0	1969752	100138185030	0	37226	0	106131477803	70150453	143152181	1603810	48	1682	1	9
1677750771	777	969294	972956	0	1985544	100347123135	0	37226	0	106353007492	70296872	143415507	1606764	48	1686	1	9
1677750773	779	969294	972956	0	1985544	100553372276	0	37226	0	106571687853	70441429	143733496	1610318	48	1690	1	9
1677750775	781	968582	972244	0	1984832	100782349851	0	37226	0	106814465580	70601906	144014377	1613436	48	1695	1	9
1677750777	783	968582	972244	0	1984832	101030999338	0	37226	0	107078099796	70776150	144313441	1616797	48	1701	1	9
1677750779	785	970698	974360	0	1985716	101254310012	0	37226	0	107314871377	70932685	144726172	1621384	48	1705	1	9
1677750781	787	970698	974360	0	1985716	101501917070	0	37226	0	107577398425	71106176	145174130	1626509	48	1710	1	9
1677750783	789	962786	966448	0	1977804	101734483737	0	37226	0	107823983892	71269198	145482022	1629875	49	1715	1	9
1677750785	791	971350	975012	0	1986368	101971679666	0	37226	0	108075698022	71435563	145776091	1633175	49	1720	1	9
1677750787	793	968746	972408	0	1983764	102201373822	0	37226	0	108319011547	71596394	146054222	1636264	49	1725	1	9
1677750789	795	968746	972408	0	1983764	102433036379	0	37226	0	108564636934	71758761	146354610	1639601	49	1730	1	9
1677750791	797	969186	972848	0	1984204	102654958526	0	37226	0	108799933481	71914285	146673428	1643164	49	1736	1	9
1677750793	799	969186	972848	0	1984204	102910369692	0	37226	0	109070738235	72093291	147024927	1647062	49	1741	1	9
1677750795	801	971122	974784	0	1986020	103157780976	0	37226	0	109333059222	72266665	147377200	1651039	49	1746	1	9
1677750797	803	971122	974784	0	1986020	103359384512	0	37226	0	109546813711	72407963	147640285	1653955	49	1750	1	9
1677750799	805	962354	966016	0	1977372	103615902268	0	37226	0	109818789517	72587713	147996921	1657986	50	1755	1	9
1677750801	807	962354	966016	0	1977372	103846977282	0	37226	0	110063791944	72749670	148310294	1661449	50	1760	1	9
1677750803	809	963074	966736	0	1978092	104077154783	0	37226	0	110307841097	72910976	148588240	1664534	50	1765	1	9
1677750805	811	963074	966736	0	1978092	104321767682	0	37226	0	110567291848	73082471	148894499	1667977	50	1770	1	9
1677750807	813	963378	967040	0	1978396	104559083358	0	37226	0	110818814925	73248727	149197766	1671317	50	1775	1	9
1677750809	815	963378	967040	0	1978396	104773792601	0	37226	0	111046463278	73399187	149456339	1674209	50	1780	1	9
1677750811	817	964978	968640	0	1979960	104995166142	0	37226	0	111281180206	73554353	149763637	1677604	50	1785	1	9
1677750813	819	964978	968640	0	1979960	105246137289	0	37226	0	111547273873	73730199	150128757	1681768	50	1790	1	9
1677750815	821	964662	968324	0	1979680	105487799711	0	37226	0	111803502829	73899590	150467675	1685493	50	1795	1	9
1677750817	823	964662	968324	0	1979680	105726526751	0	37226	0	112056685574	74066931	150783244	1689044	51	1800	1	9
1677750819	825	965030	968692	0	1978816	105953994189	0	37226	0	112297793717	74226308	151103182	1692581	51	1805	1	9
1677750821	827	965030	968692	0	1978816	106150004400	0	37226	0	112505615190	74363651	151374222	1695661	51	1809	1	9
1677750823	829	965030	968692	0	1978816	106377232753	0	37226	0	112746538755	74522905	151731574	1699671	51	1814	1	9
1677750825	831	967938	971600	0	1981724	106609835691	0	37226	0	112993160405	74685921	152129746	1704151	51	1819	1	9
1677750827	833	971726	975388	0	1985512	106825984161	0	37226	0	113222336426	74837412	152471751	1707987	51	1824	1	9
1677750829	835	971054	974716	0	1984840	107077421856	0	37226	0	113488926724	75013611	152799307	1711677	51	1829	1	9
1677750831	837	972854	976516	0	1986640	107317233745	0	37226	0	113743192787	75181693	153139821	1715453	51	1834	1	9
1677750833	839	963986	967648	0	1977772	107518467657	0	37226	0	113956554682	75322722	153430277	1718721	51	1839	1	9
1677750835	841	942478	946140	0	1956264	107718028122	0	37226	0	114168142357	75462581	153751729	1722321	51	1843	1	9
1677750837	843	965842	969504	0	1979628	107955237702	0	37226	0	114419647397	75628815	154057678	1725723	52	1848	1	9
1677750839	845	956490	960152	0	1970276	108156718013	0	37226	0	114633440985	75770141	154316519	1728591	52	1853	1	9
1677750841	847	970458	974120	0	1984244	108388962924	0	37226	0	114879511604	75932770	154603013	1731809	52	1857	1	9
1677750843	849	965650	969312	0	1979436	108631953586	0	37226	0	115137147047	76103066	154884784	1734938	52	1862	1	9
1677750845	851	965650	969312	0	1979436	108828530146	0	37226	0	115345571357	76240840	155114068	1737459	52	1867	1	9
1677750847	853	961282	964944	0	1975068	109078339544	0	37226	0	115610436981	76415921	155435723	1741051	52	1872	1	9
1677750849	855	973658	977320	0	1987440	109313886759	0	37226	0	115860180942	76581008	155828994	1745473	52	1877	1	9
1677750851	857	972170	975832	0	1985952	109530921065	0	37226	0	116090295736	76733115	156217350	1749836	52	1881	1	9
1677750853	859	972170	975832	0	1985952	109756823036	0	37226	0	116329834025	76891433	156584758	1753971	53	1886	1	9
1677750855	861	955954	959616	0	1969736	109990562634	0	37226	0	116577661167	77055249	156885187	1757314	53	1891	1	9
1677750857	863	967238	970900	0	1981020	110209951626	0	37226	0	116810273583	77209018	157271429	1761656	53	1896	1	9
1677750859	865	959486	963148	0	1973264	110460482722	0	37226	0	117075901185	77384564	157643967	1765874	53	1901	1	9
1677750861	867	968794	972456	0	1979252	110681085232	0	37226	0	117309800717	77539191	157983145	1769639	53	1906	1	9
1677750863	869	971302	974964	0	1981760	110913380837	0	37226	0	117556095468	77701977	158315519	1773389	53	1911	1	9
1677750865	871	971302	974964	0	1981760	111142847390	0	37226	0	117799592360	77862939	158616266	1776705	53	1916	1	9
1677750867	873	968910	972572	0	1979368	111376545592	0	37226	0	118047173452	78026565	158925887	1780188	53	1921	1	9
1677750869	875	968910	972572	0	1979368	111598946403	0	37226	0	118282999099	78182443	159231869	1783553	53	1925	1	9
1677750871	877	964318	967980	0	1974772	111835114134	0	37226	0	118533405666	78347990	159551093	1787080	54	1930	1	9
1677750873	879	972254	975916	0	1982708	112067982809	0	37226	0	118780306803	78511164	159863101	1790595	54	1936	1	9
1677750875	881	955150	958812	0	1969700	112308389604	0	37226	0	119035203238	78679659	160198069	1794310	54	1940	1	9
1677750877	883	970570	974232	0	1981024	112564320182	0	37226	0	119306555360	78858984	160520449	1797958	54	1946	1	9
1677750879	885	965830	969492	0	1976284	112772352406	0	37226	0	119527128155	79004814	160799314	1801000	54	1951	1	9
1677750881	887	971994	975656	0	1980436	113039488880	0	37226	0	119810360916	79191983	161119119	1804638	54	1956	1	9
1677750883	889	971350	975012	0	1979792	113246319567	0	37226	0	120029658577	79336960	161383532	1807519	54	1961	1	9
1677750885	891	971350	975012	0	1979792	113487899470	0	37226	0	120285796475	79506243	161715029	1811274	54	1966	1	9
1677750887	893	971330	974992	0	1979772	113743884280	0	37226	0	120557209825	79685654	162025908	1814705	54	1971	1	9
1677750889	895	971330	974992	0	1979772	113974610602	0	37226	0	120801841901	79847357	162342797	1818241	55	1976	1	9
1677750891	897	968686	972348	0	1977128	114216648334	0	37226	0	121058466450	80016979	162736138	1822585	55	1982	1	9
1677750893	899	977214	980876	0	1985656	114469133808	0	37226	0	121326168899	80193929	163078150	1826410	55	1987	1	9
1677750895	901	969286	972948	0	1977728	114681231317	0	37226	0	121551049128	80342573	163385275	1829832	55	1992	1	9
1677750897	903	977794	981456	0	1986236	114919315547	0	37226	0	121803481526	80509418	163718929	1833594	55	1996	1	9
1677750899	905	971554	975216	0	1979876	115140651180	0	37226	0	122038159550	80664573	164082104	1837636	55	2001	1	9
1677750901	907	973598	977260	0	1979876	115373648464	0	37226	0	122285197776	80827845	164449098	1841790	55	2006	1	9
1677750903	909	968078	971740	0	1974476	115603062977	0	37226	0	122528437790	80988612	164765194	1845348	55	2011	1	9
1677750905	911	976278	979940	0	1982676	115834950293	0	37226	0	122774302318	81151149	165078890	1848813	55	2015	1	9
1677750907	913	972170	975832	0	1978568	116070115076	0	37226	0	123023638745	81315942	165487140	1853447	56	2020	1	9
1677750909	915	972170	975832	0	1978568	116300466963	0	37226	0	123267895639	81477438	165852225	1857510	56	2025	1	9
1677750911	917	963750	967412	0	1970148	116547009988	0	37226	0	123529275970	81650173	166165818	1861006	56	2030	1	9
1677750913	919	976394	980056	0	1982792	116761961923	0	37226	0	123757181284	81800799	166418289	1863830	56	2035	1	9
1677750915	921	972058	975720	0	1978456	117010416673	0	37226	0	124020609077	81974912	166735438	1867372	56	2040	1	9
1677750917	923	972058	975720	0	1978456	117240601573	0	37226	0	124264666575	82136229	167063454	1871038	56	2045	1	9
1677750919	925	974250	977912	0	1978600	117484191800	0	37226	0	124522937198	82306939	167378256	1874549	56	2050	1	9
1677750921	927	976294	979956	0	1978600	117718008891	0	37226	0	124770845961	82470803	167753006	1878756	56	2055	1	9
1677750923	929	981506	985168	0	1985860	117964299219	0	37226	0	125031979678	82643409	168089425	1882521	56	2060	1	9
1677750925	931	975034	978696	0	1979388	118208513125	0	37226	0	125290912896	82814574	168420275	1886185	57	2065	1	9
1677750927	933	975034	978696	0	1979388	118446505593	0	37226	0	125543247725	82981351	168739310	1889781	57	2070	1	9
1677750929	935	975430	979092	0	1979784	118698411234	0	37226	0	125810336520	83157912	169085515	1893587	57	2075	1	9
1677750931	937	975430	979092	0	1979784	118933388657	0	37226	0	126059473177	83322557	169363359	1896735	57	2080	1	9
1677750933	939	976846	980508	0	1979156	119167510207	0	37226	0	126307705481	83486646	169660497	1900010	57	2085	1	9
1677750935	941	976846	980508	0	1979156	119409310371	0	37226	0	126564077207	83656088	169964389	1903427	57	2090	1	9
1677750937	943	975390	979052	0	1977700	119617275891	0	37226	0	126784578015	83801857	170259013	1906676	57	2095	1	9
1677750939	945	975390	979052	0	1977700	119850000794	0	37226	0	127031326444	83964924	170563417	1910134	57	2100	1	9
1677750941	947	976694	980356	0	1979004	120077878178	0	37226	0	127272939086	84124649	171043865	1915489	58	2104	1	9
1677750943	949	976694	980356	0	1979004	120298546412	0	37226	0	127506904479	84279270	171364274	1919131	58	2109	1	9
1677750945	951	977294	980956	0	1979604	120537361140	0	37226	0	127760112740	84446647	171685154	1922684	58	2114	1	9
1677750947	953	977294	980956	0	1979604	120755692675	0	37226	0	127991602635	84599657	171960406	1925768	58	2118	1	9
1677750949	955	976870	980532	0	1979180	120987796847	0	37226	0	128237696570	84762339	172297045	1929500	58	2123	1	9
1677750951	957	976870	980532	0	1979180	121216215562	0	37226	0	128479879764	84922390	172595167	1932889	58	2128	1	9
1677750953	959	977702	981364	0	1977968	121471213774	0	37226	0	128750247516	85101118	173008905	1937452	58	2133	1	9
1677750955	961	977702	981364	0	1977968	121687199971	0	37226	0	128979250502	85252481	173329345	1941050	58	2138	1	9
1677750957	963	973806	977468	0	1974072	121931605573	0	37226	0	129238386768	85423778	173698561	1945159	59	2143	1	9
1677750959	965	982174	985836	0	1982440	122162879014	0	37226	0	129485848514	85587335	174052532	1949121	59	2148	1	9
1677750961	967	969634	973296	0	1969900	122388337622	0	37226	0	129722653312	85743860	174362640	1952583	59	2153	1	9
1677750963	969	979466	983128	0	1979728	122627091719	0	37226	0	129976172629	85911433	174642356	1955720	59	2158	1	9
1677750965	971	943634	947296	0	1943768	122840529681	0	37226	0	130202103265	86060779	174905700	1958603	59	2163	1	9
1677750967	973	983830	987492	0	1983988	123081106511	0	37226	0	130457355015	86229481	175223382	1962184	59	2168	1	9
1677750969	975	962866	966528	0	1963128	123319017281	0	37226	0	130709422458	86396095	175550132	1965835	59	2173	1	9
1677750971	977	985038	988700	0	1985300	123546811479	0	37226	0	130950946031	86555745	175825570	1968890	59	2177	1	9
1677750973	979	987082	990744	0	1985300	123785308923	0	37226	0	131203817281	86722890	176105923	1971998	59	2183	1	9
1677750975	981	979910	983572	0	1978128	124030236582	0	37226	0	131463506811	86894550	176399796	1975231	59	2188	1	9
1677750977	983	947822	951484	0	1945912	124269152748	0	37242	0	131716821696	87061985	176682689	1978371	60	2193	1	9
1677750979	985	980942	984604	0	1979160	124506803115	0	37242	0	131968795423	87228544	176980600	1981686	60	2198	1	9
1677750981	987	970994	974656	0	1969216	124747112942	0	37242	0	132223587405	87396949	177275071	1984961	60	2203	1	9
1677750983	989	983206	986868	0	1981424	124994679309	0	37242	0	132486073506	87570442	177587793	1988446	60	2208	1	9
1677750985	991	971398	975060	0	1969616	125231747299	0	37242	0	132737428435	87736577	177893564	1991801	60	2213	1	9
1677750987	993	983678	987340	0	1981896	125474659333	0	37242	0	132994980047	87906812	178194124	1995145	60	2218	1	9
1677750989	995	980838	984500	0	1979056	125701890251	0	37242	0	133235906417	88066070	178495378	1998504	60	2223	1	9
1677750991	997	980838	984500	0	1979056	125907615711	0	37242	0	133454029769	88210237	178762560	2001472	60	2228	1	9
1677750993	999	982882	986544	0	1979056	126149765168	0	37242	0	133710773655	88379950	179102521	2005241	60	2233	1	9
1677750995	1001	985110	988772	0	1981284	126393410660	0	37242	0	133969101563	88550681	179431883	2008919	61	2238	1	9
1677750997	1003	985114	988776	0	1981284	126620124781	0	37242	0	134209479700	88709574	179768839	2012675	61	2243	1	9
1677750999	1005	990610	994272	0	1986780	126865352560	0	37242	0	134469486957	88881435	180117847	2016598	61	2248	1	9
1677751001	1007	956658	960320	0	1952700	127096149951	0	37242	0	134714195174	89043199	180451151	2020291	61	2253	1	9
1677751003	1009	983502	987164	0	1979672	127348379978	0	37242	0	134981626187	89219962	180784185	2024012	61	2258	1	9
1677751005	1011	949594	953256	0	1945636	127589764714	0	37242	0	135237557675	89389118	181117519	2027741	61	2263	1	9
1677751007	1013	987374	991036	0	1983544	127828549407	0	37242	0	135490833205	89556526	181440208	2031343	61	2268	1	9
1677751009	1015	976478	980140	0	1972648	128070796980	0	37242	0	135747580055	89726226	181742505	2034711	61	2273	1	9
1677751011	1017	982278	985940	0	1978448	128314641698	0	37242	0	136006120219	89897111	182046533	2038091	62	2279	1	9
1677751013	1019	983438	987100	0	1979612	128565278473	0	37242	0	136271866245	90072774	182349216	2041465	62	2284	1	9
1677751015	1021	985486	989148	0	1979612	128763885941	0	37242	0	136482710463	90212135	182582902	2044076	62	2288	1	9
1677751017	1023	980898	984560	0	1977100	128973695619	0	37242	0	136704892386	90358972	182853187	2047076	62	2293	1	9
1677751019	1025	991398	995060	0	1985524	129189291446	0	37242	0	136933481514	90510063	183154910	2050393	62	2297	1	9
1677751021	1027	982910	986572	0	1977036	129419426259	0	37242	0	137177486582	90671354	183504269	2054289	62	2302	1	9
1677751023	1029	982910	986572	0	1977036	129666685603	0	37242	0	137439645664	90844612	183891135	2058671	62	2307	1	9
1677751025	1031	979942	983604	0	1976116	129902779450	0	37242	0	137689969804	91010092	184227822	2062398	62	2313	1	9
1677751027	1033	988206	991868	0	1982332	130143224689	0	37242	0	137944906419	91178605	184560710	2066121	62	2318	1	9
1677751029	1035	983538	987200	0	1977664	130408267379	0	37242	0	138225922116	91364347	184929947	2070264	63	2323	1	9
1677751031	1037	992030	995692	0	1986156	130637289329	0	37242	0	138470995941	91526337	185269084	2074043	63	2328	1	9
1677751033	1039	983822	987484	0	1977848	130862176879	0	37242	0	138707187453	91682454	185641474	2078150	63	2333	1	9
1677751035	1041	983822	987484	0	1977848	131102556200	0	37242	0	138962054258	91850920	185959217	2081694	63	2338	1	9
1677751037	1043	984634	988296	0	1978760	131341972385	0	37242	0	139215899335	92018706	186260764	2085051	63	2343	1	9
1677751039	1045	984634	988296	0	1978760	131593928823	0	37242	0	139483040806	92195284	186594813	2088781	63	2348	1	9
1677751041	1047	990810	994472	0	1984936	131800001025	0	37242	0	139701532948	92339711	186869062	2091827	63	2353	1	9
1677751043	1049	990810	994472	0	1984936	132046495912	0	37242	0	139962883262	92512455	187188238	2095387	63	2358	1	9
1677751045	1051	983326	986988	0	1977452	132294715943	0	37242	0	140226062501	92686407	187536226	2099243	63	2363	1	9
1677751047	1053	989646	993308	0	1983772	132538717996	0	37242	0	140484769423	92857402	187859367	2102850	64	2368	1	9
1677751049	1055	985514	989176	0	1979640	132774150541	0	37242	0	140734390475	93022394	188152490	2106116	64	2373	1	9
1677751051	1057	985514	989176	0	1979640	133026856885	0	37242	0	141002326583	93199492	188490832	2109897	64	2378	1	9
1677751053	1059	986598	990260	0	1980724	133262604774	0	37242	0	141252284524	93364735	188799406	2113303	64	2383	1	9
1677751055	1061	990878	994540	0	1985004	133497484501	0	37242	0	141501318713	93529327	189187986	2117708	64	2388	1	9
1677751057	1063	985738	989400	0	1979864	133731421634	0	37242	0	141749356023	93693295	189581890	2122104	64	2394	1	9
1677751059	1065	985282	988944	0	1979408	133966550692	0	37242	0	141998662058	93858085	189931081	2126011	64	2399	1	9
1677751061	1067	985282	988944	0	1979408	134191194798	0	37242	0	142237038616	94015647	190462691	2132048	64	2404	1	9
1677751063	1069	983898	987560	0	1978024	134427282017	0	37242	0	142487153710	94180959	190776688	2135585	65	2408	1	9
1677751065	1071	987894	991556	0	1978024	134647971647	0	37242	0	142721146870	94335662	191098739	2139145	65	2413	1	9
1677751067	1073	987894	991556	0	1978024	134870631169	0	37242	0	142957223618	94491679	191434515	2142971	65	2418	1	9
1677751069	1075	991938	995600	0	1982068	135068293579	0	37242	0	143166802504	94630255	191714087	2146009	65	2422	1	9
1677751071	1077	989590	993252	0	1979720	135296882806	0	37242	0	143409368456	94790589	192012658	2149367	65	2427	1	9
1677751073	1079	989590	993252	0	1979720	135513282868	0	37242	0	143638609338	94942100	192305360	2152622	65	2431	1	9
1677751075	1081	989606	993268	0	1979736	135746324579	0	37242	0	143885697056	95105436	192659071	2156552	65	2436	1	9
1677751077	1083	993962	997624	0	1984060	136006274167	0	37242	0	144161312248	95287600	193099422	2161552	65	2441	1	9
1677751079	1085	989050	992712	0	1979180	136227707876	0	37242	0	144396092193	95442799	193400474	2164871	65	2446	1	9
1677751081	1087	989050	992712	0	1979180	136482921900	0	37242	0	144666685935	95621639	193743065	2168736	66	2451	1	9
1677751083	1089	989066	992728	0	1979196	136671092711	0	37242	0	144866197676	95753518	194011735	2171721	66	2455	1	9
1677751085	1091	990090	993752	0	1979196	136891073503	0	37242	0	145099435712	95907678	194305057	2175016	66	2460	1	9
1677751087	1093	957178	960840	0	1946156	137110317227	0	37242	0	145331895382	96061366	194605683	2178298	66	2465	1	9
1677751089	1095	996810	1000472	0	1985916	137365535845	0	37242	0	145602493152	96240197	194968265	2182432	66	2470	1	9
1677751091	1097	939542	943204	0	1942144	137604407468	0	37242	0	145855763143	96407633	195345553	2186600	66	2475	1	9
1677751093	1099	989010	992672	0	1978116	137858047418	0	37242	0	146124687530	96585363	195694086	2190551	66	2480	1	9
1677751095	1101	989010	992672	0	1978116	138054173603	0	37242	0	146332635364	96722833	195962237	2193511	66	2485	1	9
1677751097	1103	995022	998684	0	1984128	138286629282	0	37242	0	146579099724	96885730	196252342	2196770	66	2490	1	9
1677751099	1105	967126	970788	0	1956232	138501412615	0	37242	0	146806831315	97036305	196604530	2200645	67	2494	1	9
1677751101	1107	995406	999068	0	1984512	138739372932	0	37242	0	147059130681	97203041	196893797	2203928	67	2499	1	9
1677751103	1109	982830	986492	0	1973984	138955672093	0	37242	0	147288468704	97354668	197175693	2206992	67	2504	1	9
1677751105	1111	990566	994228	0	1981720	139202565150	0	37242	0	147550238579	97527657	197531813	2211048	67	2509	1	9
1677751107	1113	975538	979200	0	1968744	139434396163	0	37242	0	147796043317	97690155	197918012	2215325	67	2514	1	9
1677751109	1115	993622	997284	0	1982728	139675638913	0	37242	0	148051823485	97859199	198240942	2218999	67	2519	1	9
1677751111	1117	990090	993752	0	1979196	139902565400	0	37242	0	148292528716	98018372	198547116	2222343	67	2524	1	9
1677751113	1119	996270	999932	0	1985376	140126109850	0	37242	0	148529447649	98174929	198882798	2226163	67	2528	1	9
1677751115	1121	989674	993336	0	1978776	140352986610	0	37242	0	148770000451	98333966	199172770	2229321	67	2533	1	9
1677751117	1123	989674	993336	0	1978776	140571098336	0	37242	0	149001255097	98486794	199414638	2232055	68	2538	1	9
1677751119	1125	939714	943376	0	1942144	140700216008	0	37242	0	149138190889	98577356	199571167	2233737	68	2540	1	9
1677751121	1127	986010	989672	0	1977160	140903497341	0	37242	0	149353692082	98719810	199879562	2237178	68	2544	1	9
1677751123	1129	986798	990460	0	1977860	141113739454	0	37242	0	149576605255	98867154	200193956	2240721	68	2549	1	9
1677751125	1131	997290	1000952	0	1986392	141319323336	0	37242	0	149794579869	99011240	200482610	2243936	68	2553	1	9
1677751127	1133	963862	967524	0	1952836	141557309683	0	37242	0	150046995446	99178083	200792462	2247388	68	2558	1	9
1677751129	1135	992942	996604	0	1981952	141785749471	0	37242	0	150289117507	99338136	201070437	2250438	68	2563	1	9
1677751131	1137	992942	996604	0	1981952	142012771500	0	37242	0	150529820176	99497206	201344637	2253544	68	2568	1	9
1677751133	1139	987898	991560	0	1977000	142256500735	0	37242	0	150788241014	99668052	201677467	2257194	68	2573	1	9
1677751135	1141	996398	1000060	0	1985500	142475310420	0	37242	0	151020236445	99821377	201959903	2260396	69	2578	1	9
1677751137	1143	992622	996284	0	1981716	142717442553	0	37242	0	151276964164	99991107	202312758	2264281	69	2583	1	9
1677751139	1145	992622	996284	0	1981716	142958806769	0	37242	0	151533046196	100160387	202627462	2267827	69	2588	1	9
1677751141	1147	990958	994620	0	1980052	143200643409	0	37242	0	151789284759	100329722	203029233	2272352	69	2593	1	9
1677751143	1149	990958	994620	0	1980052	143445691683	0	37242	0	152049101224	100501453	203362606	2276078	69	2598	1	9
1677751145	1151	994998	998660	0	1984036	143674558380	0	37242	0	152291761645	100661854	203711902	2279989	69	2603	1	9
1677751147	1153	994998	998660	0	1984036	143916598138	0	37242	0	152548387324	100831464	204055333	2283870	69	2608	1	9
1677751149	1155	993446	997108	0	1982540	144147762255	0	37242	0	152793484734	100993492	204431160	2288046	69	2613	1	9
1677751151	1157	975910	979572	0	1969100	144383692535	0	37242	0	153043634391	101158840	204777399	2291940	69	2618	1	9
1677751153	1159	985286	988948	0	1976428	144618477232	0	37242	0	153292569895	101323390	205103580	2295582	70	2623	1	9
1677751155	1161	976434	980096	0	1969628	144850937089	0	37242	0	153539039251	101486299	205413145	2299034	70	2628	1	9
1677751157	1163	976434	980096	0	1969628	145097344189	0	37242	0	153800297270	101658982	205792608	2303297	70	2633	1	9
1677751159	1165	994318	997980	0	1983412	145335873721	0	37242	0	154053200887	101826129	206085863	2306574	70	2639	1	9
1677751161	1167	994318	997980	0	1983412	145579645404	0	37242	0	154311664985	101996980	206401158	2310072	70	2644	1	9
1677751163	1169	990226	993888	0	1979320	145834143886	0	37242	0	154581500840	102175330	206715813	2313581	70	2649	1	9
1677751165	1171	981030	984692	0	1970124	146067674289	0	37242	0	154829106920	102339011	207018848	2316921	70	2654	1	9
1677751167	1173	995242	998904	0	1984336	146306325414	0	37242	0	155082140250	102506253	207276420	2319785	70	2659	1	9
1677751169	1175	995042	998704	0	1984136	146528513398	0	37242	0	155317719736	102661977	207552424	2322849	71	2664	1	9
1677751171	1177	995042	998704	0	1984136	146749219662	0	37242	0	155551726951	102816646	207827221	2325916	71	2668	1	9
1677751173	1179	989826	993488	0	1978920	146952087902	0	37242	0	155766827148	102958836	208114950	2329120	71	2672	1	9
1677751175	1181	989826	993488	0	1978920	147177708188	0	37242	0	156006039031	103116933	208438371	2332769	71	2677	1	9
1677751177	1183	980782	984444	0	1969876	147401057205	0	37242	0	156242848878	103273462	208728151	2335993	71	2682	1	9
1677751179	1185	980782	984444	0	1969876	147610855227	0	37242	0	156465290159	103420482	209008196	2339138	71	2687	1	9
1677751181	1187	991382	995044	0	1980476	147851816125	0	37242	0	156720911375	103589476	209306890	2342428	71	2692	1	9
1677751183	1189	994486	998148	0	1983580	148081987425	0	37242	0	156964816897	103750669	209583016	2345491	71	2697	1	9
1677751185	1191	993162	996824	0	1982256	148308481615	0	37242	0	157204960836	103909392	209909071	2349171	71	2702	1	9
1677751187	1193	993162	996824	0	1982256	148533478508	0	37242	0	157443518293	104067081	210193309	2352330	71	2706	1	9
1677751189	1195	989558	993220	0	1978652	148755599308	0	37242	0	157679025619	104222746	210471961	2355424	72	2711	1	9
1677751191	1197	990386	994048	0	1979480	148968997232	0	37242	0	157905285502	104372314	210720666	2358143	72	2716	1	9
1677751193	1199	990390	994052	0	1979480	149209672416	0	37242	0	158160464300	104540964	211004411	2361357	72	2721	1	9
1677751195	1201	980410	984072	0	1969496	149430197281	0	37242	0	158394461451	104695679	211295689	2364566	72	2726	1	9
1677751197	1203	998214	1001876	0	1987300	149667555218	0	37242	0	158645943053	104861863	211575076	2367683	72	2731	1	9
1677751199	1205	975650	979312	0	1968832	149877706784	0	37242	0	158868760694	105009153	211965197	2372056	72	2735	1	9
1677751201	1207	991878	995540	0	1980964	150116030300	0	37242	0	159121446308	105176159	212409115	2377104	72	2740	1	9
1677751203	1209	976426	980088	0	1969608	150347569132	0	37242	0	159366941030	105338447	212744281	2380818	72	2745	1	9
1677751205	1211	992670	996332	0	1981752	150588119112	0	37242	0	159621988771	105507033	213048787	2384237	73	2750	1	9
1677751207	1213	989778	993440	0	1978856	150824513487	0	37242	0	159872631157	105672720	213361274	2387692	73	2755	1	9
1677751209	1215	994086	997748	0	1983164	151038269427	0	37242	0	160099269231	105822519	213620472	2390595	73	2759	1	9
1677751211	1217	990586	994248	0	1979664	151278499193	0	37242	0	160353976594	105990871	213930049	2394045	73	2764	1	9
1677751213	1219	993994	997656	0	1983072	151497439095	0	37242	0	160586111414	106144308	214200775	2397050	73	2769	1	9
1677751215	1221	976794	980456	0	1969968	151703314114	0	37242	0	160804393182	106288579	214474704	2400112	73	2774	1	9
1677751217	1223	986082	989744	0	1977128	151928337935	0	37242	0	161042979936	106446295	214799995	2403745	73	2778	1	9
1677751219	1225	978698	982360	0	1969820	152158783580	0	37242	0	161287412118	106607904	215152651	2407678	73	2783	1	9
1677751221	1227	980886	984548	0	1969960	152384932772	0	37242	0	161527094932	106766315	215482589	2411363	73	2788	1	9
1677751223	1229	980890	984552	0	1969960	152623615045	0	37242	0	161780161312	106933578	215773569	2414633	74	2793	1	9
1677751225	1231	978802	982464	0	1971968	152842218120	0	37242	0	162011939439	107086784	216047561	2417675	74	2798	1	9
1677751227	1233	990930	994592	0	1979980	153073418601	0	37242	0	162257074804	107248827	216344232	2420972	74	2803	1	9
1677751229	1235	989474	993136	0	1980588	153294189798	0	37242	0	162491151701	107403553	216611186	2423933	74	2807	1	9
1677751231	1237	989474	993136	0	1980588	153504545904	0	37242	0	162714185087	107550969	216867962	2426805	74	2812	1	9
1677751233	1239	993754	997416	0	1982820	153751747137	0	37242	0	162976285146	107724221	217200802	2430494	74	2817	1	9
1677751235	1241	997854	1001516	0	1986920	153963724472	0	37242	0	163201037310	107872772	217472985	2433535	74	2821	1	9
1677751237	1243	993746	997408	0	1982812	154208369268	0	37242	0	163460425131	108044209	217770366	2436841	74	2826	1	9
1677751239	1245	980638	984300	0	1969704	154436868721	0	37242	0	163702697832	108204376	218085264	2440289	74	2831	1	9
1677751241	1247	991978	995640	0	1981044	154656848584	0	37242	0	163935933069	108358511	218385884	2443707	74	2836	1	9
1677751243	1249	988998	992660	0	1978064	154906183693	0	37242	0	164200296148	108533265	218694116	2447106	75	2841	1	9
1677751245	1251	988998	992660	0	1978064	155142288152	0	37242	0	164450629742	108698726	218996078	2450497	75	2847	1	9
1677751247	1253	987322	990984	0	1976388	155360921545	0	37242	0	164682441241	108851970	219297446	2453826	75	2851	1	9
1677751249	1255	993758	997420	0	1982824	155588245466	0	37242	0	164923463339	109011254	219574629	2456969	75	2856	1	9
1677751251	1257	976166	979828	0	1969328	155831001837	0	37242	0	165180852582	109181416	219880461	2460309	75	2861	1	9
1677751253	1259	989466	993128	0	1980576	156072256752	0	37242	0	165436645855	109350470	220151450	2463375	75	2866	1	9
1677751255	1261	990086	993748	0	1981196	156316037155	0	37242	0	165695120061	109521341	220511753	2467348	75	2871	1	9
1677751257	1263	978898	982560	0	1970008	156547051939	0	37242	0	165940056161	109683222	220839301	2471041	75	2876	1	9
1677751259	1265	992482	996144	0	1983588	156774546956	0	37242	0	166181262238	109842661	221179647	2474838	76	2880	1	9
1677751261	1267	990754	994416	0	1979812	156993559570	0	37242	0	166413474338	109996150	221448223	2477829	76	2885	1	9
1677751263	1269	957286	960948	0	1946216	157226342512	0	37242	0	166660287818	110159306	221820637	2481975	76	2890	1	9
1677751265	1271	994870	998532	0	1983928	157481965004	0	37242	0	166931610620	110338619	222177197	2486001	76	2895	1	9
1677751267	1273	982966	986628	0	1974072	157711982955	0	37242	0	167175196167	110499647	222555383	2490218	76	2900	1	9
1677751269	1275	993406	997068	0	1982460	157956890269	0	37242	0	167434860662	110671245	222877262	2493871	76	2905	1	9
1677751271	1277	985334	988996	0	1976436	158201482050	0	37242	0	167694332139	110842783	223235700	2497818	76	2910	1	9
1677751273	1279	962202	965864	0	1951804	158438083423	0	37242	0	167945059335	111008544	223549705	2501246	76	2914	1	9
1677751275	1281	992362	996024	0	2006992	158706331528	0	37242	0	168229475250	111196552	223911915	2505258	76	2919	1	9
1677751277	1283	963782	967444	0	1946944	158955971715	0	37242	0	168494161752	111371517	224238576	2508894	77	2923	1	9
1677751279	1285	963782	967444	0	1946944	159161958911	0	37242	0	168712565406	111515906	224516198	2511920	77	2928	1	9
1677751281	1287	963782	967444	0	1946944	159352017691	0	37242	0	168914081797	111649143	224789351	2514927	78	2932	1	9
1677751283	1289	963782	967444	0	1946944	159554770440	0	37242	0	169129168384	111791358	225071742	2518020	78	2937	1	9
1677751285	1291	963782	967444	0	1946944	159745645952	0	37242	0	169331438856	111925078	225308583	2520617	78	2941	1	9
1677751287	1293	963782	967444	0	1946944	159933504353	0	37242	0	169530621289	112056763	225549214	2523230	79	2945	1	9
1677751289	1295	963782	967444	0	1946944	160127190088	0	37242	0	169735983189	112192543	225814699	2526098	79	2950	1	9
1677751291	1297	963782	967444	0	1946944	160322278116	0	37242	0	169942831344	112329299	226053418	2528688	80	2954	1	9
1677751293	1299	963782	967444	0	1946944	160528374279	0	37242	0	170161352755	112473790	226365839	2532122	80	2959	1	9
1677751295	1301	963782	967444	0	1946944	160738035146	0	37242	0	170383651507	112620750	226599370	2534681	80	2963	1	9
1677751297	1303	963782	967444	0	1946944	160954486568	0	37242	0	170613150315	112772474	226872746	2537670	81	2968	1	9
1677751299	1305	963782	967444	0	1946944	161173212825	0	37242	0	170845062838	112925815	227147876	2540643	81	2973	1	9
1677751301	1307	963782	967444	0	1946944	161376209651	0	37242	0	171060296145	113068110	227403236	2543419	82	2977	1	9
1677751303	1309	963782	967444	0	1946944	161550635401	0	37242	0	171245236602	113190383	227636583	2545967	82	2982	1	9
1677751305	1311	963782	967444	0	1946944	161752068865	0	37242	0	171458812054	113331578	227920689	2549098	82	2986	1	9
1677751307	1313	963782	967444	0	1946944	161977224938	0	37242	0	171697540371	113489405	228241791	2552638	83	2991	1	9
1677751309	1315	963782	967444	0	1946944	162191580561	0	37242	0	171924818724	113639682	228520523	2555652	83	2996	1	9
1677751311	1317	963782	967444	0	1946944	162399733432	0	37242	0	172145519765	113785602	228781782	2558497	84	3000	1	9
1677751313	1319	963782	967444	0	1946944	162600270941	0	37242	0	172358144598	113926160	229022988	2561150	84	3005	1	9
1677751315	1321	963782	967444	0	1946944	162795414635	0	37242	0	172565052774	114062969	229264752	2563742	85	3009	1	9
1677751317	1323	963782	967444	0	1946944	162961467821	0	37242	0	172741116072	114179373	229489389	2566202	85	3013	1	9
1677751319	1325	963782	967444	0	1946944	163163878230	0	37242	0	172955727541	114321256	229765331	2569186	85	3018	1	9
1677751321	1327	963782	967444	0	1946944	163368050115	0	37242	0	173172205168	114464354	230022211	2572021	86	3022	1	9
1677751323	1329	963782	967444	0	1946944	163575266897	0	37242	0	173391911926	114609594	230265383	2574693	86	3027	1	9
1677751325	1331	963782	967444	0	1946944	163759356519	0	37242	0	173587100709	114738670	230518302	2577399	87	3031	1	9
1677751327	1333	963782	967444	0	1946944	163967800731	0	37242	0	173808110459	114884790	230761944	2580056	87	3036	1	9
1677751329	1335	963782	967444	0	1946944	164170330925	0	37242	0	174022848205	115026746	231041756	2583154	88	3040	1	9
1677751331	1337	963782	967444	0	1946944	164360674189	0	37242	0	174224668353	115160212	231336399	2586352	88	3045	1	9
1677751333	1339	963782	967444	0	1946944	164561156845	0	37242	0	174437235688	115300739	231609638	2589369	88	3049	1	9
1677751335	1341	963782	967444	0	1946944	164773623076	0	37242	0	174662510269	115449686	231907687	2592608	89	3054	1	9
1677751337	1343	963782	967444	0	1946944	164994660464	0	37242	0	174896870501	115604613	232179022	2595568	89	3059	1	9
1677751339	1345	963782	967444	0	1946944	165205534463	0	37242	0	175120455313	115752421	232478063	2598890	90	3063	1	9
1677751341	1347	963782	967444	0	1946944	165387460100	0	37242	0	175313348254	115879958	232704015	2601335	90	3068	1	9
1677751343	1349	963782	967444	0	1946944	165548628493	0	37242	0	175484232241	115992938	232903141	2603505	91	3072	1	9
1677751345	1351	963782	967444	0	1946944	165747756304	0	37242	0	175695364904	116132542	233218112	2606942	91	3076	1	9
1677751347	1353	963782	967444	0	1946944	165942764640	0	37242	0	175902128260	116269236	233563416	2610804	91	3080	1	9
1677751349	1355	963782	967444	0	1946944	166147490236	0	37242	0	176119196282	116412763	233837053	2613793	92	3085	1	9
1677751351	1357	963782	967444	0	1946944	166352306054	0	37242	0	176336451682	116556409	234114256	2616822	92	3089	1	9
1677751353	1359	963782	967444	0	1946944	166549291731	0	37242	0	176545223384	116694447	234393168	2619876	93	3094	1	9
1677751355	1361	963782	967444	0	1946944	166756563256	0	37242	0	176764989510	116839744	234653891	2622716	93	3098	1	9
1677751357	1363	963782	967444	0	1946944	166981229625	0	37242	0	177003198466	116997228	234980510	2626307	94	3103	1	9
1677751359	1365	963782	967444	0	1946944	167209419445	0	37242	0	177245143603	117157185	235290845	2629700	94	3108	1	9
1677751361	1367	963782	967444	0	1946944	167401524803	0	37242	0	177448830294	117291862	235546769	2632486	94	3112	1	9
1677751363	1369	963782	967444	0	1946944	167609934327	0	37242	0	177669804347	117437974	235844004	2635717	95	3117	1	9
1677751365	1371	963782	967444	0	1946944	167826031654	0	37242	0	177898927152	117589441	236123310	2638808	95	3122	1	9
1677751367	1373	963782	967444	0	1946944	168043346668	0	37242	0	178129341324	117741767	236433232	2642218	96	3126	1	9
1677751369	1375	963782	967444	0	1946944	168253091451	0	37242	0	178351730025	117888802	236709616	2645206	96	3131	1	9
1677751371	1377	963782	967444	0	1946944	168453089787	0	37242	0	178563783600	118028987	237010263	2648549	97	3136	1	9
1677751373	1379	963782	967444	0	1946944	168648634834	0	37242	0	178771115875	118166058	237278037	2651475	97	3140	1	9
1677751375	1381	963782	967444	0	1946944	168839064007	0	37242	0	178973025545	118299553	237586522	2654869	97	3144	1	9
1677751377	1383	963782	967444	0	1946944	169068559642	0	37242	0	179216354285	118460414	237931033	2658677	98	3149	1	9
1677751379	1385	963782	967444	0	1946944	169285579850	0	37242	0	179446455505	118612529	238201596	2661628	98	3154	1	9
1677751381	1387	963782	967444	0	1946944	169497884398	0	37242	0	179671557695	118761349	238444357	2664255	99	3159	1	9
1677751383	1389	963782	967444	0	1946944	169685550132	0	37242	0	179870537561	118892921	238671369	2666673	99	3163	1	9
1677751385	1391	963782	967444	0	1946944	169907682248	0	37242	0	180106059530	119048627	238998254	2670279	100	3168	1	9
1677751387	1393	963782	967444	0	1946944	170100889233	0	37242	0	180310911848	119184046	239260147	2673170	100	3172	1	9
1677751389	1395	963782	967444	0	1946944	170311445111	0	37242	0	180534162608	119331689	239553973	2676355	100	3177	1	9
1677751391	1397	963782	967444	0	1946944	170528470137	0	37242	0	180764267218	119483772	239806654	2679096	101	3181	1	9
1677751393	1399	963782	967444	0	1946944	170755990593	0	37242	0	181005502237	119643254	240110971	2682439	101	3186	1	9
1677751395	1401	963782	967444	0	1946944	170961586581	0	37242	0	181223492000	119787378	240376006	2685331	102	3191	1	9
1677751397	1403	963782	967444	0	1946944	171164994413	0	37242	0	181439808400	119930378	240623213	2688053	102	3195	1	9
1677751399	1405	963782	967444	0	1946944	171376136362	0	37242	0	181663030797	120077968	240923208	2691318	103	3200	1	9
1677751401	1407	963782	967444	0	1946944	171573843214	0	37242	0	181872656113	120216565	241163222	2693920	103	3204	1	9
1677751403	1409	963782	967444	0	1946944	171766432100	0	37242	0	182076853412	120351555	241375481	2696237	103	3209	1	9
1677751405	1411	963782	967444	0	1946944	171945979088	0	37242	0	182267224331	120477425	241607850	2698758	104	3213	1	9
1677751407	1413	963782	967444	0	1946944	172029221044	0	37242	0	182355482861	120535760	241703081	2699807	104	3216	1	9
1677751409	1415	963782	967444	0	1946944	172029221044	0	37242	0	182355483086	120535763	241703888	2699813	104	3218	1	9
1677751411	1417	963782	967444	0	1946944	172029221044	0	37242	0	182355483322	120535766	241704726	2699819	105	3219	1	9
1677751413	1419	963782	967444	0	1946944	172072695570	0	37242	0	182401580742	120566270	241778764	2700593	105	3222	1	9
1677751415	1421	963782	967444	0	1946944	172267124221	0	37242	0	182607729701	120702560	242028368	2703343	105	3226	1	9
1677751417	1423	963782	967444	0	1946944	172456376010	0	37242	0	182808389304	120835218	242258482	2705852	106	3230	1	9
1677751419	1425	963782	967444	0	1946944	172658731315	0	37242	0	183022943651	120977079	242568478	2709251	106	3235	1	9
1677751421	1427	963782	967444	0	1946944	172840961650	0	37242	0	183216159342	121104824	242851973	2712388	107	3239	1	9
1677751423	1429	963786	967448	0	1946944	173054916884	0	37242	0	183443011376	121254797	243138022	2715519	107	3244	1	9
1677751425	1431	963786	967448	0	1946944	173263101494	0	37242	0	183663746411	121400745	243427868	2718664	108	3248	1	9
1677751427	1433	963786	967448	0	1946944	173468988981	0	37242	0	183882043539	121545051	243659644	2721201	108	3253	1	9
1677751429	1435	963786	967448	0	1946944	173639141642	0	37242	0	184062453186	121664326	243873794	2723544	108	3257	1	9
1677751431	1437	963786	967448	0	1946944	173841085274	0	37242	0	184276569878	121805883	244138090	2726429	109	3261	1	9
1677751433	1439	963786	967448	0	1946944	174040705097	0	37242	0	184488223535	121945824	244388588	2729120	109	3266	1	9
1677751435	1441	963786	967448	0	1946944	174255274080	0	37242	0	184715725222	122096212	244644917	2731940	110	3271	1	9
1677751437	1443	963786	967448	0	1946944	174466378217	0	37242	0	184939555815	122244207	244910901	2734809	110	3275	1	9
1677751439	1445	963786	967448	0	1946944	174631110091	0	37242	0	185114217737	122359681	245080261	2736633	110	3279	1	9
1677751441	1447	963786	967448	0	1946944	174827553847	0	37242	0	185322502169	122497371	245301191	2739050	111	3284	1	9
1677751443	1449	963786	967448	0	1946944	174999979735	0	37242	0	185505321858	122618237	245512128	2741356	111	3288	1	9
1677751445	1451	963786	967448	0	1946944	175205512928	0	37242	0	185723244173	122762310	245767104	2744129	112	3292	1	9
1677751447	1453	963786	967448	0	1946944	175399767927	0	37242	0	185929211013	122898506	246031174	2746975	112	3297	1	9
1677751449	1455	963786	967448	0	1946944	175602657271	0	37242	0	186144330141	123040723	246298914	2749898	113	3301	1	9
1677751451	1457	963786	967448	0	1946944	175834838880	0	37242	0	186390509720	123203477	246567016	2752855	113	3306	1	9
1677751453	1459	963786	967448	0	1946944	176022029008	0	37242	0	186588979681	123334669	246827534	2755698	113	3310	1	9
1677751455	1461	963786	967448	0	1946944	176216008711	0	37242	0	186794653109	123470654	247088803	2758533	114	3315	1	9
1677751457	1463	963786	967448	0	1946944	176430195667	0	37242	0	187021752488	123620808	247368359	2761604	114	3319	1	9
1677751459	1465	963786	967448	0	1946944	176628182106	0	37242	0	187231674139	123759600	247629539	2764454	115	3324	1	9
1677751461	1467	963786	967448	0	1946944	176816528764	0	37242	0	187431375531	123891642	247855579	2766897	115	3328	1	9
1677751463	1469	963786	967448	0	1946944	177040468348	0	37242	0	187668813743	124048613	248125067	2769838	116	3333	1	9
1677751465	1471	963786	967448	0	1946944	177186216052	0	37242	0	187823347521	124150784	248312601	2771879	116	3337	1	9
1677751467	1473	963786	967448	0	1946944	177363353443	0	37242	0	188011161276	124274933	248527333	2774262	117	3341	1	9
1677751469	1475	963786	967448	0	1946944	177560612114	0	37242	0	188220310611	124413207	248801751	2777267	117	3345	1	9
1677751471	1477	1063598	1067260	0	2088520	177593837851	0	170555	135168	188255454618	124436440	248848249	2777795	117	3348	1	9
1677751473	1479	1063630	1067292	0	2088568	177593837851	0	475013	442368	188255455118	124436447	248850055	2777805	117	3350	1	9
