Time	wtime	pss	rss	swap	vmem	rchar	read_bytes	wchar	write_bytes	rx_bytes	rx_packets	tx_bytes	tx_packets	stime	utime	nprocs	nthreads
1677751476	1	242997	245316	0	458280	2600563	0	34540	0	0	0	0	0	0	0	1	1
1677751478	3	521626	525676	0	1121888	37270399	0	36285	0	44408	63	10216	54	0	1	1	6
1677751480	5	585058	589108	0	1245532	39435023	0	36331	0	44943	69	11522	64	0	3	1	6
1677751482	7	608754	612804	0	1269396	39435023	0	36331	0	45335	74	12373	70	0	5	1	6
1677751484	9	634946	638996	0	1294284	39435023	0	36377	0	45551	77	13237	75	0	7	1	6
1677751486	11	646410	650460	0	1305500	39435023	0	36377	0	45776	80	14044	81	0	9	1	6
1677751488	13	666510	670560	0	1471924	39624951	0	36861	0	253839	302	35821	226	0	11	1	6
1677751490	15	674686	678736	0	1567968	39738882	0	37131	0	378862	438	50918	332	0	13	1	6
1677751492	17	1025546	1029596	0	2260840	235663395	0	37227	0	208119826	137862	434965	4472	0	16	1	13
1677751494	19	1053658	1057708	0	2353804	774845796	0	37243	0	779799359	515752	1220797	13313	0	24	1	13
1677751496	21	1089698	1093748	0	2419340	1269225332	0	37243	0	1303975120	862236	1993786	22012	0	32	1	13
1677751498	23	1084854	1088904	0	2288524	1846041072	0	37243	0	1915849007	1266740	2938368	32612	1	40	1	13
1677751500	25	1082954	1087004	0	2360504	2406166913	0	37243	0	2509567216	1659214	3745409	41620	1	48	1	13
1677751502	27	1092738	1096788	0	2294968	2959911602	0	37243	0	3096566296	2047242	4572505	50850	1	56	1	13
1677751504	29	1099758	1103808	0	2299144	3564128924	0	37243	0	3737441508	2470847	5442950	60659	2	65	1	13
1677751506	31	1100970	1105020	0	2364680	4079722007	0	37243	0	4283873398	2832123	6297415	70173	2	73	1	13
1677751508	33	1107094	1111144	0	2299144	4641794599	0	37243	0	4879819669	3226018	7223328	80651	2	81	1	13
1677751510	35	1127826	1131876	0	2372176	5203991931	0	37243	0	5475906096	3620104	8136710	90826	2	88	1	13
1677751512	37	1132134	1136184	0	2437712	5721317894	0	37243	0	6024407813	3982624	8878438	99206	3	95	1	13
1677751514	39	1131102	1135152	0	2437712	6289731474	0	37243	0	6627079093	4380984	9622738	107580	3	103	1	13
1677751516	41	1123718	1127768	0	2437712	6872687755	0	37243	0	7245172216	4789575	10444249	116744	3	111	1	13
1677751518	43	1134866	1138916	0	2437712	7470530782	0	37243	0	7879184377	5208570	11374147	127345	4	119	1	13
1677751520	45	1123126	1127176	0	2398500	8082461745	0	37243	0	8527851817	5637345	12364534	138479	4	128	1	13
1677751522	47	1101558	1105608	0	2362260	8714876967	0	37243	0	9198380910	6080551	13329183	149251	4	137	1	13
1677751524	49	1116982	1121032	0	2311752	9301052316	0	37243	0	9820173548	6491553	14169110	158595	4	145	1	13
1677751526	51	1127406	1131456	0	2377288	9945017624	0	37243	0	10502760587	6942685	15190812	170248	5	154	1	13
1677751528	53	1134130	1138180	0	2377288	10495666647	0	37243	0	11087044385	7328856	15992674	179219	5	161	1	13
1677751530	55	1123378	1127428	0	2377288	11087758676	0	37243	0	11714296703	7743418	16844325	188747	5	170	1	13
1677751532	57	1140702	1144752	0	2508360	11660182348	0	37243	0	12321218775	8144578	17734824	198806	6	178	1	13
1677751534	59	1150182	1154232	0	2508360	12274168986	0	37243	0	12972275075	8574889	18565931	208162	6	186	1	13
1677751536	61	1149430	1153480	0	2508360	12874893140	0	37243	0	13609133418	8995819	19380170	217289	6	194	1	13
1677751538	63	1167062	1171112	0	2508360	13370826103	0	37243	0	14134950257	9343316	20073754	225130	6	201	1	13
1677751540	65	1167614	1171664	0	2508360	13879200599	0	37243	0	14673960840	9699566	20893093	234328	7	209	1	13
1677751542	67	1163202	1167252	0	2442824	14356525445	0	37243	0	15180051851	10034068	21622786	242578	7	215	1	13
1677751544	69	1159462	1163512	0	2442824	14906804359	0	37243	0	15763614983	10419764	22384460	251068	7	223	1	13
1677751546	71	1162146	1166196	0	2508360	15570330190	0	37243	0	16467003277	10884643	23346802	261921	7	232	1	13
1677751548	73	1137098	1141148	0	2403536	16187733007	0	37243	0	17121614843	11317322	24214256	271637	8	241	1	13
1677751550	75	1144018	1148068	0	2498368	16840376298	0	37243	0	17813587760	11774659	25137977	282066	8	250	1	13
1677751552	77	1138214	1142264	0	2367296	17431933086	0	37243	0	18440796270	12189233	25946143	291091	8	259	1	13
1677751554	79	1145246	1149296	0	2432832	18043371735	0	37243	0	19089080498	12617682	26772689	300422	9	267	1	13
1677751556	81	1152734	1156784	0	2432832	18645745432	0	37243	0	19727825564	13039883	27634228	310068	9	275	1	13
1677751558	83	1161342	1165392	0	2432832	19247008202	0	37243	0	20365251495	13461141	28460517	319364	9	284	1	13
1677751560	85	1159594	1163644	0	2367296	19778031292	0	37243	0	20928333447	13833308	29203261	327735	10	291	1	13
1677751562	87	1186878	1190928	0	2432832	20372210414	0	37243	0	21558264489	14249670	29963593	336229	10	300	1	13
1677751564	89	1182518	1186568	0	2435624	20982775368	0	37243	0	22205627646	14677576	30763570	345100	10	309	1	13
1677751566	91	1230874	1234924	0	2501160	21590086900	0	37243	0	22849893866	15103414	31669969	355308	10	318	1	13
1677751568	93	1233446	1237496	0	2435624	22187146765	0	37243	0	23482581392	15521593	32512617	364749	11	326	1	13
1677751570	95	1213938	1217988	0	2387608	22744121384	0	37243	0	24073650537	15912318	33282297	373340	11	334	1	13
1677751572	97	1217866	1221916	0	2423012	23341487229	0	37243	0	24706491856	16330583	34153417	383106	11	343	1	13
1677751574	99	1209566	1213616	0	2389972	23909759347	0	37243	0	25309146670	16728941	34965465	392164	12	352	1	13
1677751576	101	1217278	1221328	0	2484804	24511853318	0	37243	0	25947393818	17150805	35849275	402096	12	361	1	13
1677751578	103	1224714	1228764	0	2478748	25007690582	0	37243	0	26473114803	17498307	36594175	410417	12	369	1	13
1677751580	105	1219450	1223500	0	2420524	25601397382	0	37243	0	27102603935	17914401	37419176	419612	12	378	1	13
1677751582	107	1223602	1227652	0	2420524	26149076197	0	37243	0	27683289549	18298218	38238672	428807	13	386	1	13
1677751584	109	1221018	1225068	0	2423776	26681255933	0	37243	0	28247541678	18671167	39018147	437572	13	394	1	13
1677751586	111	1219690	1223740	0	2419780	27270988139	0	37243	0	28872814702	19084450	39853049	446921	13	403	1	13
1677751588	113	1219482	1223532	0	2419780	27815071608	0	37243	0	29449688589	19465750	40609162	455395	13	411	1	13
1677751590	115	1216026	1220076	0	2417156	28370208675	0	37243	0	30038284582	19854816	41425607	464438	14	420	1	13
1677751592	117	1219318	1223368	0	2417156	28946336342	0	37243	0	30649134015	20258563	42298967	474265	14	428	1	13
1677751594	119	1217874	1221924	0	2413912	29469561602	0	37243	0	31203893678	20625263	43163898	483867	14	436	1	13
1677751596	121	1223726	1227776	0	2416048	30027944008	0	37243	0	31795928022	21016580	43916255	492292	14	444	1	13
1677751598	123	1236398	1240448	0	2423312	30600805970	0	37243	0	32403317586	21418087	44684745	500743	15	453	1	13
1677751600	125	1236402	1240452	0	2423312	31153648628	0	37243	0	32989479452	21805497	45559521	510577	15	461	1	13
1677751602	127	1241874	1245924	0	2423312	31698824977	0	37243	0	33567738530	22187760	46313196	518971	15	470	1	13
1677751604	129	1235286	1239336	0	2488848	32261541078	0	37243	0	34164143053	22581944	47097078	527669	15	478	1	13
1677751606	131	1234770	1238820	0	2492340	32823399939	0	37243	0	34759863862	22975708	47821644	535706	16	486	1	13
1677751608	133	1240078	1244128	0	2426804	33400439647	0	37243	0	35371813044	23380154	48623564	544688	16	496	1	13
1677751610	135	1239310	1243360	0	2492340	33907466144	0	37243	0	35909261582	23735408	49424606	553679	16	503	1	13
1677751612	137	1231674	1235724	0	2426804	34453164461	0	37243	0	36487848100	24117845	50233953	562753	16	511	1	13
1677751614	139	1243526	1247576	0	2492340	35036921434	0	37243	0	37106784647	24526925	51103107	572515	17	520	1	13
1677751616	141	1242358	1246408	0	2426804	35608214537	0	37243	0	37712509545	24927315	51864004	580968	17	528	1	13
1677751618	143	1244098	1248148	0	2426804	36149265164	0	37243	0	38286169587	25306515	52554999	588580	17	536	1	13
1677751620	145	1237930	1241980	0	2426804	36758356402	0	37243	0	38932037913	25733427	53359700	597572	18	546	1	13
1677751622	147	1231690	1235740	0	2361268	37329865261	0	37243	0	39537919705	26133878	54170181	606621	18	554	1	13
1677751624	149	1248666	1252716	0	2426804	37900657063	0	37243	0	40143110349	26533877	54989476	615878	18	563	1	13
1677751626	151	1239426	1243476	0	2492340	38419110950	0	37243	0	40692811637	26897239	55741534	624281	18	571	1	13
1677751628	153	1246278	1250328	0	2427984	38998770757	0	37243	0	41307406026	27303470	56523474	633032	19	580	1	13
1677751630	155	1243766	1247816	0	2493520	39555721300	0	37243	0	41898047801	27693890	57344723	642195	19	588	1	13
1677751632	157	1242470	1246520	0	2427984	40106125089	0	37243	0	42481498908	28079536	58124108	650938	19	597	1	13
1677751634	159	1242474	1246524	0	2427984	40667213980	0	37243	0	43076405015	28472764	59059563	661428	19	605	1	13
1677751636	161	1244274	1248324	0	2493520	41216809591	0	37243	0	43659120573	28857890	59818242	670004	20	614	1	13
1677751638	163	1249318	1253368	0	2493520	41794851496	0	37243	0	44271999430	29262991	60653174	679315	20	623	1	13
1677751640	165	1242626	1246676	0	2493520	42360895872	0	37243	0	44872499905	29659928	61480302	688483	20	631	1	13
1677751642	167	1267030	1271080	0	2495252	42920880753	0	37243	0	45465891651	30052133	62263689	697262	20	639	1	13
1677751644	169	1260886	1264936	0	2495252	43478068568	0	37243	0	46056660477	30442629	63088293	706503	21	648	1	13
1677751646	171	1275966	1280016	0	2535592	44039350855	0	37243	0	46651770786	30835996	63863599	715172	21	656	1	13
1677751648	173	1283970	1288020	0	2482680	44626833384	0	37243	0	47274656731	31247681	64652129	724004	21	665	1	13
1677751650	175	1287642	1291692	0	2487144	45193490074	0	37243	0	47875463027	31644783	65443841	732858	22	673	1	13
1677751652	177	1280490	1284540	0	2487144	45763577674	0	37243	0	48479906988	32044292	66228642	741654	22	681	1	13
1677751654	179	1266130	1270180	0	2445812	46310656081	0	37243	0	49060057434	32427793	67017142	750419	22	689	1	13
1677751656	181	1310518	1314568	0	2540644	46842363870	0	37243	0	49623903480	32800495	67771727	758922	22	697	1	13
1677751658	183	1265650	1269700	0	2581372	47390571159	0	37243	0	50204952524	33184481	68663646	769022	23	705	1	13
1677751660	185	1279198	1283248	0	2489964	47949004493	0	37243	0	50797066046	33575844	69455954	777887	23	713	1	13
1677751662	187	1284502	1288552	0	2494384	48532204297	0	37243	0	51415413416	33984557	70392617	788391	23	721	1	13
1677751664	189	1278834	1282884	0	2533480	49114634489	0	37243	0	52032943267	34392709	71290516	798498	23	730	1	13
1677751666	191	1281170	1285220	0	2467944	49722684383	0	37243	0	52677638414	34818838	72128281	807768	24	739	1	13
1677751668	193	1266410	1270460	0	2488236	50346919175	0	37243	0	53339490384	35256260	72975909	817339	24	748	1	13
1677751670	195	1275718	1279768	0	2553772	50958585380	0	37243	0	53988018499	35684905	73867247	827334	24	756	1	13
1677751672	197	1290070	1294120	0	2553772	51509329825	0	37243	0	54571952759	36070849	74641934	836012	25	765	1	13
1677751674	199	1300462	1304512	0	2553772	52037341707	0	37243	0	55131785373	36440873	75442674	844997	25	773	1	13
1677751676	201	1298270	1302320	0	2491348	52660769080	0	37243	0	55792783938	36877765	76267680	854236	25	781	1	13
1677751678	203	1302366	1306416	0	2491348	53195777717	0	37243	0	56360394368	37252948	77209375	864809	25	789	1	13
1677751680	205	1307806	1311856	0	2556884	53780383139	0	37243	0	56979871006	37662365	78038743	874041	26	797	1	13
1677751682	207	1304514	1308564	0	2491348	54335863592	0	37243	0	57568824591	38051602	78803613	882662	26	805	1	13
1677751684	209	1308614	1312664	0	2491348	54853948192	0	37243	0	58118133480	38414692	79514050	890583	26	813	1	13
1677751686	211	1306766	1310816	0	2493508	55437280765	0	37243	0	58736620956	38823490	80351149	899947	26	821	1	13
1677751688	213	1306542	1310592	0	2493740	56010622686	0	37243	0	59344514472	39225268	81320266	910907	27	830	1	13
1677751690	215	1303554	1307604	0	2498044	56531399823	0	37243	0	59896676357	39590221	82025628	918816	27	838	1	13
1677751692	217	1324482	1328532	0	2629116	57069479562	0	37243	0	60467305056	39967403	82787162	927327	27	846	1	13
1677751694	219	1317666	1321716	0	2629116	57657214239	0	37243	0	61090338153	40379173	83636376	936951	27	854	1	13
1677751696	221	1308018	1312068	0	2498684	58227968023	0	37243	0	61695491919	40779199	84507603	946567	28	863	1	13
1677751698	223	1328974	1333024	0	2498684	58721160825	0	37243	0	62218408205	41124837	85203203	954350	28	871	1	13
1677751700	225	1384582	1388632	0	2564220	59255352548	0	37243	0	62784888526	41499270	85927317	962428	28	880	1	13
1677751702	227	1382870	1386920	0	2564220	59771676273	0	37243	0	63332303089	41861092	86664097	970719	28	889	1	13
1677751704	229	1386654	1390704	0	2564220	60279887034	0	37243	0	63871100034	42217245	87415326	979143	29	898	1	13
1677751706	231	1386654	1390704	0	2564220	60741057169	0	37243	0	64360138352	42540478	88097556	986741	29	906	1	13
1677751708	233	1374038	1378088	0	2564220	61179281992	0	37243	0	64824672415	42847508	88698112	993470	29	913	1	13
1677751710	235	1390426	1394476	0	2564220	61691654207	0	37243	0	65367926828	43206624	89484544	1002245	29	922	1	13
1677751712	237	1394530	1398580	0	2629756	62218904991	0	37243	0	65926954651	43576143	90308583	1011466	30	932	1	13
1677751714	239	1393798	1397848	0	2564220	62753424453	0	37243	0	66493689569	43950759	91071873	1019989	30	941	1	13
1677751716	241	1393798	1397848	0	2564220	63263669196	0	37243	0	67034757739	44308465	91766233	1027684	30	950	1	13
1677751718	243	1397894	1401944	0	2564220	63768315714	0	37243	0	67569751079	44662082	92418429	1034892	30	958	1	13
1677751720	245	1397894	1401944	0	2564220	64247759775	0	37243	0	68078091893	44998109	93092977	1042393	30	967	1	13
1677751722	247	1397894	1401944	0	2564220	64714193957	0	37243	0	68572636889	45324993	93708775	1049258	31	975	1	13
1677751724	249	1397894	1401944	0	2564220	65181786356	0	37243	0	69068411667	45652714	94351156	1056373	31	984	1	13
1677751726	251	1401990	1406040	0	2564220	65663896314	0	37243	0	69579579247	45990611	95040586	1064050	31	992	1	13
1677751728	253	1406086	1410136	0	2564220	66201594454	0	37243	0	70149685282	46367467	95833537	1072782	31	1002	1	13
1677751730	255	1406086	1410136	0	2564220	66723578924	0	37243	0	70703128202	46733277	96523397	1080505	32	1011	1	13
1677751732	257	1406090	1410140	0	2564220	67259904129	0	37243	0	71271780788	47109205	97274374	1088769	32	1020	1	13
1677751734	259	1406094	1410144	0	2564220	67786919311	0	37243	0	71830558374	47478550	98015078	1097018	32	1029	1	13
1677751736	261	1406098	1410148	0	2564220	68268162640	0	37243	0	72340805403	47815820	98719608	1104877	32	1038	1	13
1677751738	263	1406102	1410152	0	2564220	68808238008	0	37243	0	72913433075	48194359	99461641	1113081	33	1047	1	13
1677751740	265	1406106	1410156	0	2564220	69302417832	0	37243	0	73437600506	48540828	100160272	1120862	33	1056	1	13
1677751742	267	1406106	1410156	0	2564220	69828116370	0	37243	0	73994779093	48909137	100974673	1129953	33	1065	1	13
1677751744	269	1406106	1410156	0	2564220	70345944434	0	37243	0	74543814861	49272033	101723001	1138315	33	1074	1	13
1677751746	271	1406106	1410156	0	2564220	70843183444	0	37243	0	75071355453	49620787	102491133	1146802	34	1083	1	13
1677751748	273	1406106	1410156	0	2564220	71323631581	0	37243	0	75580430114	49957285	103162775	1154271	34	1092	1	13
1677751750	275	1406110	1410160	0	2564220	71830033782	0	37243	0	76117351710	50312177	103829680	1161716	34	1101	1	13
1677751752	277	1406110	1410160	0	2564220	72292566459	0	37243	0	76607826798	50636414	104489161	1168968	34	1109	1	13
1677751754	279	1406114	1410164	0	2564220	72838475775	0	37243	0	77186910112	51019187	105269535	1177641	35	1118	1	13
1677751756	281	1406114	1410164	0	2564220	73351503409	0	37243	0	77730526027	51378538	105976760	1185478	35	1127	1	13
1677751758	283	1408162	1412212	0	2564220	73877597941	0	37243	0	78288328831	51747259	106689330	1193380	35	1136	1	13
1677751760	285	1408166	1412216	0	2564220	74396031965	0	37243	0	78838415544	52110884	107404854	1201309	35	1145	1	13
1677751762	287	1408166	1412216	0	2564220	74917298411	0	37243	0	79390693198	52475949	108145045	1209553	36	1155	1	13
1677751764	289	1408170	1412220	0	2564220	75417667180	0	37243	0	79921217077	52826605	108894415	1217959	36	1164	1	13
1677751766	291	1408170	1412220	0	2564220	75850543854	0	37243	0	80380183760	53129995	109540878	1225142	36	1171	1	13
1677751768	293	1408170	1412220	0	2564220	76319915688	0	37243	0	80877844655	53458954	110122539	1231581	36	1180	1	13
1677751770	295	1408174	1412224	0	2564220	76761812610	0	37243	0	81346375203	53768665	110700747	1237971	36	1189	1	13
1677751772	297	1408174	1412224	0	2564220	77292244024	0	37243	0	81908774220	54140398	111456069	1246387	37	1198	1	13
1677751774	299	1408174	1412224	0	2564220	77798037017	0	37243	0	82445053125	54494908	112144947	1253988	37	1207	1	13
1677751776	301	1408178	1412228	0	2564220	78289358333	0	37243	0	82965984318	54839222	112885109	1262299	37	1216	1	13
1677751778	303	1408178	1412228	0	2564220	78748586465	0	37243	0	83452894271	55161128	113594927	1270135	37	1223	1	13
1677751780	305	1408178	1412228	0	2564220	79200352622	0	37243	0	83931887366	55477733	114246186	1277442	38	1231	1	13
1677751782	307	1408178	1412228	0	2564220	79609767593	0	37243	0	84365977086	55764664	114899909	1284754	38	1238	1	13
1677751784	309	1408178	1412228	0	2564220	80110200859	0	37243	0	84896571257	56115390	115653392	1293179	38	1247	1	13
1677751786	311	1408182	1412232	0	2564220	80581313925	0	37243	0	85396077637	56445560	116302460	1300428	38	1255	1	13
1677751788	313	1410230	1414280	0	2564220	81094990042	0	37243	0	85940949389	56805749	117071819	1308961	38	1264	1	13
1677751790	315	1410230	1414280	0	2564220	81634869796	0	37243	0	86513130386	57183935	117827032	1317415	39	1274	1	13
1677751792	317	1410230	1414280	0	2564220	82172329311	0	37243	0	87082984464	57560637	118656135	1326656	39	1284	1	13
1677751794	319	1410230	1414280	0	2564220	82673351822	0	37243	0	87614201785	57911756	119440757	1335452	39	1293	1	13
1677751796	321	1410242	1414292	0	2564220	83197156414	0	37243	0	88169912052	58279126	120210239	1343997	39	1302	1	13
1677751798	323	1410242	1414292	0	2564220	83650621630	0	37243	0	88650373642	58596704	120901981	1351693	39	1311	1	13
1677751800	325	1410242	1414292	0	2564220	84163676197	0	37243	0	89194347752	58956250	121603300	1359474	40	1320	1	13
1677751802	327	1410242	1414292	0	2564220	84681725465	0	37243	0	89743620166	59319330	122369616	1368003	40	1329	1	13
1677751804	329	1410242	1414292	0	2564220	85212702058	0	37243	0	90306610655	59691490	123139280	1376501	40	1338	1	13
1677751806	331	1410242	1414292	0	2564220	85729782196	0	37243	0	90854855033	60053884	123847770	1384390	40	1348	1	13
1677751808	333	1410242	1414292	0	2564220	86244656363	0	37243	0	91400761512	60414745	124549314	1392161	41	1357	1	13
1677751810	335	1410246	1414296	0	2564220	86755798103	0	37243	0	91942712686	60773065	125319247	1400658	41	1366	1	13
1677751812	337	1410246	1414296	0	2564220	87203720668	0	37243	0	92417837571	61087113	126021491	1408507	41	1375	1	13
1677751814	339	1410246	1414296	0	2564220	87688786168	0	37243	0	92931932391	61426908	126739332	1416508	41	1383	1	13
1677751816	341	1410246	1414296	0	2564220	88184229089	0	37243	0	93457443210	61774316	127474166	1424638	42	1393	1	13
1677751818	343	1410250	1414300	0	2564220	88670501941	0	37243	0	93972820594	62114998	128170769	1432387	42	1401	1	13
1677751820	345	1410250	1414300	0	2564220	89116023345	0	37243	0	94445195145	62427264	128791670	1439245	42	1410	1	13
1677751822	347	1410254	1414304	0	2564220	89572872552	0	37243	0	94929581780	62747487	129473966	1446779	42	1418	1	13
1677751824	349	1410254	1414304	0	2564220	90040728930	0	37243	0	95425634790	63075370	130187362	1454766	42	1427	1	13
1677751826	351	1410254	1414304	0	2564220	90490782691	0	37243	0	95902817818	63390849	130865248	1462236	43	1435	1	13
1677751828	353	1410254	1414304	0	2564220	90935028115	0	37243	0	96373839714	63702221	131507272	1469340	43	1444	1	13
1677751830	355	1410258	1414308	0	2564220	91448847008	0	37243	0	96918628053	64062351	132236874	1477434	43	1453	1	13
1677751832	357	1410258	1414308	0	2564220	91930859104	0	37243	0	97429699043	64400237	132877066	1484468	43	1462	1	13
1677751834	359	1410258	1414308	0	2564220	92403695043	0	37243	0	97931030944	64731599	133520558	1491678	44	1471	1	13
1677751836	361	1410266	1414316	0	2564220	92895393830	0	37243	0	98452415481	65076292	134284729	1500117	44	1480	1	13
1677751838	363	1410270	1414320	0	2564220	93366350798	0	37243	0	98951760545	65406408	134954685	1507508	44	1489	1	13
1677751840	365	1410270	1414320	0	2564220	93871082177	0	37243	0	99487165046	65760336	135656717	1515231	44	1498	1	13
1677751842	367	1410270	1414320	0	2564220	94372550757	0	37243	0	100018660620	66111631	136394695	1523524	45	1507	1	13
1677751844	369	1410274	1414324	0	2564220	94846267786	0	37243	0	100520875121	66443645	137056604	1530784	45	1516	1	13
1677751846	371	1410274	1414324	0	2564220	95293410760	0	37243	0	100994968211	66757035	137682052	1537741	45	1524	1	13
1677751848	373	1361154	1365204	0	2498684	95772515872	0	37243	0	101502952335	67092859	138455682	1546299	45	1533	1	13
1677751850	375	1361154	1365204	0	2498684	96209890883	0	37243	0	101966755742	67399453	139153962	1554001	45	1540	1	13
1677751852	377	1380010	1384060	0	2564220	96651674440	0	37243	0	102435343483	67709232	139802458	1561244	46	1549	1	13
1677751854	379	1361154	1365204	0	2498684	97151628780	0	37243	0	102965186348	68059434	140487459	1568860	46	1558	1	13
1677751856	381	1375754	1379804	0	2564220	97660485376	0	37243	0	103504713315	68416089	141167028	1576338	46	1568	1	13
1677751858	383	1367702	1371752	0	2564220	98155785515	0	37243	0	104029866956	68763246	141878503	1584189	46	1577	1	13
1677751860	385	1367702	1371752	0	2564220	98604868987	0	37243	0	104506017396	69077993	142490748	1591009	47	1585	1	13
1677751862	387	1367498	1371548	0	2564220	99057956616	0	37243	0	104986413677	69395553	143169719	1598562	47	1593	1	13
1677751864	389	1367502	1371552	0	2564220	99533836224	0	37243	0	105490974981	69729080	143850771	1606124	47	1602	1	13
1677751866	391	1361162	1365212	0	2498684	99992853625	0	37243	0	105977660075	70050819	144477406	1613011	47	1610	1	13
1677751868	393	1381162	1385212	0	2564220	100374549896	0	37243	0	106382363599	70318363	145031149	1619088	47	1617	1	13
1677751870	395	1361162	1365212	0	2498684	100806468391	0	37243	0	106840315343	70621093	145676875	1626258	48	1624	1	13
1677751872	397	1373022	1377072	0	2564220	101280713859	0	37243	0	107343145605	70953492	146363705	1633893	48	1633	1	13
1677751874	399	1373022	1377072	0	2564220	101731086164	0	37243	0	107820663429	71269154	146976212	1640696	48	1641	1	13
1677751876	401	1361166	1365216	0	2498684	101957769594	0	37243	0	108061014330	71428094	147315280	1644353	48	1645	1	13
1677751878	403	1367542	1371592	0	2564220	102443733687	0	37243	0	108576265954	71768662	147989961	1651888	48	1654	1	13
1677751880	405	1361166	1365216	0	2498684	102858908381	0	37243	0	109016466143	72059657	148568211	1658316	49	1662	1	13
1677751882	407	1361166	1365216	0	2498684	103280463632	0	37243	0	109463430627	72355131	149280558	1666263	49	1670	1	13
1677751884	409	1361174	1365224	0	2498684	103675616515	0	37243	0	109882399120	72632070	149901322	1673233	49	1677	1	13
1677751886	411	1371578	1375628	0	2564220	104132968264	0	37243	0	110367317714	72952635	150573667	1680622	49	1686	1	13
1677751888	413	1361174	1365224	0	2498684	104493092747	0	37243	0	110749149161	73205058	151127102	1686730	49	1692	1	13
1677751890	415	1368802	1372852	0	2564220	104830274683	0	37243	0	111106652572	73441363	151693229	1693118	49	1699	1	13
1677751892	417	1377474	1381524	0	2564220	105306339518	0	37243	0	111611412868	73775052	152305396	1699862	50	1708	1	13
1677751894	419	1361174	1365224	0	2498684	105794184149	0	37243	0	112128662310	74116990	153012035	1707666	50	1717	1	13
1677751896	421	1375750	1379800	0	2564220	106299272730	0	37243	0	112664191693	74470968	153701573	1715374	50	1726	1	13
1677751898	423	1361178	1365228	0	2498684	106789595178	0	37243	0	113184069037	74814650	154406957	1723196	50	1735	1	13
1677751900	425	1375826	1379876	0	2564220	107248076126	0	37243	0	113670362503	75136112	155079024	1730655	51	1743	1	13
1677751902	427	1361186	1365236	0	2498684	107676296117	0	37243	0	114124215336	75436148	155666606	1737100	51	1751	1	13
1677751904	429	1361186	1365236	0	2498684	108064860189	0	37243	0	114536203013	75708459	156217142	1743275	51	1759	1	13
1677751906	431	1361186	1365236	0	2498684	108390425010	0	37243	0	114881384424	75936638	156689225	1748472	51	1765	1	13
1677751908	433	1375754	1379804	0	2564220	108836514224	0	37243	0	115354360398	76249292	157322363	1755503	51	1774	1	13
1677751910	435	1369474	1373524	0	2564220	109318092585	0	37243	0	115865014020	76586894	157984370	1762808	52	1782	1	13
1677751912	437	1369474	1373524	0	2564220	109689119545	0	37243	0	116258355218	76846879	158461184	1768034	52	1790	1	13
1677751914	439	1373562	1377612	0	2564220	110184683595	0	37243	0	116783829821	77194239	159160805	1775833	52	1799	1	13
1677751916	441	1373562	1377612	0	2564220	110642513846	0	37243	0	117269214831	77515122	159803299	1782875	52	1808	1	13
1677751918	443	1377578	1381628	0	2564220	111156032676	0	37243	0	117813747704	77875059	160480708	1790419	53	1817	1	13
1677751920	445	1377586	1381636	0	2564220	111582295475	0	37243	0	118265639985	78173802	161109454	1797299	53	1824	1	13
1677751922	447	1377586	1381636	0	2564220	112000637790	0	37243	0	118709210135	78467035	161757286	1804442	53	1831	1	13
1677751924	449	1377590	1381640	0	2564220	112458420713	0	37243	0	119194584511	78787882	162412849	1811727	53	1840	1	13
1677751926	451	1379638	1383688	0	2564220	112927950476	0	37243	0	119692416572	79117001	163148361	1819869	53	1849	1	13
1677751928	453	1367614	1371480	0	2564220	113349967233	0	37243	0	120139869491	79412788	163748363	1826488	54	1857	1	13
1677751930	455	1384418	1388284	0	2601744	113807412414	0	37243	0	120624886752	79733414	164359199	1833224	54	1866	1	13
1677751932	457	1381302	1385168	0	2601744	114296391923	0	37243	0	121143335305	80076090	165038362	1840807	54	1875	1	13
1677751934	459	1361798	1365664	0	2530664	114775887399	0	37243	0	121651733047	80412188	165710494	1848182	54	1884	1	13
1677751936	461	1379630	1383496	0	2604144	115187709544	0	37243	0	122088411409	80700836	166255405	1854299	54	1892	1	13
1677751938	463	1375854	1379720	0	2604144	115674153293	0	37243	0	122604136070	81041720	166950009	1862001	55	1902	1	13
1677751940	465	1407326	1411192	0	2669680	116166532743	0	37243	0	123126188933	81386775	167647004	1869799	55	1912	1	13
1677751942	467	1388614	1392480	0	2588864	116490139629	0	37243	0	123469296826	81613537	168076649	1874647	55	1919	1	13
1677751944	469	1388614	1392480	0	2588864	116561878638	0	37243	0	123545358087	81663796	168161717	1875622	55	1920	1	13
1677751946	471	1388626	1392492	0	2618160	116637520911	0	37243	0	123625567237	81716918	168301682	1876967	55	1921	1	13
1677751948	473	1398958	1402824	0	2618160	117073853988	0	37243	0	124088526343	82022911	168871177	1883429	55	1930	1	13
1677751950	475	1388774	1392640	0	2552624	117469289979	0	37243	0	124507466208	82299852	169480885	1890131	55	1939	1	13
1677751952	477	1403270	1407136	0	2619964	117894183225	0	37243	0	124957964819	82597599	170043870	1896452	56	1947	1	13
1677751954	479	1388778	1392644	0	2554428	118378453856	0	37243	0	125471423072	82937009	170685232	1903513	56	1957	1	13
1677751956	481	1380658	1384524	0	2600764	118840395595	0	37243	0	125961205780	83260755	171327839	1910641	56	1966	1	13
1677751958	483	1374838	1378704	0	2602736	119321738706	0	37243	0	126471562601	83598146	171983333	1917858	56	1975	1	13
1677751960	485	1376886	1380752	0	2602736	119785581677	0	37243	0	126963361920	83923235	172656831	1925318	57	1985	1	13
1677751962	487	1372430	1376296	0	2537200	120239121486	0	37243	0	127444236695	84241100	173292895	1932405	57	1994	1	13
1677751964	489	1387186	1391052	0	2604712	120713862309	0	37243	0	127947591046	84573832	173981225	1940087	57	2003	1	13
1677751966	491	1395466	1399332	0	2604712	121176096986	0	37243	0	128437812478	84897886	174651936	1947504	57	2012	1	13
1677751968	493	1397534	1401400	0	2604712	121601680414	0	37243	0	128888919042	85196078	175253222	1954184	57	2021	1	13
1677751970	495	1405730	1409596	0	2605396	122097534747	0	37243	0	129414655993	85543563	175988324	1962289	58	2030	1	13
1677751972	497	1401550	1405416	0	2613628	122577177717	0	37243	0	129923207559	85879731	176735544	1970592	58	2040	1	13
1677751974	499	1403602	1407468	0	2613628	123020987375	0	37243	0	130393765771	86190778	177418416	1978202	58	2048	1	13
1677751976	501	1391098	1394964	0	2548092	123459857993	0	37243	0	130859090340	86498416	178039763	1985072	58	2056	1	13
1677751978	503	1401646	1405512	0	2613628	123908139056	0	37243	0	131334389319	86812578	178662585	1992012	59	2065	1	13
1677751980	505	1407222	1411088	0	2613628	124348041533	0	37243	0	131800817209	87120936	179318028	1999301	59	2073	1	13
1677751982	507	1407222	1411088	0	2613628	124727384770	0	37243	0	132203009211	87386722	179827395	2005048	59	2080	1	13
1677751984	509	1373914	1377780	0	2554208	125037147224	0	37243	0	132531446024	87603886	180288716	2010075	59	2086	1	13
1677751986	511	1373770	1377636	0	2590444	125427638631	0	37243	0	132945597131	87877661	181019104	2018305	59	2094	1	13
1677751988	513	1392210	1396076	0	2619740	125917472023	0	37243	0	133464829489	88220878	181757827	2026554	59	2104	1	13
1677751990	515	1398762	1402628	0	2619740	126392881577	0	37243	0	133968893229	88554086	182526191	2035115	60	2113	1	13
1677751992	517	1386334	1390200	0	2554204	126825889422	0	37243	0	134427996187	88857529	183197582	2042680	60	2121	1	13
1677751994	519	1388382	1392248	0	2554204	127220195462	0	37243	0	134846066969	89133877	183771758	2049059	60	2129	1	13
1677751996	521	1404942	1408808	0	2619740	127679260902	0	37243	0	135332802582	89455641	184430167	2056381	60	2138	1	13
1677751998	523	1360126	1363992	0	2619740	127989755617	0	37243	0	135662331824	89673526	184867375	2061135	61	2145	1	13
1677752000	525	1381886	1385752	0	2619740	128330692359	0	37243	0	136023496308	89912204	185309941	2066113	61	2152	1	13
1677752002	527	1390670	1394536	0	2621876	128822079797	0	37243	0	136544498359	90256575	186003920	2073787	61	2162	1	13
1677752004	529	1400798	1404664	0	2621876	129309053700	0	37243	0	137060824102	90597897	186743421	2082010	61	2171	1	13
1677752006	531	1400798	1404664	0	2621876	129666779172	0	37243	0	137440111155	90848627	187264143	2087772	61	2179	1	13
1677752008	533	1398042	1401908	0	2621876	130067580314	0	37243	0	137865066401	91129496	187858325	2094458	61	2187	1	13
1677752010	535	1386218	1390084	0	2556340	130411406202	0	37243	0	138229617501	91370502	188349967	2099863	62	2194	1	13
1677752012	537	1396426	1400292	0	2621876	130685152990	0	37243	0	138519863102	91562359	188708714	2103839	62	2199	1	13
1677752014	539	1396426	1400292	0	2621876	130992259188	0	37243	0	138845474856	91777544	189121194	2108523	62	2206	1	13
1677752016	541	1396426	1400292	0	2621876	131001532126	0	37243	0	138855306772	91784044	189134624	2108673	62	2206	1	13
1677752018	543	1396454	1400320	0	2621876	131001532126	0	37243	0	138855307169	91784049	189135603	2108681	62	2206	1	13
1677752020	545	1396454	1400320	0	2621876	131001532126	0	37243	0	138855307409	91784052	189136359	2108686	62	2206	1	13
1677752022	547	1396454	1400320	0	2621876	131004020467	0	37243	0	138857945970	91785799	189140067	2108725	62	2206	1	13
1677752024	549	1387174	1391040	0	2556340	131047343008	0	37243	0	138903885598	91816245	189218948	2109447	62	2207	1	13
1677752026	551	1387174	1391040	0	2556340	131047343008	0	37243	0	138903885834	91816248	189219700	2109452	62	2207	1	13
1677752028	553	1387218	1391084	0	2556340	131047343008	0	37243	0	138903885984	91816250	189220366	2109456	62	2207	1	13
1677752030	555	1387394	1391260	0	2556340	131322103576	0	37243	0	139195204708	92008791	189610198	2113829	62	2211	1	13
1677752032	557	1396102	1399968	0	2621876	131758071912	0	37243	0	139657449038	92314341	190209376	2120489	62	2220	1	13
1677752034	559	1396102	1399968	0	2621876	132185687676	0	37243	0	140110840839	92614085	190864306	2127691	62	2228	1	13
1677752036	561	1396102	1399968	0	2621876	132658645967	0	37243	0	140612505754	92945672	191520428	2135038	63	2237	1	13
1677752038	563	1402090	1405956	0	2621876	132902873184	0	37243	0	140871247589	93116675	191861164	2138914	63	2242	1	13
1677752040	565	1402090	1405956	0	2621876	132946419932	0	37243	0	140917418637	93147190	191942418	2139848	63	2243	1	13
1677752042	567	1402090	1405956	0	2621876	132946419932	0	37243	0	140917418787	93147192	191943084	2139852	63	2243	1	13
1677752044	569	1402090	1405956	0	2621876	132946419932	0	37243	0	140917418937	93147194	191943750	2139856	63	2243	1	13
1677752046	571	1389514	1393380	0	2556340	133173921897	0	37243	0	141158637114	93306703	192303838	2143711	63	2247	1	13
1677752048	573	1397906	1401772	0	2621876	133672577081	0	37243	0	141687345175	93656169	193016411	2151618	63	2257	1	13
1677752050	575	1392294	1396160	0	2621876	134143230786	0	37243	0	142186367493	93986058	193689630	2159039	63	2266	1	13
1677752052	577	1401058	1404924	0	2621876	134588190009	0	37243	0	142658146284	94297930	194370770	2166594	64	2275	1	13
1677752054	579	1396730	1400596	0	2621876	135054888979	0	37243	0	143152973388	94625019	195017764	2173783	64	2284	1	13
1677752056	581	1398062	1401928	0	2621876	135433329870	0	37243	0	143554220920	94890222	195532942	2179549	64	2291	1	13
1677752058	583	1396438	1400304	0	2622428	135798591586	0	37243	0	143941498452	95146238	196059155	2185357	64	2298	1	13
1677752060	585	1406830	1410696	0	2622428	136068702848	0	37243	0	144227885963	95335500	196412926	2189371	64	2305	1	13
1677752062	587	1406830	1410696	0	2622428	136148781601	0	37243	0	144312789627	95391604	196501199	2190384	64	2307	1	13
1677752064	589	1406830	1410696	0	2622428	136159174930	0	37243	0	144323809530	95398890	196514023	2190529	64	2307	1	13
1677752066	591	1406830	1410696	0	2622428	136159174930	0	37243	0	144323809755	95398893	196514830	2190535	64	2307	1	13
1677752068	593	1402862	1406728	0	2622428	136430273836	0	37243	0	144611394549	95589026	196920158	2194987	64	2312	1	13
1677752070	595	1404826	1408692	0	2622428	136873684960	0	37243	0	145081382627	95899648	197557036	2202171	65	2322	1	13
1677752072	597	1402014	1405880	0	2622428	137316053362	0	37243	0	145550446368	96209763	198202150	2209244	65	2331	1	13
1677752074	599	1406310	1410176	0	2622428	137743747449	0	37243	0	146003915326	96509480	198810533	2216090	65	2341	1	13
1677752076	601	1396746	1400612	0	2622428	138075767032	0	37243	0	146356077557	96742287	199315914	2221678	65	2348	1	13
1677752078	603	1396770	1400636	0	2622428	138564724616	0	37243	0	146874371018	97084839	199998362	2229382	65	2358	1	13
1677752080	605	1390854	1394720	0	2556892	139005592933	0	37243	0	147341813451	97393863	200709150	2237250	66	2367	1	13
1677752082	607	1405474	1409340	0	2622428	139486221595	0	37243	0	147851407455	97730682	201381748	2244807	66	2377	1	13
1677752084	609	1412198	1416064	0	2622428	139917616665	0	37243	0	148308803881	98033043	201999796	2251657	66	2387	1	13
1677752086	611	1401634	1405500	0	2622428	140340454512	0	37243	0	148757122069	98329335	202589237	2258314	66	2397	1	13
1677752088	613	1407234	1411100	0	2622428	140761253216	0	37243	0	149203280210	98624225	203181888	2264961	66	2407	1	13
1677752090	615	1409798	1413664	0	2622428	141166594107	0	37243	0	149633048727	98908277	203759958	2271475	67	2417	1	13
1677752092	617	1409798	1413664	0	2622428	141586154487	0	37243	0	150077894897	99202313	204398350	2278622	67	2428	1	13
1677752094	619	1409926	1413792	0	2622428	142032391098	0	37243	0	150551142918	99515081	205089122	2286441	67	2438	1	13
1677752096	621	1403430	1407296	0	2556892	142415737173	0	37243	0	150957470584	99783650	205642651	2292643	67	2448	1	13
1677752098	623	1413878	1417744	0	2622428	142844893581	0	37243	0	151412512805	100084376	206265754	2299710	67	2459	1	13
1677752100	625	1403430	1407296	0	2556892	143245411934	0	37243	0	151837143531	100365047	206851513	2306246	68	2469	1	13
1677752102	627	1403430	1407296	0	2556892	143493954727	0	37243	0	152100661396	100539176	207193603	2310180	68	2476	1	13
1677752104	629	1403430	1407296	0	2556892	143536422136	0	37243	0	152145687799	100568932	207256679	2310903	68	2477	1	13
1677752106	631	1414362	1418228	0	2622428	143622988433	0	37243	0	152237478808	100629702	207429397	2312610	68	2478	1	13
1677752108	633	1428278	1432144	0	2687964	144023672050	0	37243	0	152662377638	100910461	207981246	2318959	68	2489	1	13
1677752110	635	1421938	1425804	0	2622428	144437450109	0	37243	0	153101018076	101200386	208586393	2325741	68	2500	1	13
1677752112	637	1419506	1423372	0	2622428	144892502561	0	37243	0	153583490028	101519224	209328053	2334204	68	2512	1	13
1677752114	639	1422002	1425868	0	2627416	145304394564	0	37243	0	154020206863	101807905	209980791	2341460	68	2523	1	13
1677752116	641	1430046	1433912	0	2692952	145730543964	0	37243	0	154472032403	102106464	210587849	2348440	69	2534	1	13
1677752118	643	1427774	1431640	0	2627416	146127398867	0	37243	0	154892912470	102384691	211190087	2355160	69	2544	1	13
1677752120	645	1432462	1436328	0	2627416	146539313723	0	37243	0	155329541444	102673223	211873361	2362914	69	2556	1	13
1677752122	647	1438486	1442352	0	2627416	146877771420	0	37243	0	155688392910	102910363	212474073	2369747	69	2565	1	13
1677752124	649	1438486	1442352	0	2627416	146967139946	0	37243	0	155783146470	102972981	212593786	2371122	69	2567	1	13
1677752126	651	1438486	1442352	0	2627416	146967139946	0	37243	0	155783146620	102972983	212594452	2371126	69	2567	1	13
1677752128	653	1438486	1442352	0	2627416	146967290767	0	37243	0	155783309005	102973126	212607280	2371207	69	2567	1	13
1677752130	655	1433522	1437388	0	2627416	147184465035	0	37243	0	156013574632	103125362	212950199	2374966	69	2572	1	13
1677752132	657	1443994	1447860	0	2627416	147596785580	0	37243	0	156450737115	103414222	213545453	2381820	69	2582	1	13
1677752134	659	1364966	1368832	0	2643776	147984482626	0	37243	0	156861800906	103685946	214125706	2388268	70	2593	1	13
1677752136	661	1382126	1385992	0	2654972	148312055856	0	37243	0	157209109738	103915430	214553036	2393180	70	2601	1	13
1677752138	663	1388306	1392172	0	2659104	148669065777	0	37243	0	157587634498	104165614	215062879	2398839	70	2611	1	13
1677752140	665	1398706	1402572	0	2684252	149078950780	0	37243	0	158022219757	104452835	215662341	2405620	70	2621	1	13
1677752142	667	1400754	1404620	0	2684252	149436366735	0	37243	0	158401312254	104703413	216318663	2413057	70	2631	1	13
1677752144	669	1404282	1408148	0	2684252	149832754660	0	37243	0	158821449575	104981064	216924775	2419905	70	2641	1	13
1677752146	671	1404282	1408148	0	2684252	150249050405	0	37243	0	159262831147	105272770	217545438	2426919	71	2652	1	13
1677752148	673	1408322	1412188	0	2684252	150657930679	0	37243	0	159696352859	105559311	218215918	2434477	71	2663	1	13
1677752150	675	1396030	1399896	0	2618716	151057048162	0	37243	0	160119522181	105838989	218803404	2441102	71	2674	1	13
1677752152	677	1390474	1394340	0	2554964	151468855279	0	37243	0	160556143848	106127538	219369250	2447513	71	2685	1	13
1677752154	679	1405014	1408880	0	2621820	151904794415	0	37243	0	161018353774	106433025	220004526	2454663	71	2696	1	13
1677752156	681	1392526	1396392	0	2556284	152327944608	0	37243	0	161467003841	106729545	220574438	2461082	72	2707	1	13
1677752158	683	1394578	1398444	0	2558140	152676101102	0	37243	0	161836141049	106973517	221061706	2466553	72	2717	1	13
1677752160	685	1406866	1410732	0	2626720	153082869451	0	37243	0	162267590183	107258651	221689407	2473681	72	2728	1	13
1677752162	687	1406870	1410736	0	2626720	153426180380	0	37243	0	162631421288	107499129	222210593	2479531	72	2737	1	13
1677752164	689	1404562	1408428	0	2626720	153845951870	0	37243	0	163076515175	107793323	222897048	2487328	72	2748	1	13
1677752166	691	1408662	1412528	0	2628580	154279520037	0	37243	0	163536182218	108097071	223554224	2494744	72	2759	1	13
1677752168	693	1410126	1413992	0	2628580	154691135384	0	37243	0	163972602162	108385543	224185137	2501860	73	2770	1	13
1677752170	695	1417454	1421320	0	2628580	155102791937	0	37243	0	164409064923	108673960	224765703	2508439	73	2781	1	13
1677752172	697	1417710	1421576	0	2628580	155505498915	0	37243	0	164836040172	108956161	225385928	2515428	73	2791	1	13
1677752174	699	1417718	1421584	0	2629424	155849180328	0	37243	0	165200433642	109197006	225883687	2521040	73	2800	1	13
1677752176	701	1412378	1416244	0	2629424	156254683311	0	37243	0	165630524143	109481264	226446431	2527400	73	2810	1	13
1677752178	703	1418646	1422512	0	2629424	156596476897	0	37243	0	165992766193	109720702	226944649	2532965	73	2819	1	13
1677752180	705	1406906	1410772	0	2563888	156968947661	0	37243	0	166387680787	109981682	227473037	2538976	74	2829	1	13
1677752182	707	1410946	1414812	0	2629424	157362423502	0	37243	0	166804870920	110257444	228062499	2545565	74	2839	1	13
1677752184	709	1410946	1414812	0	2629424	157730684228	0	37243	0	167195321348	110515468	228515079	2550628	74	2849	1	13
1677752186	711	1421798	1425664	0	2629424	158002950733	0	37243	0	167483992052	110706216	228882359	2554800	74	2856	1	13
1677752188	713	1421206	1425072	0	2629424	158282378242	0	37243	0	167780263254	110902089	229431938	2560825	74	2864	1	13
1677752190	715	1421210	1425076	0	2629424	158731021460	0	37243	0	168255937544	111216407	230209892	2569764	74	2875	1	13
1677752192	717	1421210	1425076	0	2629424	158960474709	0	37243	0	168499217649	111377191	230611002	2574306	75	2882	1	13
1677752194	719	1421210	1425076	0	2629424	159071073551	0	37243	0	168616480168	111454676	230776547	2576211	75	2885	1	13
1677752196	721	1423414	1427280	0	2629424	159368556739	0	37243	0	168931896427	111663219	231262832	2581558	75	2892	1	13
1677752198	723	1406922	1410788	0	2563888	159754576304	0	37243	0	169341403070	111933820	231817938	2587913	75	2901	1	13
1677752200	725	1421054	1424920	0	2629424	160141481473	0	37243	0	169751397896	112204827	232399625	2594413	75	2911	1	13
1677752202	727	1419650	1423516	0	2629424	160555770870	0	37243	0	170190649891	112495095	233063729	2602000	75	2922	1	13
1677752204	729	1421702	1425568	0	2629424	160941234614	0	37243	0	170599548346	112765371	233622799	2608269	75	2932	1	13
1677752206	731	1413082	1416948	0	2563888	161316943727	0	37243	0	170997897647	113028646	234167514	2614474	76	2941	1	13
1677752208	733	1430978	1434844	0	2629424	161508385852	0	37243	0	171200674492	113162679	234536800	2618568	76	2946	1	13
1677752210	735	1415134	1419000	0	2563888	161778434802	0	37243	0	171486995685	113351894	234996009	2623824	76	2953	1	13
1677752212	737	1439110	1442976	0	2629424	162102335223	0	37243	0	171830414174	113578856	235561281	2630244	76	2961	1	13
1677752214	739	1425298	1429164	0	2563888	162406312311	0	37243	0	172152709705	113791869	235992078	2635100	76	2970	1	13
1677752216	741	1441874	1445740	0	2629424	162736059953	0	37243	0	172502328564	114022940	236459739	2640353	76	2978	1	13
1677752218	743	1429198	1433064	0	2629424	163067987851	0	37243	0	172854386668	114255619	236924639	2645629	76	2987	1	13
1677752220	745	1429198	1433064	0	2629424	163459037624	0	37243	0	173268873023	114529546	237527637	2652442	77	2996	1	13
1677752222	747	1444046	1447912	0	2629424	163832208829	0	37243	0	173664890960	114791290	238106225	2658974	77	3006	1	13
1677752224	749	1444046	1447912	0	2629424	164235402344	0	37243	0	174092397664	115073871	238705626	2665712	77	3017	1	13
1677752226	751	1443842	1447708	0	2629424	164626552156	0	37243	0	174506744649	115347680	239242989	2671789	77	3027	1	13
1677752228	753	1443842	1447708	0	2629424	165034439007	0	37243	0	174939335376	115633583	239808417	2678162	77	3037	1	13
1677752230	755	1436282	1440148	0	2632440	165385462351	0	37243	0	175311386382	115879460	240313701	2683878	77	3047	1	13
1677752232	757	1440546	1444412	0	2632440	165773643903	0	37243	0	175722961755	116151494	240867708	2690087	78	3058	1	13
1677752234	759	1437682	1441548	0	2632440	166189021990	0	37243	0	176163370285	116442556	241477527	2696971	78	3069	1	13
1677752236	761	1437682	1441548	0	2632440	166610613823	0	37243	0	176610367454	116737977	242098091	2703980	78	3080	1	13
1677752238	763	1436762	1440628	0	2632440	167033524103	0	37243	0	177058831298	117034373	242688021	2710670	78	3091	1	13
1677752240	765	1436762	1440628	0	2632440	167395411662	0	37243	0	177442457893	117287911	243221271	2716646	78	3101	1	13
1677752242	767	1446106	1449972	0	2632440	167783792329	0	37243	0	177854242194	117560054	243781331	2722990	78	3112	1	13
1677752244	769	1429286	1433152	0	2566904	168066342217	0	37243	0	178154022074	117758237	244248535	2728169	79	3119	1	13
1677752246	771	1439786	1443652	0	2632440	168449409135	0	37243	0	178559970784	118026488	244917580	2735848	79	3128	1	13
1677752248	773	1446346	1450212	0	2697976	168799657436	0	37243	0	178931327381	118271946	245497568	2742358	79	3138	1	13
1677752250	775	1439786	1443652	0	2632440	169125423982	0	37243	0	179276723008	118500194	245956343	2747603	79	3146	1	13
1677752252	777	1439786	1443652	0	2632440	169467863503	0	37243	0	179639801051	118740192	246505994	2753733	79	3155	1	13
1677752254	779	1439786	1443652	0	2632440	169865561804	0	37243	0	180061461737	119018828	247140965	2761001	79	3165	1	13
1677752256	781	1429286	1433152	0	2566904	170255142186	0	37243	0	180474591987	119291935	247708680	2767314	79	3176	1	13
1677752258	783	1447442	1451308	0	2632440	170619589601	0	37243	0	180860931626	119547249	248232176	2773235	80	3186	1	13
1677752260	785	1429286	1433152	0	2566904	171031504320	0	37243	0	181297669908	119835906	248826189	2779937	80	3196	1	13
1677752262	787	1438642	1442508	0	2632440	171442536026	0	37243	0	181733469552	120123913	249406841	2786517	80	3207	1	13
1677752264	789	1443706	1447572	0	2632440	171835389974	0	37243	0	182150311262	120399452	250013775	2793255	80	3217	1	13
1677752266	791	1443710	1447576	0	2632440	172245417655	0	37243	0	182584733154	120686516	250687886	2800903	80	3229	1	13
1677752268	793	1443790	1447656	0	2632440	172693365099	0	37243	0	183059673593	121000397	251384141	2808807	81	3240	1	13
1677752270	795	1431338	1435204	0	2566904	173091458175	0	37243	0	183481760159	121279406	251996611	2815653	81	3251	1	13
1677752272	797	1442366	1446232	0	2634484	173512246237	0	37243	0	183927915395	121574285	252596262	2822490	81	3262	1	13
1677752274	799	1449386	1453252	0	2634484	173913111378	0	37243	0	184352925936	121855152	253173810	2828971	81	3273	1	13
1677752276	801	1438506	1442372	0	2634484	174327842989	0	37243	0	184792648203	122145749	253802349	2836107	81	3285	1	13
1677752278	803	1438510	1442376	0	2634484	174748456971	0	37243	0	185238610845	122440516	254416153	2842974	81	3296	1	13
1677752280	805	1440302	1444168	0	2634484	175170159665	0	37243	0	185685725059	122736009	255046817	2850099	82	3307	1	13
1677752282	807	1440302	1444168	0	2634484	175530031496	0	37243	0	186067282405	122988174	255580144	2856140	82	3318	1	13
1677752284	809	1431974	1435840	0	2568948	175949731282	0	37243	0	186512274129	123282279	256225964	2863346	82	3328	1	13
1677752286	811	1431974	1435840	0	2568948	176370870949	0	37243	0	186958791842	123577383	256930182	2871270	82	3339	1	13
1677752288	813	1446930	1450796	0	2634484	176819006860	0	37243	0	187434018054	123891450	257586043	2878689	82	3351	1	13
1677752290	815	1446930	1450796	0	2634484	177225162223	0	37243	0	187864562529	124176001	258186396	2885464	83	3362	1	13
1677752292	817	1446930	1450796	0	2634484	177503967979	0	37243	0	188160166374	124371328	258579779	2889984	83	3370	1	13
1677752294	819	1446930	1450796	0	2634484	177562846741	0	37243	0	188222592872	124412581	258644692	2890724	83	3374	1	13
1677752296	821	1463778	1467644	0	2710524	177593809131	0	39482	4096	188255336918	124434225	258692696	2891271	84	3376	1	13
1677752298	823	1531522	1535388	0	2710524	177593809131	0	360111	327680	188255337284	124434230	258694173	2891281	84	3378	1	13
