Time	wtime	pss	rss	swap	vmem	rchar	read_bytes	wchar	write_bytes	rx_bytes	rx_packets	tx_bytes	tx_packets	stime	utime	nprocs	nthreads
1677877821	1	243823	246208	0	458380	2600686	0	34566	0	60	1	60	1	0	0	1	1
1677877823	3	532738	537112	0	1146312	45855766	0	36435	0	183996	200	18426	125	0	1	1	6
1677877825	5	598322	602696	0	1272872	48020390	0	36481	0	184702	209	20122	142	0	3	1	6
1677877827	7	623754	628128	0	1298380	48020390	0	36481	0	185092	215	21028	150	0	5	1	6
1677877829	9	650070	654444	0	1326228	48020390	0	36481	0	185242	217	21694	154	0	7	1	6
1677877831	11	664966	669340	0	1337580	48020390	0	36527	0	185662	223	22774	164	0	9	1	6
1677877833	13	679246	683620	0	1498004	48701063	0	36985	0	926420	820	53559	362	0	11	1	6
1677877835	15	691718	696092	0	1569112	48973332	0	37213	0	1221049	1049	64731	431	0	13	1	6
1677877837	17	718510	722884	0	2666388	49519065	0	37393	0	1819889	1550	91501	615	0	15	1	21
1677877839	19	1380570	1384944	0	3014816	306067576	0	37425	0	274003055	182462	996536	9356	0	21	1	21
1677877841	21	1380598	1384972	0	3014816	306475901	0	37425	0	274444485	182803	1012411	9458	0	22	1	21
1677877843	23	1419998	1424372	0	2889508	444402636	0	37425	0	420785034	280137	1557093	14666	0	26	1	21
1677877845	25	1458518	1462892	0	3119240	605960429	0	37441	0	592152078	393851	2112865	20163	0	30	1	21
1677877847	27	1464926	1469300	0	3119240	629922950	0	37441	0	617558834	410645	2163286	20725	0	31	1	21
1677877849	29	1464926	1469300	0	3119240	629922950	0	37441	0	617558984	410647	2163952	20729	0	31	1	21
1677877851	31	1477918	1482292	0	3005644	832778905	0	37441	0	832757125	553635	2914130	27766	1	36	1	21
1677877853	33	1482002	1486376	0	3071180	837790729	0	37441	0	838082337	557224	2942614	28005	1	37	1	21
1677877855	35	1603158	1607532	0	3276336	1145049962	0	37441	0	1163960893	773279	3936248	37939	1	45	1	21
1677877857	37	1600254	1604628	0	3249216	1637481996	0	37441	0	1686169174	1119181	5307243	51523	1	58	1	21
1677877859	39	1613534	1617908	0	3259840	1729282656	0	37441	0	1783530614	1183749	5578656	54063	1	61	1	21
1677877861	41	1548702	1553076	0	3116588	1848050452	0	37441	0	1909521792	1267329	5913969	57194	1	64	1	21
1677877863	43	1629950	1634324	0	3440852	2204253892	0	37441	0	2287280310	1517734	6915234	66914	2	74	1	21
1677877865	45	1657918	1662292	0	3347456	2407941030	0	37441	0	2503288079	1660851	7446898	72027	2	80	1	21
1677877867	47	1582858	1587232	0	3116588	2541496826	0	37441	0	2644971834	1754685	7767530	75151	2	81	1	21
1677877869	49	1630334	1634708	0	3342496	2905634155	0	37441	0	3031131891	2010573	8694231	83907	2	93	1	21
1677877871	51	1655606	1659980	0	3254372	3262010557	0	37441	0	3409022187	2260955	9627163	92836	2	103	1	21
1677877873	53	1713734	1718108	0	3266020	3616874916	0	37441	0	3785351887	2510266	10508384	101280	3	113	1	21
1677877875	55	1763846	1768220	0	3358920	3758075109	0	37441	0	3935108440	2609624	10919392	104893	3	117	1	21
1677877877	57	1723410	1727784	0	3268296	4129807865	0	37441	0	4329769931	2871110	11839993	113569	3	126	1	21
1677877879	59	1746158	1750532	0	3290464	4233193978	0	37441	0	4438971962	2943508	12078916	115698	3	130	1	21
1677877881	61	1702146	1706520	0	3199664	4275010540	0	37441	0	4483309476	2972820	12155080	116550	3	132	1	21
1677877883	63	1637506	1641880	0	3218364	4647970991	0	37441	0	4878814731	3234760	13087575	125576	3	140	1	21
1677877885	65	1675810	1680184	0	3222020	4884198930	0	37441	0	5129595268	3401067	13677621	130933	4	147	1	21
1677877887	67	1716438	1720812	0	3250076	5215841188	0	37441	0	5481300630	3634016	14488181	138589	4	156	1	21
1677877889	69	1738386	1742760	0	3350968	5576999839	0	37441	0	5864021908	3887408	15317090	146742	4	165	1	21
1677877891	71	1712718	1717092	0	3218364	5643947587	0	37441	0	5935092360	3934638	15541872	148645	4	166	1	21
1677877893	73	1683698	1688072	0	3188756	6094700917	0	37457	0	6413271680	4251334	16556812	158344	4	177	1	21
1677877895	75	1683702	1688076	0	3188756	6333698727	0	37457	0	6666541868	4419189	17169834	163881	5	185	1	21
1677877897	77	1734306	1738680	0	3284856	6829022471	0	37457	0	7191745240	4766914	18280894	174766	5	195	1	21
1677877899	79	1699446	1703820	0	3220616	7191299778	0	37457	0	7575927904	5021410	19116367	182586	5	205	1	21
1677877901	81	1730366	1734740	0	3341328	7579167956	0	37457	0	7987247130	5293867	20030602	191222	5	217	1	21
1677877903	83	1707510	1711884	0	3287488	7886211877	0	37457	0	8312861905	5509610	20735075	197682	6	224	1	21
1677877905	85	1753878	1758252	0	3452740	8308809342	0	37457	0	8761023590	5806567	21795179	207621	6	237	1	21
1677877907	87	1732922	1737296	0	3405572	8606328688	0	37457	0	9076534586	6015589	22500272	214186	6	245	1	21
1677877909	89	1709442	1713816	0	3287724	8897736073	0	37457	0	9385557006	6220257	23181468	220679	6	253	1	21
1677877911	91	1739878	1744252	0	3469048	9057371060	0	37457	0	9554836235	6332330	23517270	223919	6	257	1	21
1677877913	93	1735362	1739736	0	3252440	9227278553	0	37457	0	9735040244	6451880	23983013	228007	7	261	1	21
1677877915	95	1711578	1715952	0	3353232	9671082288	0	37457	0	10205744054	6763578	24980246	237545	7	271	1	21
1677877917	97	1742894	1747268	0	3398128	10014433815	0	37457	0	10569769346	7004667	25746879	244838	7	282	1	21
1677877919	99	1725014	1729388	0	3509804	10339374527	0	37457	0	10914359872	7232952	26519981	252042	7	289	1	21
1677877921	101	1750970	1755344	0	3481592	10705772830	0	37457	0	11302901333	7490243	27333883	259841	8	300	1	21
1677877923	103	1706206	1710580	0	3221028	10708787930	0	37457	0	11306124682	7492580	27422973	260346	8	300	1	21
1677877925	105	1751238	1755612	0	3477472	11072341378	0	37457	0	11691639045	7747787	28152660	267385	8	309	1	21
1677877927	107	1749578	1753952	0	3411584	11268839345	0	37457	0	11900016619	7885816	28581846	271368	8	315	1	21
1677877929	109	1734750	1739124	0	3251336	11445636194	0	37457	0	12087499447	8009978	28924004	274499	8	318	1	21
1677877931	111	1733842	1738216	0	3341008	11794391042	0	37457	0	12457356387	8255096	29856474	282975	8	330	1	21
1677877933	113	1714626	1719000	0	3353312	12126565996	0	37473	0	12809620589	8488483	30654556	290432	9	339	1	21
1677877935	115	1714006	1718380	0	3353164	12486480990	0	37473	0	13191296128	8741303	31502291	298481	9	348	1	21
1677877937	117	1747038	1751412	0	3411240	12817452286	0	37473	0	13542274960	8973764	32192591	304868	9	357	1	21
1677877939	119	1713334	1717708	0	3287896	13264616506	0	37473	0	14016613700	9287942	33227793	314691	9	367	1	21
1677877941	121	1753078	1757452	0	3529528	13702331696	0	37473	0	14480643527	9595252	34095000	322740	10	379	1	21
1677877943	123	1746046	1750420	0	3320772	14106467036	0	37489	0	14909218477	9879175	35066994	331908	10	390	1	21
1677877945	125	1711170	1715544	0	3313196	14425610664	0	37489	0	15248045071	10103619	35790888	338736	10	397	1	21
1677877947	127	1709106	1713480	0	3222380	14759663519	0	37489	0	15601903013	10337990	36530567	345649	10	405	1	21
1677877949	129	1759598	1763972	0	3543524	15158268259	0	37489	0	16024616159	10618046	37456647	354161	11	419	1	21
1677877951	131	1747242	1751616	0	3385404	15501539698	0	37489	0	16388638277	10859142	38195042	361116	11	427	1	21
1677877953	133	1750854	1755228	0	3413632	15869075784	0	37489	0	16778401073	11117364	39007878	368599	11	437	1	21
1677877955	135	1749234	1753608	0	3387220	16221403988	0	37489	0	17152029361	11364847	39811560	376162	11	446	1	21
1677877957	137	1752598	1756972	0	3447372	16614082135	0	37489	0	17568455682	11640744	40711842	384378	12	457	1	21
1677877959	139	1757774	1762148	0	3479936	16975695262	0	37489	0	17951934505	11894776	41502399	391655	12	467	1	21
1677877961	141	1734682	1739056	0	3524072	17319162235	0	37489	0	18316173644	12136082	42284979	398867	12	477	1	21
1677877963	143	1736954	1741328	0	3406044	17680569572	0	37489	0	18699441632	12390044	43124668	406604	12	486	1	21
1677877965	145	1708794	1713168	0	3222060	18054245527	0	37489	0	19096011699	12652792	43950892	414028	13	496	1	21
1677877967	147	1691638	1696012	0	3188756	18428553655	0	37489	0	19492811902	12915603	44697657	420905	13	506	1	21
1677877969	149	1749402	1753776	0	3447580	18551948861	0	37489	0	19623503122	13002109	44938175	423282	13	510	1	21
1677877971	151	1703182	1707556	0	3224764	18872767258	0	37489	0	19963725165	13227541	45703847	430304	13	517	1	21
1677877973	153	1710290	1714664	0	3283900	19280479717	0	37489	0	20396078887	13513850	46600766	438830	14	527	1	21
1677877975	155	1762858	1767232	0	3387084	19489420176	0	37489	0	20617656873	13660660	47094299	443462	14	534	1	21
1677877977	157	1759114	1763488	0	3507688	19827907098	0	37489	0	20976615537	13898495	47877813	450660	14	543	1	21
1677877979	159	1761522	1765896	0	3321656	20052431963	0	37489	0	21214721401	14056266	48401831	455510	14	549	1	21
1677877981	161	1753130	1757504	0	3377252	20414485568	0	37489	0	21598661410	14310555	49203922	463072	14	558	1	21
1677877983	163	1709882	1714256	0	3319828	20616521464	0	37489	0	21812933410	14452664	49711108	467439	14	564	1	21
1677877985	165	1751094	1755468	0	3252588	21025369539	0	37489	0	22246491021	14739772	50605624	475988	15	574	1	21
1677877987	167	1760310	1764684	0	3411748	21246856439	0	37489	0	22481481963	14895464	51148582	481167	15	579	1	21
1677877989	169	1760582	1764956	0	3406976	21650773458	0	37489	0	22909724358	15179238	52080459	489564	15	591	1	21
1677877991	171	1731630	1736004	0	3353060	21958411775	0	37489	0	23235958441	15395302	52766332	496119	15	600	1	21
1677877993	173	1750034	1754408	0	3251524	22284068026	0	37489	0	23581318108	15624175	53559374	503327	16	608	1	21
1677877995	175	1752198	1756572	0	3282980	22572081688	0	37489	0	23886755440	15826574	54236500	509549	16	616	1	21
1677877997	177	1758338	1762712	0	3330592	22917501325	0	37489	0	24253154565	16069272	55026780	516979	16	624	1	21
1677877999	179	1755682	1760056	0	3347624	23202423146	0	37489	0	24555223905	16269513	55716868	523144	16	632	1	21
1677878001	181	1754934	1759308	0	3321304	23508140974	0	37489	0	24879400258	16484038	56265482	528499	16	638	1	21
1677878003	183	1757498	1761872	0	3442972	23834079407	0	37489	0	25225056548	16713090	56990706	535013	17	648	1	21
1677878005	185	1749214	1753588	0	3406204	24231844534	0	37489	0	25647013197	16992647	57862819	542990	17	658	1	21
1677878007	187	1749298	1753672	0	3345588	24431227196	0	37489	0	25858610565	17133002	58379666	547426	17	665	1	21
1677878009	189	1760814	1765188	0	3416280	24870297399	0	37489	0	26323937809	17441093	59275018	555979	17	675	1	21
1677878011	191	1755442	1759816	0	3375428	25104455762	0	37489	0	26572251349	17605565	59816150	561111	18	681	1	21
1677878013	193	1760426	1764800	0	3413844	25422712206	0	37489	0	26909756905	17829179	60519350	567549	18	691	1	21
1677878015	195	1763774	1768148	0	3448760	25733953791	0	37505	0	27239827156	18047908	61216678	573780	18	700	1	21
1677878017	197	1707814	1712188	0	3254292	26108967225	0	37505	0	27637526949	18311451	62120529	582050	18	710	1	21
1677878019	199	1764914	1769288	0	3415732	26440511817	0	37505	0	27989119126	18544343	62821774	588528	18	719	1	21
1677878021	201	1737534	1741908	0	3394764	26798848450	0	37505	0	28369119823	18796056	63574307	595508	19	727	1	21
1677878023	203	1753698	1758072	0	3255164	27108435471	0	37505	0	28697448038	19013723	64343619	602387	19	736	1	21
1677878025	205	1810410	1814784	0	3476472	27445077630	0	37505	0	29054444789	19250203	65071463	609091	19	745	1	21
1677878027	207	1777258	1781632	0	3353180	27782541223	0	37505	0	29412304107	19487198	65773698	615653	19	752	1	21
1677878029	209	1801782	1806156	0	3382832	28101747042	0	37505	0	29750818061	19711496	66485221	622127	20	763	1	21
1677878031	211	1776666	1781040	0	3313196	28466496610	0	37505	0	30137636295	19967860	67320737	629598	20	772	1	21
1677878033	213	1725082	1729456	0	3287468	28566702186	0	37505	0	30243909272	20038322	67546673	631547	20	776	1	21
1677878035	215	1770870	1775244	0	3287640	28717966840	0	37505	0	30404317559	20144557	67836984	634251	20	780	1	21
1677878037	217	1815858	1820232	0	3583788	29169961352	0	37505	0	30883621464	20461928	68786087	643219	20	791	1	21
1677878039	219	1815238	1819612	0	3544788	29667259288	0	37505	0	31410993911	20811285	69858123	653176	21	804	1	21
1677878041	221	1803090	1807464	0	3350692	30005327753	0	37505	0	31769521335	21048934	70659244	660284	21	813	1	21
1677878043	223	1800970	1805344	0	3348572	30346841679	0	37521	0	32131690873	21288907	71423235	667164	21	822	1	21
1677878045	225	1826226	1830600	0	3582476	30515918518	0	37521	0	32310979742	21407580	71737814	670185	21	827	1	21
1677878047	227	1808986	1813360	0	3603144	30835859944	0	37521	0	32650274556	21632415	72446903	676607	22	835	1	21
1677878049	229	1815434	1819808	0	3512920	31047254960	0	37521	0	32874451384	21780899	72868067	680535	22	841	1	21
1677878051	231	1792622	1796996	0	3316176	31304110748	0	37521	0	33146832743	21961313	73426143	685695	22	845	1	21
1677878053	233	1812822	1817196	0	3512788	31660501769	0	37521	0	33524779910	22211732	74193056	692638	22	857	1	21
1677878055	235	1754618	1758992	0	3283900	31869871517	0	37521	0	33746903592	22359099	74744391	697328	22	862	1	21
1677878057	237	1799922	1804296	0	3472040	32225323710	0	37521	0	34123772654	22608683	75486867	704304	23	873	1	21
1677878059	239	1808838	1813212	0	3446948	32577828748	0	37521	0	34497588967	22856293	76220466	711110	23	881	1	21
1677878061	241	1792378	1796752	0	3337924	32963504117	0	37521	0	34906603767	23127399	77132021	719279	23	892	1	21
1677878063	243	1813862	1818236	0	3415332	33234568442	0	37521	0	35194050525	23317760	77759403	725301	23	899	1	21
1677878065	245	1778522	1782896	0	3353364	33375746272	0	37521	0	35343966190	23417110	78102994	728505	24	902	1	21
1677878067	247	1811734	1816108	0	3450060	33556838362	0	37521	0	35535803527	23544129	78497483	732325	24	906	1	21
1677878069	249	1818782	1823156	0	3541552	33720437494	0	37521	0	35709312743	23659213	78880337	735625	24	912	1	21
1677878071	251	1786682	1791056	0	3484536	34001600897	0	37521	0	36007476790	23856751	79518310	741510	24	919	1	21
1677878073	253	1777998	1782372	0	3353448	34471822316	0	37521	0	36506129885	24187085	80531439	750904	24	930	1	21
1677878075	255	1781290	1785664	0	3482932	34881100008	0	37537	0	36940162056	24474663	81500610	759899	25	941	1	21
1677878077	257	1769734	1774108	0	3283900	35334471408	0	37537	0	37420944014	24793136	82527550	769558	25	951	1	21
1677878079	259	1826154	1830528	0	3546728	35697297635	0	37553	0	37805709884	25048031	83337007	777047	25	961	1	21
1677878081	261	1809882	1814256	0	3414660	36026206337	0	37553	0	38154515203	25279164	84106615	784077	25	970	1	21
1677878083	263	1805570	1809944	0	3377112	36499249504	0	37553	0	38656158322	25611454	85138927	793703	26	981	1	21
1677878085	265	1807862	1812236	0	3507960	36873770498	0	37553	0	39053331424	25874610	85976069	801348	26	991	1	21
1677878087	267	1756426	1760800	0	3254292	37087497638	0	37553	0	39280006641	26024975	86527150	806170	26	998	1	21
1677878089	269	1803098	1807472	0	3376632	37459180216	0	37553	0	39674152772	26285996	87321806	813644	26	1007	1	21
1677878091	271	1824242	1828616	0	3544576	37604346353	0	37553	0	39828098426	26387990	87630817	816482	26	1011	1	21
1677878093	273	1824242	1828616	0	3544576	37607723857	0	37553	0	39831680090	26390365	87639953	816583	26	1011	1	21
1677878095	275	1773618	1777992	0	3287632	37727232718	0	37553	0	39958412563	26474299	87895187	819013	26	1013	1	21
1677878097	277	1819530	1823904	0	3466728	37773232334	0	37553	0	40007197297	26506649	88027423	820200	26	1016	1	21
1677878099	279	1787770	1792144	0	3301904	37910444125	0	37553	0	40152700369	26603002	88281071	822547	27	1017	1	21
1677878101	281	1773174	1777548	0	3291408	38255449269	0	37553	0	40518580481	26845493	89090112	829837	27	1027	1	21
1677878103	283	1761574	1765948	0	3283900	38681093455	0	37553	0	40969964097	27144550	90007868	838256	27	1037	1	21
1677878105	285	1805946	1810320	0	3373548	39043001291	0	37553	0	41353865714	27398853	90823627	845913	27	1046	1	21
1677878107	287	1808598	1812972	0	3346712	39307269478	0	37553	0	41634028010	27584640	91491852	851742	28	1055	1	21
1677878109	289	1820598	1824972	0	3479484	39750566783	0	37553	0	42104124854	27896014	92396805	860034	28	1067	1	21
1677878111	291	1806890	1811264	0	3408456	40061754243	0	37569	0	42434149551	28114816	93142532	866609	28	1076	1	21
1677878113	293	1773038	1777412	0	3283900	40321039166	0	37569	0	42709101381	28296868	93652221	871406	28	1081	1	21
1677878115	295	1807038	1811412	0	3404344	40521041114	0	37569	0	42921211196	28437496	94113285	875408	28	1088	1	21
1677878117	297	1834378	1838752	0	3384512	40689213083	0	37569	0	43099555161	28555665	94559356	879631	29	1092	1	21
1677878119	299	1836686	1841060	0	3533968	41057381708	0	37569	0	43489998564	28814422	95408754	887270	29	1102	1	21
1677878121	301	1842370	1846744	0	3469224	41399709266	0	37569	0	43853034613	29054978	96199398	894571	29	1111	1	21
1677878123	303	1841862	1846236	0	3471740	41585197685	0	37569	0	44049746897	29185369	96646116	898512	29	1116	1	21
1677878125	305	1793230	1797604	0	3283900	41847289331	0	37569	0	44327786665	29369591	97183945	903401	29	1122	1	21
1677878127	307	1855526	1859900	0	3480452	42238719956	0	37569	0	44742801294	29644623	98067566	911242	30	1134	1	21
1677878129	309	1855126	1859500	0	3545236	42659867191	0	37569	0	45189419136	29940527	98995681	919701	30	1145	1	21
1677878131	311	1828386	1832760	0	3444268	42990501649	0	37569	0	45540053566	30172870	99738879	926473	30	1154	1	21
1677878133	313	1840686	1845060	0	3410848	43161785976	0	37569	0	45721718199	30293408	100203034	930407	30	1159	1	21
1677878135	315	1850682	1855056	0	3511872	43293466371	0	37569	0	45861343637	30385757	100433699	932830	30	1162	1	21
1677878137	317	1843782	1848156	0	3350920	43448864538	0	37569	0	46026155164	30495072	100837960	936402	30	1167	1	21
1677878139	319	1831678	1836052	0	3380292	43704289398	0	37569	0	46297018933	30674460	101377037	941424	31	1172	1	21
1677878141	321	1843258	1847632	0	3348872	44184383118	0	37569	0	46806148868	31011796	102516527	951964	31	1184	1	21
1677878143	323	1847490	1851864	0	3535068	44500484493	0	37569	0	47141381565	31234011	103289791	958857	31	1195	1	21
1677878145	325	1853810	1858184	0	3416540	44809937810	0	37569	0	47469549241	31451435	103960128	964920	31	1203	1	21
1677878147	327	1826906	1831280	0	3484468	45105801809	0	37601	0	47783320188	31659430	104649648	971002	32	1211	1	21
1677878149	329	1846594	1850968	0	3381464	45151382232	0	37601	0	47831666362	31691548	104788403	972101	32	1212	1	21
1677878151	331	1844946	1849320	0	3413968	45398291171	0	37601	0	48093501408	31864970	105351668	977480	32	1219	1	21
1677878153	333	1847290	1851664	0	3413968	45402684386	0	37601	0	48098159837	31868054	105361110	977584	32	1219	1	21
1677878155	335	1796678	1801052	0	3283588	45551778943	0	37601	0	48256294820	31973019	105761751	980924	32	1223	1	21
1677878157	337	1814174	1818548	0	3287936	45822872372	0	37601	0	48543788201	32163528	106361144	986351	32	1231	1	21
1677878159	339	1848770	1853144	0	3410800	45938878750	0	37601	0	48666879185	32245113	106641154	988870	32	1234	1	21
1677878161	341	1844886	1849260	0	3348072	46254252334	0	37601	0	49001266583	32466718	107403068	995768	33	1243	1	21
1677878163	343	1813866	1818240	0	3313196	46592727263	0	37601	0	49360204418	32704471	108150036	1002787	33	1249	1	21
1677878165	345	1856830	1861204	0	3514260	46919786624	0	37601	0	49707061638	32934418	108944677	1009808	33	1260	1	21
1677878167	347	1839086	1843460	0	3341168	47231008301	0	37601	0	50037315191	33153294	109660227	1016288	33	1269	1	21
1677878169	349	1865838	1870212	0	3546240	47501941455	0	37601	0	50324430484	33343499	110258366	1021803	33	1277	1	21
1677878171	351	1852430	1856804	0	3473568	47652293735	0	37601	0	50483896638	33449323	110679893	1025476	34	1281	1	21
1677878173	353	1856266	1860640	0	3479572	47985817894	0	37601	0	50837593225	33683680	111410566	1032089	34	1289	1	21
1677878175	355	1814506	1818880	0	3287932	48391246931	0	37601	0	51267721553	33968635	112282666	1040107	34	1298	1	21
1677878177	357	1860338	1864712	0	3471584	48698173190	0	37601	0	51593041681	34184297	113043029	1046861	34	1308	1	21
1677878179	359	1816582	1820956	0	3319828	48954821049	0	37601	0	51865231828	34364796	113674171	1052447	34	1316	1	21
1677878181	361	1838098	1842472	0	3341876	49297836796	0	37601	0	52229007985	34605961	114490245	1059564	35	1326	1	21
1677878183	363	1847578	1851952	0	3347656	49704798521	0	37601	0	52660574617	34891831	115373330	1067756	35	1336	1	21
1677878185	365	1863238	1867612	0	3536368	50026267624	0	37601	0	53001502110	35117835	116141182	1074621	35	1345	1	21
1677878187	367	1821630	1826004	0	3385364	50185424041	0	37601	0	53170305019	35229848	116567272	1078258	35	1350	1	21
1677878189	369	1866526	1870900	0	3444124	50550023312	0	37601	0	53556938079	35485885	117311441	1085183	36	1358	1	21
1677878191	371	1839866	1844240	0	3509804	50820104010	0	37601	0	53843369699	35675786	117925548	1090477	36	1367	1	21
1677878193	373	1830458	1834832	0	3353204	51096406768	0	37601	0	54136397244	35870051	118588854	1096371	36	1373	1	21
1677878195	375	1873298	1877672	0	3416004	51301448926	0	37601	0	54353843110	36014140	119069065	1100797	36	1380	1	21
1677878197	377	1819442	1823816	0	3313196	51653845893	0	37601	0	54727628986	36261949	119921170	1108364	36	1389	1	21
1677878199	379	1860950	1865324	0	3383500	52004959424	0	37601	0	55099920969	36508619	120709970	1115455	37	1399	1	21
1677878201	381	1875354	1879728	0	3542248	52361605243	0	37601	0	55478151151	36759328	121553411	1122974	37	1411	1	21
1677878203	383	1887418	1891792	0	3610948	52660451336	0	37601	0	55795086020	36969430	122312926	1129853	37	1419	1	21
1677878205	385	1851162	1855536	0	3418796	52789647734	0	37601	0	55932087280	37060137	122583747	1132361	37	1422	1	21
1677878207	387	1891570	1895944	0	3612392	52900425401	0	37601	0	56049565682	37137986	122818091	1134440	37	1426	1	21
1677878209	389	1838198	1842572	0	3480508	53141049320	0	37601	0	56304753143	37307147	123400586	1139598	38	1432	1	21
1677878211	391	1827062	1831436	0	3319828	53393900973	0	37601	0	56573030912	37485038	124027512	1145093	38	1439	1	21
1677878213	393	1854738	1859112	0	3349436	53714494390	0	37601	0	56913452346	37710717	124826351	1152313	38	1448	1	21
1677878215	395	1885170	1889544	0	3545840	53990771783	0	37601	0	57205905055	37904525	125492369	1158311	38	1457	1	21
1677878217	397	1872454	1876828	0	3444268	54118451704	0	37601	0	57341316387	37994321	125874669	1161667	38	1461	1	21
1677878219	399	1882294	1886668	0	3472784	54259205360	0	37601	0	57490589322	38093277	126162769	1164109	38	1465	1	21
1677878221	401	1851526	1855900	0	3418516	54613994066	0	37601	0	57866868638	38342685	127008791	1171714	39	1475	1	21
1677878223	403	1876742	1881116	0	3444268	54864666417	0	37601	0	58132696938	38518943	127684066	1177702	39	1483	1	21
1677878225	405	1895654	1900028	0	3552532	55182236408	0	37601	0	58469488835	38742215	128423814	1184127	39	1492	1	21
1677878227	407	1889106	1893480	0	3480216	55544901456	0	37601	0	58854095546	38997095	129245285	1191537	39	1502	1	21
1677878229	409	1874714	1879088	0	3381168	55846787586	0	37601	0	59174264307	39209429	130014271	1198230	40	1511	1	21
1677878231	411	1861882	1866256	0	3444268	56194627089	0	37601	0	59543143145	39453850	130777099	1205109	40	1521	1	21
1677878233	413	1874342	1878716	0	3473456	56465532761	0	37601	0	59830453721	39644380	131488421	1211357	40	1529	1	21
1677878235	415	1844766	1849140	0	3452156	56717861107	0	37601	0	60098055771	39821782	132070306	1216440	40	1536	1	21
1677878237	417	1846434	1850808	0	3356944	56814605730	0	37601	0	60200651606	39889772	132315639	1218713	40	1537	1	21
1677878239	419	1884686	1889060	0	3449896	57187897593	0	37601	0	60596538960	40152217	133208636	1226618	41	1550	1	21
1677878241	421	1873498	1877872	0	3407160	57347862422	0	37601	0	60766194606	40264762	133625532	1230192	41	1555	1	21
1677878243	423	1873498	1877872	0	3407160	57412349949	0	37601	0	60834915071	40310267	133761806	1231482	41	1555	1	21
1677878245	425	1850338	1854712	0	3509804	57618280791	0	37601	0	61052974417	40454821	134259659	1235943	41	1563	1	21
1677878247	427	1844750	1849124	0	3469708	57902631648	0	37601	0	61354537588	40654744	134973317	1242322	41	1571	1	21
1677878249	429	1852306	1856680	0	3536836	58185119434	0	37601	0	61654122352	40853340	135648101	1248304	41	1579	1	21
1677878251	431	1849718	1854092	0	3444268	58428106508	0	37601	0	61912008207	41024218	136210408	1253441	41	1586	1	21
1677878253	433	1858658	1863032	0	3479488	58715786290	0	37601	0	62216898144	41226332	136893817	1259544	42	1595	1	21
1677878255	435	1857454	1861828	0	3451676	58980487033	0	37601	0	62497637819	41412590	137605443	1265627	42	1602	1	21
1677878257	437	1846210	1850584	0	3378956	59230798482	0	37601	0	62763107701	41588644	138217596	1270930	42	1610	1	21
1677878259	439	1822170	1826544	0	3356964	59634911096	0	37601	0	63191654834	41872515	139049592	1278575	42	1620	1	21
1677878261	441	1847038	1851412	0	3442532	59940264879	0	37601	0	63515493651	42087216	139793282	1285147	43	1631	1	21
1677878263	443	1852862	1857236	0	3414904	60282934052	0	37601	0	63878898306	42328088	140592390	1292246	43	1639	1	21
1677878265	445	1858718	1863092	0	3450336	60322150092	0	37601	0	63920481550	42355601	140675770	1293118	43	1642	1	21
1677878267	447	1820618	1824992	0	3353232	60385078431	0	37601	0	63987233849	42399980	140884625	1294758	43	1643	1	21
1677878269	449	1854022	1858396	0	3477516	60668952684	0	37601	0	64288292020	42599573	141597185	1301115	43	1652	1	21
1677878271	451	1852254	1856628	0	3384996	61029639779	0	37601	0	64670795355	42853007	142382953	1308311	43	1663	1	21
1677878273	453	1844629	1848904	0	3471992	61217793022	0	37601	0	64870348300	42985399	142895897	1312722	44	1668	1	21
1677878275	455	1858549	1862824	0	3471912	61528297500	0	37601	0	65199636047	43203611	143599206	1319072	44	1676	1	21
1677878277	457	1854213	1858488	0	3416148	61756751410	0	37601	0	65441916209	43364215	144160776	1324105	44	1682	1	21
1677878279	459	1857501	1861776	0	3480856	62122077355	0	37601	0	65829360466	43621109	145070334	1332110	44	1693	1	21
1677878281	461	1844481	1848756	0	3406412	62510966195	0	37601	0	66241777615	43894431	145988825	1340464	45	1704	1	21
1677878283	463	1852637	1856912	0	3385276	62823161575	0	37601	0	66572883485	44114044	146819817	1347697	45	1714	1	21
1677878285	465	1853369	1857644	0	3537816	63073321642	0	37601	0	66838185313	44289921	147407836	1352836	45	1722	1	21
1677878287	467	1831241	1835516	0	3363872	63302516437	0	37601	0	67081237225	44450924	147884781	1357248	45	1727	1	21
1677878289	469	1856241	1860516	0	3522628	63676209327	0	37601	0	67477549343	44713642	148789001	1365276	45	1739	1	21
1677878291	471	1807545	1811820	0	3349436	63896127256	0	37601	0	67710775604	44868241	149296387	1369705	46	1744	1	21
1677878293	473	1851785	1856060	0	3385164	64062334733	0	37601	0	67887037818	44985041	149648602	1372854	46	1750	1	21
1677878295	475	1847321	1851596	0	3471356	64311820835	0	37601	0	68151633372	45160511	150264168	1378235	46	1758	1	21
1677878297	477	1802749	1807024	0	3319828	64331991776	0	37601	0	68173038426	45174825	150372048	1378982	46	1759	1	21
1677878299	479	1851801	1856076	0	3414444	64672503931	0	37601	0	68534154869	45414162	151175811	1386239	46	1769	1	21
1677878301	481	1850801	1855076	0	3508524	64962755047	0	37617	0	68841966839	45618166	151864943	1392407	46	1777	1	21
1677878303	483	1850721	1854996	0	3413368	65222098764	0	37617	0	69117010652	45800514	152472223	1397784	47	1783	1	21
1677878305	485	1802749	1807024	0	3319828	65411185013	0	37617	0	69317541973	45933459	152932108	1401827	47	1788	1	21
1677878307	487	1851361	1855636	0	3477888	65705800510	0	37617	0	69629991651	46140605	153661795	1408307	47	1797	1	21
1677878309	489	1849373	1853648	0	3414032	66085521983	0	37617	0	70032696846	46407558	154533311	1416019	47	1808	1	21
1677878311	491	1847353	1851628	0	3444268	66246361549	0	37617	0	70203273943	46520672	154945285	1419581	47	1814	1	21
1677878313	493	1847353	1851628	0	3444268	66246361549	0	37617	0	70203274168	46520675	154946092	1419587	47	1814	1	21
1677878315	495	1844989	1849264	0	3411696	66395061592	0	37617	0	70360977458	46625240	155312359	1422837	47	1818	1	21
1677878317	497	1831281	1835556	0	3366648	66614633368	0	37617	0	70593821690	46779465	155766893	1426997	48	1824	1	21
1677878319	499	1800737	1805012	0	3319828	66901810382	0	37617	0	70898405369	46981580	156565984	1433807	48	1834	1	21
1677878321	501	1814517	1818792	0	3351804	67250433224	0	37617	0	71268112025	47226526	157292872	1440347	48	1846	1	21
1677878323	503	1853421	1857696	0	3479492	67570134515	0	37617	0	71607168194	47451336	158072786	1447153	48	1856	1	21
1677878325	505	1816717	1820992	0	3351956	67735709084	0	37617	0	71782771743	47567807	158498784	1450872	48	1862	1	21
1677878327	507	1849805	1854080	0	3414408	68004595973	0	37633	0	72067947600	47756973	159218430	1457068	49	1871	1	21
1677878329	509	1839457	1843732	0	3471620	68252400557	0	37633	0	72330750343	47931187	159815800	1462397	49	1879	1	21
1677878331	511	1853437	1857712	0	3397072	68486938515	0	37633	0	72579479735	48096040	160358215	1467290	49	1886	1	21
1677878333	513	1850945	1855220	0	3415548	68796699515	0	37649	0	72908004123	48313951	161167079	1474290	49	1896	1	21
1677878335	515	1818013	1822288	0	3353196	69074023072	0	37649	0	73202106089	48508861	161785612	1479815	49	1904	1	21
1677878337	517	1816833	1821108	0	3352016	69341609939	0	37649	0	73486348253	48697434	162470891	1485624	50	1913	1	21
1677878339	519	1818689	1822964	0	3353212	69466611670	0	37649	0	73618470269	48784993	162761632	1488246	50	1917	1	21
1677878341	521	1825641	1829916	0	3360292	69745430943	0	37649	0	73914160453	48980968	163401728	1493936	50	1927	1	21
1677878343	523	1818857	1823132	0	3353380	69830308980	0	37649	0	74004183860	49040712	163653646	1496130	50	1931	1	21
1677878345	525	1850465	1854740	0	3385116	70108562001	0	37649	0	74299441344	49236487	164365227	1502443	50	1940	1	21
1677878347	527	1872189	1876464	0	3459596	70270083202	0	37649	0	74470586378	49349972	164785003	1506220	50	1945	1	21
1677878349	529	1818725	1823000	0	3353248	70534250337	0	37649	0	74750743060	49535708	165472055	1512311	51	1952	1	21
1677878351	531	1862405	1866680	0	3509804	70924724381	0	37649	0	75164843953	49810168	166411651	1520805	51	1963	1	21
1677878353	533	1857981	1862256	0	3516436	71130814230	0	37665	0	75383420976	49955174	166953612	1525424	51	1972	1	21
1677878355	535	1899253	1903528	0	3603280	71406474851	0	37665	0	75675898564	50149109	167652187	1531665	51	1980	1	21
1677878357	537	1894181	1898456	0	3508416	71696774292	0	37665	0	75983639727	50353090	168329047	1537644	51	1989	1	21
1677878359	539	1894809	1899084	0	3545968	71979988202	0	37665	0	76284011057	50552352	169102977	1544313	52	1998	1	21
1677878361	541	1898477	1902752	0	3610660	72266418084	0	37665	0	76587765614	50753622	169789235	1550691	52	2007	1	21
1677878363	543	1843913	1848188	0	3480196	72478609748	0	37665	0	76812824941	50903015	170432099	1556169	52	2014	1	21
1677878365	545	1845273	1849548	0	3480196	72721513248	0	37665	0	77070442758	51073893	171040429	1561415	52	2022	1	21
1677878367	547	1893085	1897360	0	3508348	72834138252	0	37665	0	77189877909	51153015	171277065	1563549	52	2025	1	21
1677878369	549	1889809	1894084	0	3503028	73096298548	0	37665	0	77467909292	51337361	171919677	1569199	53	2032	1	21
1677878371	551	1896669	1900944	0	3508128	73358073569	0	37665	0	77745746548	51521650	172635630	1575443	53	2042	1	21
1677878373	553	1908249	1912524	0	3602960	73457313066	0	37665	0	77850787132	51591277	172886008	1577651	53	2045	1	21
1677878375	555	1855793	1860068	0	3450900	73609373481	0	37665	0	78012060957	51698264	173314894	1581449	53	2050	1	21
1677878377	557	1877993	1882268	0	3550680	73912982579	0	37665	0	78334036944	51911637	174034961	1587987	53	2059	1	21
1677878379	559	1896613	1900888	0	3507996	74155928789	0	37665	0	78591694835	52082493	174649466	1593403	53	2068	1	21
1677878381	561	1887089	1891364	0	3502568	74376929977	0	37665	0	78826087512	52237901	175194277	1598176	53	2075	1	21
1677878383	563	1855793	1860068	0	3450900	74495781868	0	37665	0	78952134012	52321566	175512605	1600837	54	2079	1	21
1677878385	565	1904345	1908620	0	3543836	74615830194	0	37665	0	79079449694	52405985	175812243	1603447	54	2083	1	21
1677878387	567	1860933	1865208	0	3480508	74824277037	0	37665	0	79300499897	52552421	176268613	1607649	54	2088	1	21
1677878389	569	1905573	1909848	0	3546244	75082747166	0	37665	0	79574631957	52734286	176948424	1613484	54	2098	1	21
1677878391	571	1900521	1904796	0	3511896	75306755062	0	37665	0	79812199203	52891790	177540526	1618835	54	2105	1	21
1677878393	573	1888481	1892756	0	3545036	75534553238	0	37665	0	80053801526	53052085	178163753	1624257	54	2112	1	21
1677878395	575	1897069	1901344	0	3493236	75763530964	0	37665	0	80296621910	53212929	178640961	1628634	55	2117	1	21
1677878397	577	1873133	1877408	0	3484380	76019697343	0	37665	0	80568313798	53393225	179408909	1635304	55	2126	1	21
1677878399	579	1901529	1905804	0	3542196	76140115713	0	37665	0	80696033089	53477977	179737750	1638121	55	2131	1	21
1677878401	581	1873117	1877392	0	3484364	76330915695	0	37665	0	80898367531	53611999	180171479	1642225	55	2135	1	21
1677878403	583	1893985	1898260	0	3534652	76352202483	0	37665	0	80920961772	53627126	180282969	1642986	55	2138	1	21
1677878405	585	1898365	1902640	0	3511792	76458633435	0	37665	0	81033822108	53701838	180493379	1645018	55	2141	1	21
1677878407	587	1871749	1876024	0	3483000	76680105784	0	37665	0	81268713249	53857670	181101792	1650282	55	2149	1	21
1677878409	589	1898213	1902488	0	3537444	76963537907	0	37665	0	81569299879	54056926	181776346	1656272	55	2157	1	21
1677878411	591	1873045	1877320	0	3484296	77188827304	0	37665	0	81808218115	54215260	182343916	1661518	56	2163	1	21
1677878413	593	1906457	1910732	0	3517832	77422664971	0	37665	0	82056227815	54379821	182960450	1666698	56	2173	1	21
1677878415	595	1906197	1910472	0	3546868	77758384644	0	37665	0	82412273469	54615898	183805781	1674230	56	2182	1	21
1677878417	597	1903965	1908240	0	3515984	78056226833	0	37665	0	82728149741	54825364	184561336	1680842	56	2191	1	21
1677878419	599	1914173	1918448	0	3537528	78218255717	0	37665	0	82900008052	54939464	185021093	1684720	56	2197	1	21
1677878421	601	1889561	1893836	0	3534328	78400435085	0	37665	0	83093213088	55067548	185468900	1688617	57	2203	1	21
1677878423	603	1897185	1901460	0	3510612	78508047938	0	37665	0	83207333579	55143157	185705928	1690780	57	2205	1	21
1677878425	605	1878317	1882592	0	3493792	78814221118	0	37665	0	83532051046	55358520	186539718	1698167	57	2215	1	21
1677878427	607	1886321	1890596	0	3497700	79009048049	0	37665	0	83738881178	55495692	187029495	1702419	57	2221	1	21
1677878429	609	1876193	1880468	0	3544980	79286601384	0	37665	0	84033313041	55690999	187752521	1708622	57	2231	1	21
1677878431	611	1856401	1860676	0	3480508	79539773916	0	37665	0	84301543640	55868836	188380498	1714207	57	2237	1	21
1677878433	613	1893969	1898244	0	3547364	79711834782	0	37665	0	84484035894	55989954	188851148	1718156	58	2244	1	21
1677878435	615	1832605	1836880	0	3450900	80072143527	0	37681	0	84866291171	56243378	189751342	1726168	58	2255	1	21
1677878437	617	1880685	1884960	0	3515256	80328919257	0	37681	0	85138470568	56423794	190349147	1731494	58	2264	1	21
1677878439	619	1881013	1885288	0	3544876	80664396268	0	37681	0	85494261072	56659724	191189092	1738838	58	2274	1	21
1677878441	621	1849753	1854028	0	3484192	80892920953	0	37681	0	85736623540	56820441	191787885	1744076	59	2281	1	21
1677878443	623	1877181	1881456	0	3573284	80992512482	0	37681	0	85842250850	56890525	192054810	1746355	59	2286	1	21
1677878445	625	1880773	1885048	0	3608156	81229369489	0	37681	0	86093454465	57057143	192683384	1751813	59	2295	1	21
1677878447	627	1880893	1885168	0	3515464	81538335962	0	37697	0	86421132123	57274443	193492349	1758963	59	2303	1	21
1677878449	629	1850781	1855056	0	3482960	81840488448	0	37713	0	86741595689	57487079	194281575	1765565	59	2314	1	21
1677878451	631	1885469	1889744	0	3547068	82167578412	0	37713	0	87088480789	57717016	195067130	1772581	60	2324	1	21
1677878453	633	1877841	1882116	0	3602928	82464816521	0	37713	0	87403728590	57926151	195850278	1779352	60	2333	1	21
1677878455	635	1874177	1878452	0	3511464	82759350649	0	37713	0	87716091314	58133241	196580198	1785817	60	2341	1	21
1677878457	637	1887049	1891324	0	3509804	83059945604	0	37713	0	88034886126	58344625	197347551	1792626	60	2351	1	21
1677878459	639	1895237	1899512	0	3540260	83296618333	0	37713	0	88285892259	58511088	197964680	1798008	60	2359	1	21
1677878461	641	1893209	1897484	0	3575340	83513306166	0	37713	0	88515706053	58663516	198534115	1803007	61	2367	1	21
1677878463	643	1889097	1893372	0	3537492	83688055223	0	37713	0	88701042912	58786478	198969239	1806637	61	2373	1	21
1677878465	645	1899725	1904000	0	3545404	83939575089	0	37713	0	88967827807	58963384	199560741	1811719	61	2381	1	21
1677878467	647	1867821	1872096	0	3484076	84145810225	0	37713	0	89186515310	59108403	200099850	1816470	61	2389	1	21
1677878469	649	1893581	1897856	0	3512012	84387104477	0	37713	0	89442418497	59278067	200689096	1821668	61	2396	1	21
1677878471	651	1898953	1903228	0	3544632	84627444645	0	37713	0	89697314894	59447115	201306527	1827090	61	2405	1	21
1677878473	653	1868285	1872560	0	3509804	84846589358	0	37713	0	89929781409	59601364	201907487	1832268	62	2412	1	21
1677878475	655	1900281	1904556	0	3545956	85188739134	0	37713	0	90292603931	59841908	202754189	1839770	62	2423	1	21
1677878477	657	1900861	1905136	0	3546536	85498787188	0	37713	0	90621418004	60059896	203499202	1846258	62	2434	1	21
1677878479	659	1868221	1872496	0	3484476	85716139228	0	37713	0	90851941193	60212842	204090000	1851368	62	2441	1	21
1677878481	661	1901417	1905692	0	3610716	86040239883	0	37713	0	91195649112	60440622	204817969	1857896	62	2451	1	21
1677878483	663	1900773	1905048	0	3546452	86282997454	0	37713	0	91453127103	60611529	205521291	1863826	63	2460	1	21
1677878485	665	1890833	1895108	0	3536512	86601704150	0	37713	0	91791118090	60835511	206246015	1870355	63	2471	1	21
1677878487	667	1903725	1908000	0	3581592	86884701789	0	37713	0	92091245396	61034493	206936549	1876408	63	2481	1	21
1677878489	669	1898797	1903072	0	3515148	87179588115	0	37713	0	92403993599	61241932	207701215	1883005	63	2491	1	21
1677878491	671	1903569	1907844	0	3610388	87378428554	0	37713	0	92614874643	61381781	208225319	1887679	64	2498	1	21
1677878493	673	1895281	1899556	0	3540652	87563758528	0	37713	0	92811431422	61512159	208739165	1892184	64	2504	1	21
1677878495	675	1901421	1905696	0	3546780	87721451216	0	37713	0	92978673461	61623063	209152116	1895916	64	2509	1	21
1677878497	677	1900689	1904964	0	3544292	87955602016	0	37713	0	93227001441	61787721	209739359	1901119	64	2517	1	21
1677878499	679	1900485	1904760	0	3546132	88166041746	0	37713	0	93450203530	61935880	210317823	1905973	64	2524	1	21
1677878501	681	1893517	1897792	0	3541212	88393861367	0	37713	0	93691822706	62096151	210943522	1911408	64	2532	1	21
1677878503	683	1868893	1873168	0	3484404	88807174343	0	37713	0	94130132502	62386557	211860078	1919779	65	2544	1	21
1677878505	685	1896537	1900812	0	3603004	89059411436	0	37713	0	94397657052	62564069	212578281	1925978	65	2555	1	21
1677878507	687	1868849	1873124	0	3484364	89390105418	0	37729	0	94748617909	62796823	213407958	1933237	65	2565	1	21
1677878509	689	1901533	1905808	0	3517172	89676456088	0	37729	0	95052050934	62997881	214044590	1938945	65	2576	1	21
1677878511	691	1895293	1899568	0	3538184	89964729050	0	37729	0	95359017034	63201473	214758657	1945008	65	2585	1	21
1677878513	693	1867473	1871748	0	3482984	90154545961	0	37745	0	95559102565	63334229	215285861	1949556	66	2593	1	21
1677878515	695	1866545	1870820	0	3484108	90540424690	0	37761	0	95968322913	63605394	216142558	1957286	66	2604	1	21
1677878517	697	1851533	1855808	0	3450900	90714491983	0	37761	0	96153116295	63728118	216640490	1961481	66	2612	1	21
1677878519	699	1898033	1902308	0	3540356	90929635172	0	37761	0	96381106479	63879161	217152332	1966093	66	2620	1	21
1677878521	701	1868881	1873156	0	3484392	91216594283	0	37761	0	96685704405	64081068	217831716	1972138	66	2628	1	21
1677878523	703	1887797	1892072	0	3532600	91549904249	0	37761	0	97038927055	64315312	218700313	1979771	67	2640	1	21
1677878525	705	1891753	1896028	0	3537300	91900736792	0	37761	0	97411000785	64562024	219599226	1987788	67	2650	1	21
1677878527	707	1902473	1906748	0	3607064	92265377221	0	37761	0	97797704003	64818308	220449769	1995386	67	2662	1	21
1677878529	709	1917509	1921784	0	3515268	92556371363	0	37777	0	98106317346	65022947	221198091	2001936	67	2671	1	21
1677878531	711	1911825	1916100	0	3537432	92794498397	0	37777	0	98358850330	65190298	221792504	2007409	68	2680	1	21
1677878533	713	1853441	1857716	0	3450900	92912660129	0	37777	0	98484183690	65273536	222144609	2010347	68	2684	1	21
1677878535	715	1904617	1908892	0	3581648	93031074582	0	37777	0	98609749321	65356656	222392373	2012747	68	2688	1	21
1677878537	717	1903789	1908064	0	3546612	93228324710	0	37777	0	98818938763	65495341	222847416	2016677	68	2693	1	21
1677878539	719	1853641	1857916	0	3450900	93490832401	0	37777	0	99097355668	65680064	223548671	2022754	68	2703	1	21
1677878541	721	1907321	1911596	0	3611636	93770310837	0	37777	0	99393783725	65876545	224195442	2028468	68	2711	1	21
1677878543	723	1854053	1858328	0	3480508	94005589316	0	37777	0	99643560251	66042231	224821911	2033849	68	2720	1	21
1677878545	725	1871989	1876264	0	3548696	94355313208	0	37777	0	100014255293	66288045	225683123	2041497	69	2733	1	21
1677878547	727	1906105	1910380	0	3610408	94680962353	0	37777	0	100359519022	66516772	226454970	2048457	69	2743	1	21
1677878549	729	1907817	1912092	0	3582884	94805740653	0	37777	0	100491843809	66604450	226749908	2051171	69	2747	1	21
1677878551	731	1918353	1922628	0	3549676	95041657775	0	37777	0	100742053681	66770425	227385305	2056638	69	2754	1	21
1677878553	733	1974269	1978544	0	3670520	95375791948	0	37777	0	101096406845	67005285	228183957	2063827	69	2767	1	21
1677878555	735	1998069	2002344	0	3676600	95749465798	0	37777	0	101492691306	67267939	229092480	2072056	70	2779	1	21
1677878557	737	1951121	1955396	0	3615576	95985910978	0	37777	0	101743447464	67434163	229681706	2077334	70	2789	1	21
1677878559	739	1986089	1990364	0	3662808	96117864372	0	37777	0	101883385168	67526907	230008645	2080329	70	2793	1	21
1677878561	741	1922069	1926344	0	3516436	96306928129	0	37793	0	102083912677	67659993	230550329	2084967	70	2801	1	21
1677878563	743	1992237	1996512	0	3716320	96431759846	0	37793	0	102216287205	67747651	230794165	2087145	70	2806	1	21
1677878565	745	1976209	1980484	0	3667640	96738532932	0	37793	0	102541626204	67963305	231506568	2093477	70	2815	1	21
1677878567	747	1988561	1992836	0	3668792	97011445066	0	37793	0	102831066312	68155263	232219730	2099721	71	2827	1	21
1677878569	749	1999949	2004224	0	3648748	97321280432	0	37793	0	103159660292	68373134	233004126	2106667	71	2838	1	21
1677878571	751	1966649	1970924	0	3615408	97552208729	0	37793	0	103404569687	68535520	233592812	2111883	71	2847	1	21
1677878573	753	1989225	1993500	0	3667380	97810129922	0	37793	0	103678105057	68716879	234233367	2117576	71	2856	1	21
1677878575	755	1989737	1994012	0	3643488	98118425200	0	37793	0	104005054203	68933570	235002094	2124610	71	2866	1	21
1677878577	757	1998741	2003016	0	3676896	98445253441	0	37809	0	104351669956	69163395	235845508	2132100	72	2877	1	21
1677878579	759	1998637	2002912	0	3676792	98587020842	0	37809	0	104502032696	69263193	236240906	2135421	72	2885	1	21
1677878581	761	1966837	1971112	0	3615572	98848159615	0	37809	0	104779007547	69446880	236927615	2141523	72	2894	1	21
1677878583	763	1996933	2001208	0	3675088	99179872283	0	37809	0	105130765250	69679960	237670206	2148244	72	2906	1	21
1677878585	765	1990229	1994504	0	3639092	99300260895	0	37809	0	105258432327	69764538	237941963	2150743	72	2912	1	21
1677878587	767	1966721	1970996	0	3615460	99481800939	0	37809	0	105450983992	69892361	238467615	2155174	72	2918	1	21
1677878589	769	1962661	1966936	0	3677116	99750348628	0	37825	0	105735773425	70081065	239062454	2160494	73	2925	1	21
1677878591	771	2012157	2016432	0	3737672	100015616709	0	37825	0	106017097121	70267557	239712131	2166300	73	2936	1	21
1677878593	773	2017601	2021876	0	3741232	100158802213	0	37825	0	106168958034	70368294	240096422	2169597	73	2944	1	21
1677878595	775	2017601	2021876	0	3741232	100158802213	0	37825	0	106168958184	70368296	240100116	2169603	73	2944	1	21
1677878597	777	2013361	2017636	0	3735712	100363988982	0	37825	0	106386572843	70512620	240631523	2174243	73	2951	1	21
1677878599	779	1995165	1999440	0	3735712	100649857722	0	37825	0	106689876003	70713694	241320789	2180426	73	2958	1	21
1677878601	781	2030169	2034444	0	3808832	100937586998	0	37825	0	106994904138	70916008	242078520	2186989	74	2971	1	21
1677878603	783	2012841	2017116	0	3734080	101247224692	0	37825	0	107323275022	71133639	242763106	2192981	74	2982	1	21
1677878605	785	2030413	2034688	0	3809172	101569198588	0	37825	0	107664731808	71359957	243533494	2199920	74	2993	1	21
1677878607	787	2026329	2030604	0	3799780	101764242560	0	37825	0	107871589242	71497143	244047614	2204375	74	3002	1	21
1677878609	789	2030337	2034612	0	3805128	101947643172	0	37825	0	108066083907	71626029	244454006	2208030	74	3009	1	21
1677878611	791	2012633	2016908	0	3771948	102195991759	0	37825	0	108329670377	71800776	245074536	2213558	75	3016	1	21
1677878613	793	2072113	2076388	0	3869148	102516992765	0	37825	0	108669889959	72026258	245859470	2220739	75	3029	1	21
1677878615	795	2071629	2075904	0	3807048	102649359841	0	37825	0	108810271688	72119347	246159011	2223269	75	3037	1	21
1677878617	797	2055337	2059612	0	3808440	102997707655	0	37825	0	109179691789	72364141	246959576	2230509	75	3049	1	21
1677878619	799	2053529	2057804	0	3743156	103332885372	0	37825	0	109535518026	72600029	247771924	2237701	75	3062	1	21
1677878621	801	2044193	2048468	0	3733816	103552076406	0	37825	0	109767609071	72753830	248301807	2242488	76	3072	1	21
1677878623	803	2003413	2007688	0	3647508	103766270490	0	37825	0	109994784026	72904546	248840512	2246995	76	3081	1	21
1677878625	805	2003413	2007688	0	3647508	103772879309	0	37825	0	110001791895	72909186	248858147	2247173	76	3082	1	21
1677878627	807	2025333	2029608	0	3689772	104021424655	0	37825	0	110265362045	73083763	249429353	2252482	76	3089	1	21
1677878629	809	2018361	2022636	0	3680652	104285926804	0	37825	0	110545881677	73269782	250123226	2258592	76	3103	1	21
1677878631	811	2046061	2050336	0	3799724	104622973527	0	37825	0	110903316522	73506620	250878719	2265420	76	3118	1	21
1677878633	813	2051801	2056076	0	3712172	104942317639	0	37825	0	111241972343	73730981	251533627	2271290	77	3130	1	21
1677878635	815	2009705	2013980	0	3713044	105246884265	0	37825	0	111564967222	73945040	252276269	2278019	77	3142	1	21
1677878637	817	2041929	2046204	0	3733644	105470193422	0	37825	0	111801785335	74101980	252774782	2282430	77	3154	1	21
1677878639	819	2055897	2060172	0	3744172	105638685806	0	37841	0	111980478736	74220447	253233174	2286615	77	3162	1	21
1677878641	821	2023073	2027348	0	3706412	105850333867	0	37841	0	112204927542	74369158	253705388	2290980	77	3169	1	21
1677878643	823	2071609	2075884	0	3844040	106285947085	0	37841	0	112666882698	74675191	254680883	2299929	78	3188	1	21
1677878645	825	2062385	2066660	0	3727884	106665445624	0	37841	0	113069407910	74941991	255613674	2308370	78	3205	1	21
1677878647	827	2061553	2065828	0	3713548	106847181632	0	37841	0	113262061692	75069527	255989986	2311940	78	3214	1	21
1677878649	829	2011785	2016060	0	3647508	107110603353	0	37841	0	113541421977	75254671	256625675	2317684	78	3223	1	21
1677878651	831	2034301	2038576	0	3771948	107528676839	0	37841	0	113984780980	75548415	257590184	2326543	78	3240	1	21
1677878653	833	2064429	2068704	0	3743040	107745256492	0	37841	0	114214481041	75700774	258184279	2331692	78	3253	1	21
1677878655	835	2041905	2046180	0	3792384	107979970420	0	37841	0	114463374987	75865548	258686401	2336536	79	3261	1	21
1677878657	837	2054397	2058672	0	3771948	108071583757	0	37841	0	114560531208	75929930	258906655	2338557	79	3267	1	21
1677878659	839	2033437	2037712	0	3746584	108385657507	0	37841	0	114893736953	76150703	259624490	2345091	79	3277	1	21
1677878661	841	2029449	2033724	0	3706412	108730848220	0	37841	0	115259840782	76393313	260418128	2352254	79	3292	1	21
1677878663	843	2021225	2025500	0	3677116	109093752988	0	37841	0	115644539098	76648279	261250125	2359628	79	3307	1	21
1677878665	845	2058681	2062956	0	3776012	109305638798	0	37841	0	115869243210	76797176	261730390	2363962	80	3321	1	21
1677878667	847	2067533	2071808	0	3807720	109526550999	0	37841	0	116103519051	76952417	262226427	2368422	80	3328	1	21
1677878669	849	2063049	2067324	0	3866492	109884214335	0	37841	0	116482817547	77203747	263029183	2375665	80	3343	1	21
1677878671	851	2046205	2050480	0	3718204	109990010028	0	37841	0	116595021472	77278165	263308226	2378082	80	3350	1	21
1677878673	853	2056401	2060676	0	3737484	110368948574	0	37841	0	116996880081	77544428	264176696	2385994	80	3364	1	21
1677878675	855	2054085	2058360	0	3737220	110639760113	0	37841	0	117284075134	77734740	264817000	2391838	80	3377	1	21
1677878677	857	2067909	2072184	0	3778744	110787463479	0	37841	0	117440708119	77838493	265124423	2394638	81	3383	1	21
1677878679	859	2051301	2055576	0	3797948	110998306967	0	37857	0	117664310754	77986697	265615391	2398980	81	3393	1	21
1677878681	861	2059105	2063380	0	3740192	111383362097	0	37857	0	118072654671	78257244	266474118	2406826	81	3408	1	21
1677878683	863	2029121	2033396	0	3680784	111557187811	0	37873	0	118257011544	78379518	266928802	2410819	81	3417	1	21
1677878685	865	2050957	2055232	0	3732040	111913095922	0	37873	0	118634434864	78629512	267702298	2417933	81	3430	1	21
1677878687	867	2017129	2021404	0	3677116	112174156971	0	37873	0	118911311087	78813165	268420669	2424229	82	3443	1	21
1677878689	869	2059909	2064184	0	3738948	112558151074	0	37873	0	119318527667	79082950	269304037	2432324	82	3460	1	21
1677878691	871	2048869	2053144	0	3734052	112959321931	0	37873	0	119743962849	79364827	270187344	2440335	82	3476	1	21
1677878693	873	2059981	2064256	0	3804268	113239536883	0	37873	0	120041123004	79561684	270823501	2446220	82	3489	1	21
1677878695	875	2057681	2061956	0	3800276	113385809734	0	37873	0	120196242741	79664470	271149287	2449148	82	3493	1	21
1677878697	877	2063833	2068108	0	3777124	113568001220	0	37873	0	120389457258	79792501	271554788	2452834	83	3504	1	21
1677878699	879	2084225	2088500	0	3807316	113766352318	0	37873	0	120599813041	79931949	272061598	2457312	83	3514	1	21
1677878701	881	2097477	2101752	0	3871796	114036202962	0	37873	0	120885987295	80121582	272682295	2462885	83	3524	1	21
1677878703	883	2021521	2025796	0	3680092	114415112408	0	37873	0	121288015890	80387964	273523448	2470591	83	3540	1	21
1677878705	885	2068369	2072644	0	3805136	114636653054	0	37873	0	121522737988	80543336	273983514	2475006	83	3549	1	21
1677878707	887	1974981	1979256	0	3611268	114846734062	0	37889	0	121745545793	80691121	274540779	2479772	84	3562	1	21
1677878709	889	2046633	2050908	0	3712488	115167255456	0	37905	0	122085437025	80916183	275181228	2485756	84	3577	1	21
1677878711	891	2035789	2040064	0	3706412	115505730691	0	37921	0	122444381043	81153981	275933837	2492643	84	3592	1	21
1677878713	893	2048825	2053100	0	3771948	115879423551	0	37921	0	122840680213	81416585	276828753	2500845	84	3609	1	21
1677878715	895	2074897	2079172	0	3804412	116046846433	0	37921	0	123018235579	81534269	277227575	2504396	84	3618	1	21
1677878717	897	2078641	2082916	0	3834944	116413259783	0	37921	0	123406805494	81791687	278097938	2512404	85	3633	1	21
1677878719	899	2046585	2050860	0	3742652	116695480696	0	37937	0	123706099279	81990016	278768354	2518505	85	3643	1	21
1677878721	901	2084021	2088296	0	3778040	116773722030	0	37937	0	123789090854	82045143	279010327	2520544	85	3649	1	21
1677878723	903	2078097	2082372	0	3807556	117099545329	0	37937	0	124134778866	82274090	279717128	2527158	85	3662	1	21
1677878725	905	2077137	2081412	0	3855704	117265527960	0	37937	0	124310630226	82390579	280080244	2530518	85	3670	1	21
1677878727	907	2088697	2092972	0	3778548	117415318844	0	37937	0	124469476622	82495790	280396923	2533430	85	3673	1	21
1677878729	909	2088697	2092972	0	3778548	117416386432	0	37937	0	124470617216	82496606	280424604	2533588	85	3678	1	21
1677878731	911	2084005	2088280	0	3802960	117624165847	0	37937	0	124690975881	82642716	280947809	2538171	86	3686	1	21
1677878733	913	2090429	2094704	0	3807324	117985370778	0	37937	0	125074022495	82896466	281787096	2546034	86	3701	1	21
1677878735	915	2096513	2100788	0	3847068	118326879771	0	37937	0	125436172436	83136298	282515596	2552878	86	3713	1	21
1677878737	917	2096517	2100792	0	3872836	118347780798	0	37937	0	125458349114	83151083	282603869	2553519	86	3718	1	21
1677878739	919	2092473	2096748	0	3807300	118374148643	0	37937	0	125486317168	83169636	282672296	2554159	86	3718	1	21
1677878741	921	2086281	2090556	0	3805072	118724535412	0	37937	0	125857888901	83415771	283481022	2561661	86	3733	1	21
1677878743	923	2059337	2063612	0	3746660	119014316867	0	37937	0	126165233672	83619521	284186581	2568001	87	3744	1	21
1677878745	925	2091529	2095804	0	3808272	119342641955	0	37937	0	126513390902	83850168	284953143	2575025	87	3759	1	21
1677878747	927	2086913	2091188	0	3791240	119751761023	0	37937	0	126947250545	84137588	285911037	2583941	87	3776	1	21
1677878749	929	2099029	2103304	0	3744204	120078020517	0	37937	0	127293243802	84366845	286654810	2590704	87	3788	1	21
1677878751	931	2063721	2067996	0	3734548	120180390931	0	37937	0	127401815035	84438855	286914881	2592919	87	3793	1	21
1677878753	933	2084429	2088704	0	3833228	120557275722	0	37937	0	127801483161	84703563	287737480	2600628	88	3810	1	21
1677878755	935	2084205	2088480	0	3781908	120716973923	0	37937	0	127970840328	84815772	288078340	2603708	88	3818	1	21
1677878757	937	2083857	2088132	0	3838204	120880611880	0	37937	0	128144372189	84930721	288436769	2607013	88	3824	1	21
1677878759	939	2087789	2092064	0	3848432	121118774741	0	37937	0	128397036777	85098300	289050912	2612345	88	3838	1	21
1677878761	941	2032045	2036320	0	3706412	121374331896	0	37937	0	128667972141	85277694	289592745	2617466	88	3847	1	21
1677878763	943	2080481	2084756	0	3899832	121663213350	0	37937	0	128974309841	85480618	290241807	2623504	88	3862	1	21
1677878765	945	2130277	2134552	0	3815088	121980652263	0	37969	0	129310954024	85703714	291013325	2630533	89	3875	1	21
1677878767	947	2141493	2145768	0	3864464	122360308718	0	37969	0	129713567071	85970421	291866215	2638445	89	3891	1	21
1677878769	949	2147017	2151292	0	3918456	122675275935	0	37969	0	130047589475	86191769	292584364	2644930	89	3904	1	21
1677878771	951	2106433	2110708	0	3838816	123020395147	0	37969	0	130413716643	86434339	293354526	2651942	89	3918	1	21
1677878773	953	2119305	2123580	0	3846776	123298631455	0	37969	0	130708649591	86629769	294007272	2657826	89	3934	1	21
1677878775	955	2119117	2123392	0	3866784	123478040475	0	37969	0	130898914073	86755870	294399142	2661227	90	3943	1	21
1677878777	957	2046933	2051208	0	3713044	123655036391	0	37969	0	131086628811	86880342	294818078	2664889	90	3951	1	21
1677878779	959	2118233	2122508	0	3873652	124048568789	0	37969	0	131503942657	87156679	295637115	2672530	90	3965	1	21
1677878781	961	2103469	2107744	0	3837896	124317027751	0	37969	0	131788643783	87345346	296245596	2677997	90	3980	1	21
1677878783	963	2134429	2138704	0	3857132	124749342192	0	37985	0	132247100651	87649064	297228276	2687043	90	3997	1	21
1677878785	965	2137561	2141836	0	3905616	125168994178	0	37985	0	132692130172	87943888	298220096	2696301	91	4016	1	21
1677878787	967	2130505	2134780	0	3901652	125382072878	0	37985	0	132918100986	88093644	298701190	2700597	91	4027	1	21
1677878789	969	2129833	2134108	0	3867468	125563940556	0	37985	0	133110975652	88221487	299146697	2704568	91	4036	1	21
1677878791	971	2137325	2141600	0	3872840	125759273455	0	37985	0	133318127405	88358780	299636304	2708992	91	4044	1	21
1677878793	973	2141321	2145596	0	3874420	126193994288	0	37985	0	133779131352	88664140	300576488	2717688	91	4062	1	21
1677878795	975	2100121	2104396	0	3801016	126444955302	0	37985	0	134045275393	88840501	301167450	2723056	92	4076	1	21
1677878797	977	2070929	2075204	0	3808188	126678232119	0	38001	0	134292653495	89004347	301671985	2727732	92	4085	1	21
1677878799	979	2131925	2136200	0	3871172	126900883233	0	38001	0	134528785684	89160901	302215690	2732508	92	4097	1	21
1677878801	981	2120765	2125040	0	3862680	127244403276	0	38001	0	134893063755	89402114	302906054	2738946	92	4110	1	21
1677878803	983	2125177	2129452	0	3864256	127538863868	0	38001	0	135205336577	89609026	303574328	2744981	92	4125	1	21
1677878805	985	2134721	2138996	0	3840416	127833568050	0	38001	0	135517863368	89816064	304206897	2750717	93	4136	1	21
1677878807	987	2118461	2122736	0	3837484	128170362663	0	38001	0	135875383883	90053067	305040861	2758124	93	4153	1	21
1677878809	989	2125489	2129764	0	3862448	128416071951	0	38001	0	136135609223	90225441	305578478	2763104	93	4165	1	21
1677878811	991	2133381	2137656	0	3868304	128625791683	0	38001	0	136358078371	90372724	305997376	2767070	93	4172	1	21
1677878813	993	2138005	2142280	0	3870880	128961427561	0	38017	0	136713931700	90608464	306778413	2774341	93	4189	1	21
1677878815	995	2137789	2142064	0	3870792	129345818889	0	38017	0	137121569535	90878526	307654854	2782382	94	4206	1	21
1677878817	997	2110409	2114684	0	3811944	129653800582	0	38017	0	137448189946	91095014	308417393	2789221	94	4219	1	21
1677878819	999	2135601	2139876	0	3854080	130086753325	0	38017	0	137907320868	91399164	309436666	2798694	94	4237	1	21
1677878821	1001	2129453	2133728	0	3863680	130320807009	0	38017	0	138155534137	91563629	309986515	2803723	94	4250	1	21
1677878823	1003	2098329	2102604	0	3808188	130388413598	0	38017	0	138227232283	91611172	310155853	2805256	94	4250	1	21
1677878825	1005	2141925	2146200	0	3872880	130704209729	0	38017	0	138562124838	91833009	310876274	2811941	94	4266	1	21
1677878827	1007	2093509	2097784	0	3837484	130994663428	0	38017	0	138870682638	92037540	311573525	2818263	95	4278	1	21
1677878829	1009	2093189	2097464	0	3778580	131369061144	0	38017	0	139267197025	92300234	312468571	2826428	95	4296	1	21
1677878831	1011	2154181	2158456	0	3843280	131649778658	0	38017	0	139564879566	92497354	313075326	2832181	95	4309	1	21
1677878833	1013	2154185	2158460	0	3872576	131650753279	0	38017	0	139565924931	92498133	313109585	2832386	95	4309	1	21
1677878835	1015	2153981	2158256	0	3872496	131877446075	0	38017	0	139806314932	92657308	313596026	2837014	95	4317	1	21
1677878837	1017	2093189	2097464	0	3778580	132095619703	0	38017	0	140037707771	92810801	314175251	2842036	95	4329	1	21
1677878839	1019	2137641	2141916	0	3846236	132246259020	0	38017	0	140197438195	92916481	314434620	2844600	95	4335	1	21
1677878841	1021	2143225	2147500	0	3874188	132427239233	0	38017	0	140389395807	93043787	314882865	2848384	95	4343	1	21
1677878843	1023	2137649	2141924	0	3868476	132782520071	0	38017	0	140766152039	93293436	315709462	2855855	96	4357	1	21
1677878845	1025	2094901	2099176	0	3866784	133040085990	0	38017	0	141039309905	93474531	316352065	2861537	96	4367	1	21
1677878847	1027	2133049	2137324	0	3837484	133221540388	0	38017	0	141231736426	93601990	316757072	2865338	96	4374	1	21
1677878849	1029	2143797	2148072	0	3873656	133478189686	0	38017	0	141503913290	93782372	317379783	2871001	96	4388	1	21
1677878851	1031	2143797	2148072	0	3873656	133480241323	0	38017	0	141506106258	93783955	317434493	2871329	96	4388	1	21
1677878853	1033	2143349	2147624	0	3874304	133843396644	0	38017	0	141891219348	94039073	318235915	2878653	96	4402	1	21
1677878855	1035	2110229	2114504	0	3811760	134111117395	0	38017	0	142175151212	94227352	318970472	2885235	97	4415	1	21
1677878857	1037	2100385	2104660	0	3837484	134474546394	0	38017	0	142560549033	94482603	319757887	2892629	97	4427	1	21
1677878859	1039	2141745	2146020	0	3872608	134787269164	0	38017	0	142892181706	94702295	320487199	2899440	97	4442	1	21
1677878861	1041	2093193	2097468	0	3778580	135020456704	0	38017	0	143139491654	94866290	321079771	2904686	97	4453	1	21
1677878863	1043	2093597	2097872	0	3808188	135414009843	0	38017	0	143556844214	95142795	321981828	2912962	98	4469	1	21
1677878865	1045	2139173	2143448	0	3870124	135775813282	0	38017	0	143940530581	95397013	322839260	2920882	98	4483	1	21
1677878867	1047	2093193	2097468	0	3778580	135964838760	0	38017	0	144141014779	95530047	323347216	2925169	98	4492	1	21
1677878869	1049	2144101	2148376	0	3875056	136311668410	0	38017	0	144508800370	95773567	324051447	2931792	98	4505	1	21
1677878871	1051	2095261	2099536	0	3778580	136528166224	0	38017	0	144738403016	95925774	324562757	2936296	98	4517	1	21
1677878873	1053	2109689	2113964	0	3811200	136733851580	0	38017	0	144956550603	96070490	325101026	2940852	99	4526	1	21
1677878875	1055	2109689	2113964	0	3811200	136733851580	0	38017	0	144956550753	96070492	325102164	2940860	99	4526	1	21
1677878877	1057	2136981	2141256	0	3863820	137058562090	0	38017	0	145300885844	96298515	325784376	2947302	99	4536	1	21
1677878879	1059	2139725	2144000	0	3870488	137444190580	0	38017	0	145709841343	96569516	326702699	2955652	99	4552	1	21
1677878881	1061	2114537	2118812	0	3810584	137668209159	0	38017	0	145947437041	96727152	327310994	2960869	99	4564	1	21
1677878883	1063	2139725	2144000	0	3835900	137793076803	0	38017	0	146079835553	96814699	327504882	2962920	99	4569	1	21
1677878885	1065	2099069	2103344	0	3808188	137864432441	0	38017	0	146155847296	96865195	327714309	2964650	99	4571	1	21
1677878887	1067	2147233	2151508	0	3870976	138224923620	0	38017	0	146538014072	97118376	328553352	2972381	100	4586	1	21
1677878889	1069	2098677	2102952	0	3778580	138457872019	0	38017	0	146784873246	97282103	329146009	2977508	100	4597	1	21
1677878891	1071	2134937	2139212	0	3844512	138856729168	0	38017	0	147207850068	97562321	330059282	2985927	100	4613	1	21
1677878893	1073	2116009	2120284	0	3812056	139151442347	0	38017	0	147520401412	97769513	330769181	2992232	100	4626	1	21
1677878895	1075	2113721	2117996	0	3811820	139526240138	0	38017	0	147917855279	98032757	331563105	2999679	100	4638	1	21
1677878897	1077	2107913	2112188	0	3808188	139913729664	0	38017	0	148328781577	98305020	332450287	3007768	101	4654	1	21
1677878899	1079	2139037	2143312	0	3864664	140220564623	0	38017	0	148654185440	98520701	333221199	3014744	101	4670	1	21
1677878901	1081	2137813	2142088	0	3836040	140532629501	0	38017	0	148985123615	98739954	333903244	3020933	101	4685	1	21
1677878903	1083	2134941	2139216	0	3850284	140904358231	0	38017	0	149379328000	99001079	334685609	3028099	101	4698	1	21
1677878905	1085	2137189	2141464	0	3866784	141161546168	0	38017	0	149652080094	99181865	335284143	3033411	101	4712	1	21
1677878907	1087	2155629	2159904	0	3865500	141387706940	0	38017	0	149891920620	99340779	335795714	3038062	102	4722	1	21
1677878909	1089	2155629	2159904	0	3865500	141388158914	0	38017	0	149892405944	99341145	335815240	3038167	102	4722	1	21
1677878911	1091	2139497	2143772	0	3835668	141729712276	0	38017	0	150254607554	99581048	336510294	3044506	102	4735	1	21
1677878913	1093	2149549	2153824	0	3875012	141939990168	0	38017	0	150477617642	99728916	337039242	3049176	102	4747	1	21
1677878915	1095	2116921	2121196	0	3815140	142293524207	0	38017	0	150852516336	99977169	337809349	3056480	102	4759	1	21
1677878917	1097	2147229	2151504	0	3843324	142445199345	0	38017	0	151013364680	100083735	338157743	3059696	102	4767	1	21
1677878919	1099	2139505	2143780	0	3864964	142622075824	0	38017	0	151200943181	100208054	338584523	3063562	102	4775	1	21
1677878921	1101	2135449	2139724	0	3865008	142828347905	0	38017	0	151419699669	100353052	339084326	3067994	103	4788	1	21
1677878923	1103	2142345	2146620	0	3869852	143154122490	0	38017	0	151765167076	100581862	339774612	3074348	103	4801	1	21
1677878925	1105	2113073	2117348	0	3811160	143158790761	0	38017	0	151770139512	100585313	339843906	3074776	103	4803	1	21
1677878927	1107	2130849	2135124	0	3856824	143495050404	0	38017	0	152126717067	100821414	340515919	3080998	103	4814	1	21
1677878929	1109	2136997	2141272	0	3864660	143547319723	0	38017	0	152182163735	100858259	340684377	3082359	103	4821	1	21
1677878931	1111	2147353	2151628	0	3872816	143715009596	0	38017	0	152359985923	100976005	340994590	3085209	103	4827	1	21
1677878933	1113	2115969	2120244	0	3811988	143760792516	0	38017	0	152408774782	101008492	341189211	3086756	103	4830	1	21
1677878935	1115	2115449	2119724	0	3815692	144198139125	0	38017	0	152872342219	101315516	342171406	3095990	104	4847	1	21
1677878937	1117	2139885	2144160	0	3865328	144625488281	0	38017	0	153325538399	101615778	343226208	3105821	104	4865	1	21
1677878939	1119	2143157	2147432	0	3866492	144731937738	0	38017	0	153438427521	101690583	343474510	3108060	104	4873	1	21
1677878941	1121	2098705	2102980	0	3778580	144954941287	0	38017	0	153674928242	101847349	344021099	3112948	104	4882	1	21
1677878943	1123	2149841	2154116	0	3875280	145323016101	0	38017	0	154065333697	102105901	344777773	3119947	104	4899	1	21
1677878945	1125	2143153	2147428	0	3868592	145708143501	0	38017	0	154473665786	102376398	345605012	3127522	105	4914	1	21
1677878947	1127	2115957	2120232	0	3811980	145967457760	0	38017	0	154748677303	102558715	346227270	3132928	105	4927	1	21
1677878949	1129	2130873	2135148	0	3837484	146347248146	0	38017	0	155151431967	102825508	347084794	3140887	105	4944	1	21
1677878951	1131	2141117	2145392	0	3854844	146614588836	0	38033	0	155435272124	103013575	347674477	3146366	105	4954	1	21
1677878953	1133	2149473	2153748	0	3872824	146683948353	0	38033	0	155508500327	103062114	347873480	3148040	105	4962	1	21
1677878955	1135	2114993	2119268	0	3810848	146982963175	0	38033	0	155825586380	103272092	348499722	3153986	105	4971	1	21
1677878957	1137	2139065	2143340	0	3837484	147333660952	0	38033	0	156197607092	103518579	349282419	3161116	106	4988	1	21
1677878959	1139	2151349	2155624	0	3874424	147706424096	0	38033	0	156592794600	103780329	350144693	3169174	106	5005	1	21
1677878961	1141	2137061	2141336	0	3864740	148111182828	0	38033	0	157022026901	104064650	351033262	3177379	106	5024	1	21
1677878963	1143	2151857	2156132	0	3873200	148498766174	0	38049	0	157433040856	104336877	351880103	3185234	106	5041	1	21
1677878965	1145	2102801	2107076	0	3778580	148755152649	0	38049	0	157704936382	104517034	352457057	3190438	107	5058	1	21
1677878967	1147	2152065	2156340	0	3844120	149000045831	0	38049	0	157964636213	104689048	352987855	3195373	107	5070	1	21
1677878969	1149	2134969	2139244	0	3837484	149311197053	0	38049	0	158294596408	104907589	353630431	3201241	107	5081	1	21
1677878971	1151	2146665	2150940	0	3867824	149597698925	0	38049	0	158598416089	105108795	354234091	3206852	107	5099	1	21
1677878973	1153	2148289	2152564	0	3867824	149599603667	0	38049	0	158600448553	105110240	354284437	3207118	107	5099	1	21
1677878975	1155	2145209	2149484	0	3864932	149991138168	0	38049	0	159015642683	105385159	355058580	3214416	107	5114	1	21
1677878977	1157	2102801	2107076	0	3778580	150253752280	0	38049	0	159294143855	105569698	355688104	3220164	108	5129	1	21
1677878979	1159	2150789	2155064	0	3872132	150606404887	0	38049	0	159668234684	105817547	356474614	3227402	108	5147	1	21
1677878981	1161	2148373	2152648	0	3869716	150983035772	0	38049	0	160067515593	106081917	357255755	3234748	108	5165	1	21
1677878983	1163	2141113	2145388	0	3865136	151403399116	0	38049	0	160513410383	106377240	358201599	3243733	108	5184	1	21
1677878985	1165	2141801	2146076	0	3835904	151785367537	0	38049	0	160918339215	106645337	359008768	3251334	109	5203	1	21
1677878987	1167	2139061	2143336	0	3837484	152167989020	0	38049	0	161324092898	106914088	359840302	3259041	109	5219	1	21
1677878989	1169	2149025	2153300	0	3868320	152414371923	0	38049	0	161585369768	107087129	360379221	3264059	109	5236	1	21
1677878991	1171	2148493	2152768	0	3869836	152757407781	0	38049	0	161949143373	107328065	361094664	3270644	109	5249	1	21
1677878993	1173	2104849	2109124	0	3778580	153107808594	0	38049	0	162320728378	107574178	361866908	3277803	109	5268	1	21
1677878995	1175	2154437	2158712	0	3873732	153434717545	0	38049	0	162667395422	107803743	362569989	3284452	110	5285	1	21
1677878997	1177	2152249	2156524	0	3866784	153802602675	0	38049	0	163057514087	108062076	363327150	3291479	110	5303	1	21
1677878999	1179	2116813	2121088	0	3808188	154027861507	0	38049	0	163296405604	108220412	363823212	3295824	110	5317	1	21
1677879001	1181	2113721	2117996	0	3778580	154192354432	0	38049	0	163470831066	108335844	364126618	3298771	110	5327	1	21
1677879003	1183	2148641	2152916	0	3810844	154577131268	0	38049	0	163878853312	108605963	364898713	3306144	110	5344	1	21
1677879005	1185	2115281	2119556	0	3829424	154957252326	0	38049	0	164281943806	108872849	365672969	3313429	111	5364	1	21
1677879007	1187	2107725	2112000	0	3703408	155361628825	0	38049	0	164710753346	109156745	366543630	3321759	111	5384	1	21
1677879009	1189	2076605	2080880	0	3742652	155739444005	0	38049	0	165111556821	109422162	367358255	3329457	111	5406	1	21
1677879011	1191	2097541	2101816	0	3881612	156114033328	0	38049	0	165508624915	109685032	368139415	3336899	111	5426	1	21
1677879013	1193	2090485	2094760	0	3679688	156520034218	0	38049	0	165939158158	109970084	368966065	3344689	111	5448	1	21
1677879015	1195	2131413	2135688	0	3777724	156984802721	0	38049	0	166432000286	110296307	369928052	3354032	112	5472	1	21
1677879017	1197	2136905	2141180	0	3844780	157247600772	0	38049	0	166710675505	110480794	370465239	3359145	112	5488	1	21
1677879019	1199	2141501	2145776	0	3941304	157605422352	0	38049	0	167090118180	110732017	371195940	3366054	112	5505	1	21
1677879021	1201	2136625	2140900	0	3910648	157881504079	0	38049	0	167382892261	110925934	371800584	3371620	112	5524	1	21
1677879023	1203	2136241	2140516	0	3845808	158036025485	0	38049	0	167546751286	111034433	372150278	3374924	112	5532	1	21
1677879025	1205	2115273	2119548	0	3706652	158395696762	0	38049	0	167928147551	111286888	372852799	3381698	113	5546	1	21
1677879027	1207	2121337	2125612	0	3801484	158418208850	0	38049	0	167952024648	111302715	372904758	3382203	113	5553	1	21
1677879029	1209	2139673	2143948	0	3845232	158601324143	0	38049	0	168146198394	111431242	373234609	3385276	113	5562	1	21
1677879031	1211	2135381	2139656	0	3845368	158952737488	0	38049	0	168518843133	111677948	373926001	3391794	113	5579	1	21
1677879033	1213	2117525	2121800	0	3704808	159125748441	0	38049	0	168702316064	111799471	374290561	3395198	113	5592	1	21
1677879035	1215	2127617	2131892	0	3714900	159490874428	0	38049	0	169089492655	112055736	375006473	3402055	113	5609	1	21
1677879037	1217	2124217	2128492	0	3799748	159881077383	0	38049	0	169503272613	112329686	375789412	3409434	114	5631	1	21
1677879039	1219	2092069	2096344	0	3742652	160288817292	0	38049	0	169935847850	112616073	376644956	3417613	114	5653	1	21
1677879041	1221	2143929	2148204	0	3816748	160645092247	0	38049	0	170313445996	112866035	377350968	3424343	114	5670	1	21
1677879043	1223	2126153	2130428	0	3801724	160860262238	0	38049	0	170541720949	113017268	377835436	3428760	114	5687	1	21
1677879045	1225	2114905	2119180	0	3705660	161242439589	0	38049	0	170946887096	113285418	378547560	3435587	114	5706	1	21
1677879047	1227	2128153	2132428	0	3714812	161487028783	0	38049	0	171206269203	113457259	379119265	3440839	115	5720	1	21
1677879049	1229	2114133	2118408	0	3704888	161841867180	0	38049	0	171582661329	113706363	379740601	3446900	115	5738	1	21
1677879051	1231	2126553	2130828	0	3866948	162245843815	0	38049	0	172010918832	113989874	380621316	3455328	115	5760	1	21
1677879053	1233	2133817	2138092	0	3843212	162592978787	0	38049	0	172379024020	114233553	381310866	3461938	115	5780	1	21
1677879055	1235	2129193	2133468	0	3836168	162770771810	0	38049	0	172567566090	114358423	381681747	3465372	115	5791	1	21
1677879057	1237	2120001	2124276	0	3770024	162975249767	0	38049	0	172784392402	114501937	382084623	3469213	116	5802	1	21
1677879059	1239	2113781	2118056	0	3704488	162996889915	0	38049	0	172807359960	114517293	382188729	3469945	116	5803	1	21
1677879061	1241	2127053	2131328	0	3772668	163282958809	0	38049	0	173110694114	114717978	382706699	3475090	116	5815	1	21
1677879063	1243	2122813	2127088	0	3799740	163691278226	0	38049	0	173543818395	115004750	383544471	3482995	116	5837	1	21
1677879065	1245	2128777	2133052	0	3840112	163969548522	0	38049	0	173838783795	115200141	384184389	3488898	116	5854	1	21
1677879067	1247	2120425	2124700	0	3770240	164141223288	0	38049	0	174020825626	115320616	384505355	3492009	116	5865	1	21
1677879069	1249	2124049	2128324	0	3771948	164412497500	0	38049	0	174308486171	115511029	385043283	3497142	116	5876	1	21
1677879071	1251	2128957	2133232	0	3836004	164814124046	0	38049	0	174734464432	115792996	385855957	3505037	117	5899	1	21
1677879073	1253	2124645	2128920	0	3836004	165249031169	0	38049	0	175195586609	116098283	386752923	3513579	117	5921	1	21
1677879075	1255	2095321	2099596	0	3681176	165558305743	0	38049	0	175523534033	116315532	387444829	3519845	117	5939	1	21
1677879077	1257	2135505	2139780	0	3844468	165966945673	0	38049	0	175956846592	116602267	388232810	3527680	117	5960	1	21
1677879079	1259	2132969	2137244	0	3810404	166209950842	0	38049	0	176214529359	116772827	388716025	3532333	118	5976	1	21
1677879081	1261	2077797	2082072	0	3647508	166216688454	0	38049	0	176221812257	116777853	388812238	3532906	118	5976	1	21
1677879083	1263	2118537	2122812	0	3769992	166553790506	0	38049	0	176579145377	117014236	389359394	3538285	118	5990	1	21
1677879085	1265	2141101	2145376	0	3847840	166831144989	0	38049	0	176873262695	117208994	389958471	3543963	118	6008	1	21
1677879087	1267	2141101	2145376	0	3847840	166833049570	0	38049	0	176875293812	117210431	390009508	3544242	118	6010	1	21
1677879089	1269	2118253	2122528	0	3779332	167242065341	0	38065	0	177309008733	117497464	390786382	3551853	118	6029	1	21
1677879091	1271	2120269	2124544	0	3778668	167644461053	0	38065	0	177735721261	117780006	391623590	3559733	118	6048	1	21
1677879093	1273	2123385	2127660	0	3835984	168044430237	0	38065	0	178159858133	118060816	392477936	3567833	119	6068	1	21
1677879095	1275	2129777	2134052	0	3715764	168304524321	0	38065	0	178435942153	118243638	393019913	3572982	119	6085	1	21
1677879097	1277	2114817	2119092	0	3704900	168676850594	0	38065	0	178830493397	118504840	393778266	3580124	119	6107	1	21
1677879099	1279	2118793	2123068	0	3704780	169066048722	0	38065	0	179243205793	118778072	394548620	3587400	119	6127	1	21
1677879101	1281	2116401	2120676	0	3733728	169348720679	0	38065	0	179542987993	118976730	395248729	3593721	120	6144	1	21
1677879103	1283	2126529	2130804	0	3786700	169721159561	0	38065	0	179937904067	119238042	395931263	3600422	120	6163	1	21
1677879105	1285	2135617	2139892	0	3780676	170175271052	0	38065	0	180419444178	119556773	396820400	3608985	120	6185	1	21
1677879107	1287	2137661	2141936	0	3794520	170490514976	0	38065	0	180753743644	119778155	397484479	3615167	120	6204	1	21
1677879109	1289	2123745	2128020	0	3865168	170907900416	0	38065	0	181196344061	120071157	398359870	3623512	120	6226	1	21
1677879111	1291	2137697	2141972	0	3843348	171118890045	0	38065	0	181420077740	120219247	398784509	3627643	121	6239	1	21
1677879113	1293	2137697	2141972	0	3843348	171118890045	0	38065	0	181420078051	120219251	398785402	3627650	121	6239	1	21
1677879115	1295	2127085	2131360	0	3712440	171441107689	0	38065	0	181761767296	120445499	399455235	3633952	121	6251	1	21
1677879117	1297	2130729	2135004	0	3777684	171663590128	0	38065	0	181997700353	120601756	399908027	3638053	121	6268	1	21
1677879119	1299	2119061	2123336	0	3733708	172027048811	0	38065	0	182383112582	120856875	400621425	3644909	121	6286	1	21
1677879121	1301	2082681	2086956	0	3713044	172055138149	0	38065	0	182412910596	120876686	400712202	3645647	121	6290	1	21
1677879123	1303	2082681	2086956	0	3713044	172055932861	0	38065	0	182413756848	120877278	400732659	3645768	121	6290	1	21
1677879125	1305	2100817	2105092	0	3745296	172349168934	0	38065	0	182724697915	121083049	401273570	3651040	121	6303	1	21
1677879127	1307	2121321	2125596	0	3734056	172736836980	0	38065	0	183135791991	121355234	402121019	3659149	122	6325	1	21
1677879129	1309	2131433	2135708	0	3714872	173087248672	0	38065	0	183507381465	121601289	402851547	3665950	122	6346	1	21
1677879131	1311	2124873	2129148	0	3710360	173427612884	0	38065	0	183868302970	121840183	403484863	3671998	122	6359	1	21
1677879133	1313	2128549	2132824	0	3741280	173656669003	0	38065	0	184111213607	122001106	403948633	3676124	122	6378	1	21
1677879135	1315	2135729	2140004	0	3778328	173827750231	0	38065	0	184292652231	122121172	404274794	3679280	122	6389	1	21
1677879137	1317	2127873	2132148	0	3772564	174093534937	0	38065	0	184574490768	122307745	404843208	3684677	123	6399	1	21
1677879139	1319	2127361	2131636	0	3835988	174509820507	0	38065	0	185015923846	122599954	405707930	3692986	123	6423	1	21
1677879141	1321	2121477	2125752	0	3704916	174523185574	0	38065	0	185030103876	122609400	405762336	3693393	123	6426	1	21
1677879143	1323	2106369	2110644	0	3706412	174769886963	0	38065	0	185291715965	122782644	406281969	3698224	123	6438	1	21
1677879145	1325	2125333	2129608	0	3799240	175204811443	0	38065	0	185752914334	123087944	407199206	3707126	123	6459	1	21
1677879147	1327	2080345	2084620	0	3647508	175224494216	0	38065	0	185773796208	123101850	407277871	3707707	123	6464	1	21
1677879149	1329	2130945	2135220	0	3735560	175634882388	0	38081	0	186208970168	123389880	408083393	3715514	124	6480	1	21
1677879151	1331	2121461	2125736	0	3704900	176009304706	0	38081	0	186606012320	123652713	408807808	3722396	124	6501	1	21
1677879153	1333	2080657	2084932	0	3677116	176305627998	0	38081	0	186920254850	123860884	409491111	3728631	124	6520	1	21
1677879155	1335	2103081	2107356	0	3690616	176620369915	0	38081	0	187253997083	124081712	410056101	3734188	124	6531	1	21
1677879157	1337	2084321	2088596	0	3651612	176649205153	0	38081	0	187284590791	124102089	410178180	3735113	124	6540	1	21
1677879159	1339	2126501	2130776	0	3776052	176804757504	0	38081	0	187449527150	124211179	410444566	3737864	124	6546	1	21
1677879161	1341	2129225	2133500	0	3712664	177183159211	0	38081	0	187850791809	124476834	411188244	3744827	125	6563	1	21
1677879163	1343	2125097	2129372	0	3710584	177374385758	0	38081	0	188053574982	124611109	411565420	3748316	125	6579	1	21
1677879165	1345	2135105	2139380	0	3776308	177544487237	0	38081	0	188233953377	124730525	411894027	3751417	125	6584	1	21
1677879167	1347	2095325	2099600	0	3680680	177849463788	0	38081	0	188557367968	124944733	412547450	3757403	125	6603	1	21
1677879169	1349	2120701	2124976	0	3737408	178146618103	0	38081	0	188872472143	125153310	413132865	3763028	125	6622	1	21
1677879171	1351	2117225	2121500	0	3704760	178558523009	0	38081	0	189309259082	125442446	413999433	3771426	125	6640	1	21
1677879173	1353	2115849	2120124	0	3730636	178848383149	0	38097	0	189616638642	125645995	414652349	3777597	126	6658	1	21
1677879175	1355	2142901	2147176	0	3812856	179255876471	0	38097	0	190048754975	125932094	415526026	3785959	126	6681	1	21
1677879177	1357	2145245	2149520	0	3876824	179677832791	0	38113	0	190496201117	126228289	416390227	3794300	126	6703	1	21
1677879179	1359	2136757	2141032	0	3808012	180097823353	0	38113	0	190941565351	126523128	417276300	3802811	126	6724	1	21
1677879181	1361	2140877	2145152	0	3810004	180305912516	0	38113	0	191162235291	126669282	417757769	3807293	126	6739	1	21
1677879183	1363	2126421	2130696	0	3771948	180404134955	0	38113	0	191266392861	126738244	417964237	3809293	127	6745	1	21
1677879185	1365	2087753	2092028	0	3778580	180482827411	0	38113	0	191349842017	126793509	418143135	3811001	127	6749	1	21
1677879187	1367	2129085	2133360	0	3740744	180864181856	0	38113	0	191754229157	127061171	418890575	3818208	127	6766	1	21
1677879189	1369	2096413	2100688	0	3680700	181127309801	0	38113	0	192033256665	127245913	419451382	3823523	127	6780	1	21
1677879191	1371	2124729	2129004	0	3770504	181388753095	0	38113	0	192310505943	127429530	420061094	3829323	127	6796	1	21
1677879193	1373	2118441	2122716	0	3734204	181735562968	0	38113	0	192678265355	127672975	420741657	3835897	127	6811	1	21
1677879195	1375	2113345	2117620	0	3695716	182069000273	0	38113	0	193032010076	127907243	421496115	3842943	128	6829	1	21
1677879197	1377	2125729	2130004	0	3769564	182289616090	0	38113	0	193265794319	128061958	421923456	3846991	128	6843	1	21
1677879199	1379	2130825	2135100	0	3742488	182553178205	0	38113	0	193545423278	128247176	422503095	3852386	128	6856	1	21
1677879201	1381	2116905	2121180	0	3703372	182798883731	0	38113	0	193805834910	128419520	422961421	3856786	128	6867	1	21
1677879203	1383	2081413	2085688	0	3647508	182998867753	0	38113	0	194017923557	128560099	423442322	3860997	128	6885	1	21
1677879205	1385	2126705	2130980	0	3770460	183322213200	0	38113	0	194360790123	128786972	424055487	3867024	128	6904	1	21
1677879207	1387	2081413	2085688	0	3647508	183342676855	0	38113	0	194382509486	128801500	424158947	3867747	128	6905	1	21
1677879209	1389	2128021	2132296	0	3803108	183600747696	0	38113	0	194656152598	128982512	424605884	3872257	129	6920	1	21
1677879211	1391	2183649	2187924	0	3793008	183600826678	0	221719	188416	194656154338	128982531	424609686	3872293	129	6922	1	21
