Time	wtime	pss	rss	swap	vmem	rchar	read_bytes	wchar	write_bytes	rx_bytes	rx_packets	tx_bytes	tx_packets	stime	utime	nprocs	nthreads
1677879216	1	406391	409612	0	613808	36302963	0	35998	0	150	2	474	4	0	0	1	1
1677879218	3	543610	547928	0	1156072	45854750	0	36435	0	195465	225	23321	172	0	2	1	6
1677879220	5	625238	629556	0	1299164	48019374	0	36481	0	196050	234	24524	184	0	4	1	6
1677879222	7	631906	636224	0	1306040	48019374	0	36481	0	196320	238	25322	190	0	6	1	6
1677879224	9	667246	671564	0	1339692	48019374	0	36481	0	196470	240	25988	194	0	8	1	6
1677879226	11	667530	671848	0	1339692	48019374	0	36527	0	197116	248	27162	204	0	10	1	6
1677879228	13	691230	695548	0	1509608	48700114	0	37011	0	944270	876	62609	449	0	11	1	6
1677879230	15	703498	707816	0	1580424	48972383	0	37235	0	1239618	1108	74721	529	0	13	1	6
1677879232	17	731234	735552	0	3786336	51831959	0	37377	0	4348560	3572	191908	1298	0	15	1	37
1677879234	19	1082014	1086332	0	3815504	281190507	0	37409	0	250112000	166579	854504	7832	0	15	1	37
1677879236	21	2270906	2275224	0	4781816	840807800	0	37409	0	845102672	560964	2431703	23898	1	35	1	37
1677879238	23	2364154	2368472	0	4769052	1245940266	0	37409	0	1274681910	845852	3423506	33003	1	55	1	37
1677879240	25	2330670	2334988	0	4244960	1663388918	0	37409	0	1717407525	1139354	4569607	43805	2	69	1	37
1677879242	27	2466574	2470892	0	4964096	2361168191	0	37409	0	2457317744	1628935	5887659	57076	2	91	1	37
1677879244	29	2566206	2570524	0	4956044	2703754398	0	37409	0	2820612735	1869520	6565491	63388	3	109	1	37
1677879246	31	2642318	2646636	0	5286520	3087544195	0	37409	0	3227618337	2139156	7333574	70393	3	122	1	37
1677879248	33	2670038	2674356	0	5063316	3457841516	0	37409	0	3620324609	2399433	8153483	77687	3	139	1	37
1677879250	35	2591342	2595660	0	4507104	3482026481	0	37409	0	3645988580	2416576	8293494	78673	4	139	1	37
1677879252	37	2671922	2676240	0	5122088	4123778610	0	37409	0	4326490823	2866901	9471363	90118	4	164	1	37
1677879254	39	2692046	2696364	0	4728756	4500504714	0	37409	0	4726265542	3131806	10275865	97361	4	178	1	37
1677879256	41	2718098	2722416	0	5188556	5004867006	0	37409	0	5260835630	3485632	11372195	108234	5	194	1	37
1677879258	43	2718098	2722416	0	5188556	5007452670	0	37409	0	5263589966	3487568	11439166	108592	5	195	1	37
1677879260	45	2658458	2662776	0	4668756	5420028344	0	37409	0	5701123126	3777475	12366206	117006	5	210	1	37
1677879262	47	2722406	2726724	0	5058396	5780401979	0	37409	0	6083249612	4030285	13130274	124621	6	224	1	37
1677879264	49	2675310	2679628	0	4668816	5787317883	0	37409	0	6090610836	4035372	13229456	125240	6	225	1	37
1677879266	51	2675310	2679628	0	4668816	5787317883	0	37409	0	6090610986	4035374	13230122	125244	6	225	1	37
1677879268	53	2733270	2737588	0	5095408	6103188966	0	37409	0	6425545990	4256927	13763314	130483	6	238	1	37
1677879270	55	2679986	2684304	0	4670064	6128577831	0	37409	0	6452501782	4275042	13931921	131622	6	239	1	37
1677879272	57	2675922	2680240	0	4631232	6704067346	0	37409	0	7062748524	4678917	14904047	140816	7	253	1	37
1677879274	59	2765062	2769380	0	5451152	7218350835	0	37409	0	7609517507	5040843	16259787	154134	7	276	1	37
1677879276	61	2747502	2751820	0	5158268	7535732532	0	37409	0	7946073131	5263649	16882911	160052	7	291	1	37
1677879278	63	2750790	2755108	0	5227532	7937547448	0	37425	0	8372180264	5545816	17632351	166858	8	306	1	37
1677879280	65	2756326	2760644	0	5221056	8287880543	0	37425	0	8743698177	5791969	18336677	172944	8	322	1	37
1677879282	67	2768334	2772652	0	5293552	8622637587	0	37425	0	9098679457	6026972	19028235	179653	8	334	1	37
1677879284	69	2691182	2695500	0	4703712	8647036794	0	37425	0	9124588927	6044424	19213413	180839	8	335	1	37
1677879286	71	2793510	2797828	0	5060624	8975953869	0	37425	0	9473351623	6275101	19662864	185299	9	348	1	37
1677879288	73	2830554	2834872	0	4896892	9311582277	0	37425	0	9829277801	6510907	20407118	192020	9	359	1	37
1677879290	75	2949074	2953392	0	5318340	9832862020	0	37425	0	10382036729	6876733	21309952	200680	9	375	1	37
1677879292	77	2973414	2977732	0	5251964	10165606800	0	37425	0	10735699792	7111124	22327724	209998	10	394	1	37
1677879294	79	2963254	2967572	0	5060272	10554179357	0	37425	0	11147773716	7384133	23153835	217374	10	410	1	37
1677879296	81	2828882	2833200	0	4865420	11076842678	0	37425	0	11702030368	7751173	24262036	227999	11	429	1	37
1677879298	83	2924634	2928952	0	5126224	11636399191	0	37425	0	12295385882	8143980	25425569	239004	11	446	1	37
1677879300	85	2949306	2953624	0	5183588	11776928355	0	37425	0	12444417204	8242718	25794585	242436	11	456	1	37
1677879302	87	2968246	2972564	0	5193788	12195391308	0	37425	0	12888254865	8536748	26789963	251690	12	472	1	37
1677879304	89	2982858	2987176	0	5314200	12905830621	0	37425	0	13641517740	9035198	27967041	263017	12	493	1	37
1677879306	91	2863310	2867628	0	4834784	12959888194	0	37425	0	13698879792	9073463	28208590	264841	12	500	1	37
1677879308	93	2913766	2918084	0	4965856	13388280556	0	37425	0	14153173443	9374397	29145381	273227	13	517	1	37
1677879310	95	2954654	2958972	0	5221056	13999840618	0	37425	0	14801659533	9803538	30249303	283955	13	535	1	37
1677879312	97	3022814	3027132	0	5585000	14330946620	0	37425	0	15152769746	10035990	30830104	289264	14	554	1	37
1677879314	99	3053362	3057680	0	5439004	14706171152	0	37425	0	15550678670	10299528	31607014	296254	14	570	1	37
1677879316	101	3031958	3036276	0	5347736	15037856900	0	37425	0	15902410472	10532450	32342322	303232	14	578	1	37
1677879318	103	3048598	3052916	0	5163004	15489610057	0	37425	0	16381462918	10849647	33277541	312090	15	596	1	37
1677879320	105	3044310	3048628	0	5192304	15531374032	0	37425	0	16425775906	10879187	33460064	313441	15	603	1	37
1677879322	107	3044310	3048628	0	5192304	15531374032	0	37425	0	16425776131	10879190	33460871	313447	15	603	1	37
1677879324	109	3069970	3074288	0	5426724	15856094191	0	37425	0	16770115958	11107163	34127899	319912	15	614	1	37
1677879326	111	3044386	3048704	0	5517492	16375966497	0	37425	0	17321393416	11472104	35210330	330201	15	637	1	37
1677879328	113	3017310	3021628	0	5063240	16419841374	0	37425	0	17367956957	11503230	35461033	332074	15	638	1	37
1677879330	115	3012138	3016456	0	4996676	16787066448	0	37425	0	17757368332	11761008	36172656	338850	16	651	1	37
1677879332	117	3018922	3023240	0	5062212	16967989345	0	37441	0	17949201073	11887864	36461982	341910	16	654	1	37
1677879334	119	3060690	3065008	0	5290152	16984512188	0	37441	0	17966747787	11899683	36579557	342718	16	661	1	37
1677879336	121	3032570	3036888	0	5445504	17352688445	0	37441	0	18357151033	12157999	37204964	348714	16	677	1	37
1677879338	123	3071730	3076048	0	5650272	17669806350	0	37441	0	18693428363	12380643	37961712	355890	16	689	1	37
1677879340	125	2999634	3003952	0	5189064	18074814067	0	37441	0	19122923686	12665135	38825888	363787	17	706	1	37
1677879342	127	2999634	3003952	0	5189064	18082743761	0	37441	0	19131331835	12670699	38841747	363946	17	706	1	37
1677879344	129	3103474	3107792	0	5621316	18425751087	0	37441	0	19496181661	12912101	39442512	369831	17	718	1	37
1677879346	131	3026418	3030736	0	4996800	18894806305	0	37441	0	19993846758	13241865	40447126	378717	18	736	1	37
1677879348	133	3087626	3091944	0	5519032	19290391619	0	37441	0	20413089478	13519345	41218880	386156	18	754	1	37
1677879350	135	3087626	3091944	0	5519032	19292044998	0	37441	0	20414848643	13520575	41262541	386381	18	754	1	37
1677879352	137	3041274	3045592	0	5060504	19913447766	0	37441	0	21076256286	13958377	42394640	397026	18	770	1	37
1677879354	139	3013018	3017336	0	5002952	20320680717	0	37441	0	21505651839	14242691	43126991	403741	19	787	1	37
1677879356	141	3059478	3063796	0	5380348	20365269098	0	37441	0	21552928966	14273950	43203237	404578	19	799	1	37
1677879358	143	3085610	3089928	0	5380348	20372161330	0	37441	0	21560260895	14278979	43303994	405141	19	799	1	37
1677879360	145	3033654	3037972	0	4997184	20721425963	0	37441	0	21930664458	14524506	44042897	411422	19	815	1	37
1677879362	147	3059278	3063596	0	5089984	21318127274	0	37441	0	22570389776	14947812	45276523	423119	20	831	1	37
1677879364	149	3127738	3132056	0	5561128	21771723350	0	37441	0	23050619673	15265689	46078808	430628	20	851	1	37
1677879366	151	3134106	3138424	0	5702948	22182850680	0	37441	0	23486609021	15554496	46884790	437730	21	873	1	37
1677879368	153	3106674	3110992	0	5385512	22528797440	0	37441	0	23853457043	15797377	47495047	443317	21	886	1	37
1677879370	155	3106674	3110992	0	5385512	22528797440	0	37441	0	23853457193	15797379	47495713	443321	21	886	1	37
1677879372	157	3137950	3142268	0	5460132	22945330450	0	37441	0	24295157914	16089813	48313039	451024	21	900	1	37
1677879374	159	3136190	3140508	0	5555872	23287605082	0	37441	0	24658142202	16330358	49021708	457218	22	918	1	37
1677879376	161	3153290	3157608	0	5597848	23650205006	0	37441	0	25042650586	16584930	49724105	463622	22	933	1	37
1677879378	163	3144870	3149188	0	5460628	23960735147	0	37441	0	25371935516	16802881	50366868	469887	22	945	1	37
1677879380	165	3163050	3167368	0	5575524	24323568101	0	37441	0	25756681525	17057542	51023488	476184	23	956	1	37
1677879382	167	3036722	3041040	0	5187400	24754492194	0	37441	0	26213659463	17360232	51888001	484103	23	975	1	37
1677879384	169	3053846	3058164	0	5386532	25263172065	0	37441	0	26753091235	17717509	52989248	494259	23	997	1	37
1677879386	171	3038838	3043156	0	5161776	25603888727	0	37441	0	27114408840	17956848	53686719	500566	24	1012	1	37
1677879388	173	3039274	3043592	0	5127492	26056232937	0	37441	0	27594079030	18274377	54567516	508917	24	1029	1	37
1677879390	175	3069294	3073612	0	5505004	26483077434	0	37441	0	28046721793	18574126	55443822	516988	24	1046	1	37
1677879392	177	3055390	3059708	0	5388152	26825151776	0	37441	0	28409467012	18814299	56029095	522253	25	1063	1	37
1677879394	179	3009426	3013744	0	4996920	27235150871	0	37441	0	28844273553	19102453	56926850	530203	25	1081	1	37
1677879396	181	3033142	3037460	0	4961864	27861697430	0	37441	0	29511506444	19544019	58045315	540812	26	1101	1	37
1677879398	183	3052346	3056664	0	5226440	28302986222	0	37441	0	29981266714	19855126	59372131	553281	26	1126	1	37
1677879400	185	3048150	3052468	0	5190200	28340619938	0	37441	0	30021178116	19881581	59475433	554285	26	1131	1	37
1677879402	187	3048150	3052468	0	5190200	28340619938	0	37441	0	30021178266	19881583	59476099	554289	26	1131	1	37
1677879404	189	3044226	3048544	0	5286592	28630408825	0	37441	0	30328477841	20085051	60097949	560184	26	1137	1	37
1677879406	191	3028082	3032400	0	5325352	28912196087	0	37441	0	30627304323	20283001	60780891	566600	27	1154	1	37
1677879408	193	3061350	3065668	0	5385780	29225910417	0	37441	0	30959961159	20503150	61373283	572434	27	1167	1	37
1677879410	195	3009062	3013380	0	4997656	29282904192	0	37441	0	31020436886	20543473	61622492	574344	27	1169	1	37
1677879412	197	2990070	2994388	0	4900320	29648614643	0	37441	0	31408252244	20800296	62342115	581079	27	1184	1	37
1677879414	199	3064006	3068324	0	5314768	29991768390	0	37441	0	31773878314	21042236	63222731	589469	28	1200	1	37
1677879416	201	3056250	3060568	0	5382180	30350013290	0	37441	0	32153777027	21293808	63934103	595951	28	1217	1	37
1677879418	203	3051398	3055716	0	5318172	30717138498	0	37441	0	32543081139	21551536	64635814	602611	28	1233	1	37
1677879420	205	3066038	3070356	0	5451992	31089809973	0	37457	0	32938272538	21813203	65318158	608815	29	1248	1	37
1677879422	207	3066038	3070356	0	5451992	31097923574	0	37457	0	32946890030	21819004	65375328	609199	29	1251	1	37
1677879424	209	3066038	3070356	0	5451992	31099419326	0	37457	0	32948481081	21820111	65412041	609387	29	1251	1	37
1677879426	211	3043366	3047684	0	5060932	31462937080	0	37457	0	33333969344	22075383	66112901	615808	29	1266	1	37
1677879428	213	3061226	3065544	0	5390548	31806923921	0	37457	0	33698739463	22316885	66746640	621685	30	1282	1	37
1677879430	215	2996514	3000832	0	4958912	32283429670	0	37457	0	34204054569	22651578	67680969	630133	30	1301	1	37
1677879432	217	2996858	3001176	0	5031392	32504064718	0	37457	0	34438018319	22806449	68155831	634728	30	1315	1	37
1677879434	219	3039470	3043788	0	4994580	32962826442	0	37457	0	34924528092	23128789	69194780	644182	31	1334	1	37
1677879436	221	3060458	3064776	0	5385344	33318852923	0	37457	0	35302050051	23378621	69770365	649490	31	1350	1	37
1677879438	223	3053986	3058304	0	5125828	33665460265	0	37457	0	35669600020	23621984	70409042	655437	31	1363	1	37
1677879440	225	3042630	3046948	0	5362956	34121614087	0	37457	0	36156841067	23944619	71532074	665809	32	1383	1	37
1677879442	227	3044970	3049288	0	5185508	34558983104	0	37457	0	36620639792	24251721	72450917	674468	32	1401	1	37
1677879444	229	2992322	2996640	0	4900320	34592606430	0	37457	0	36656340054	24275730	72708096	676195	32	1403	1	37
1677879446	231	3064206	3068524	0	5184396	34971019550	0	37457	0	37057677480	24541391	73462829	683590	33	1419	1	37
1677879448	233	3067598	3071916	0	5058768	35392216134	0	37457	0	37504259181	24837062	74309797	691559	33	1438	1	37
1677879450	235	3093918	3098236	0	5421368	35760186521	0	37457	0	37894435321	25095185	74945727	697863	33	1454	1	37
1677879452	237	3074182	3078500	0	5122360	36121535445	0	37457	0	38279747637	25350340	76014562	707960	34	1462	1	37
1677879454	239	3095114	3099432	0	5386780	36520594428	0	37457	0	38702925454	25630676	76993079	717030	34	1485	1	37
1677879456	241	3092022	3096340	0	5513096	36873165831	0	37457	0	39076799712	25878221	77609290	722578	35	1498	1	37
1677879458	243	3084478	3088796	0	5323364	37241204329	0	37457	0	39467089539	26136712	78338100	729220	35	1519	1	37
1677879460	245	3071266	3075584	0	5029600	37566161377	0	37457	0	39811685630	26364906	78986674	735192	35	1528	1	37
1677879462	247	3069794	3074112	0	5182068	37998925092	0	37457	0	40270655652	26668912	79915958	743822	36	1550	1	37
1677879464	249	3084474	3088792	0	5317108	38504710000	0	37473	0	40806997477	27024072	80967929	753579	36	1574	1	37
1677879466	251	3087450	3091768	0	5383936	38833643599	0	37473	0	41155765133	27254905	81447925	757948	36	1591	1	37
1677879468	253	3087450	3091768	0	5383936	38833643599	0	37473	0	41155765358	27254908	81448850	757955	36	1591	1	37
1677879470	255	3087450	3091768	0	5383936	38838773760	0	37473	0	41161243080	27258835	81578630	758691	36	1591	1	37
1677879472	257	3108390	3112708	0	5192748	39262497163	0	37473	0	41610554921	27556194	82303960	765571	37	1608	1	37
1677879474	259	3071618	3075936	0	5063144	39306446389	0	37473	0	41657189162	27587298	82499264	767077	37	1611	1	37
1677879476	261	3071618	3075936	0	5063144	39308321604	0	37473	0	41659186503	27588712	82558164	767383	37	1611	1	37
1677879478	263	3066858	3071176	0	4996916	39670754909	0	37473	0	42043525406	27843227	83328726	774472	37	1626	1	37
1677879480	265	3116866	3121184	0	5253924	40368880790	0	37473	0	42783809201	28333147	84606908	786882	38	1650	1	37
1677879482	267	3117342	3121660	0	5258668	40767506009	0	37473	0	43206544028	28613201	85453958	794582	38	1673	1	37
1677879484	269	3117342	3121660	0	5258668	40772191201	0	37473	0	43211548471	28616575	85501737	794865	38	1674	1	37
1677879486	271	3083142	3087460	0	5194444	41264749603	0	37473	0	43733851349	28962494	86537271	804474	39	1692	1	37
1677879488	273	3070550	3074868	0	5061936	41704573566	0	37473	0	44201316461	29272175	87544860	813600	39	1710	1	37
1677879490	275	3067090	3071408	0	4997132	42037396014	0	37473	0	44553376859	29505334	88161281	819205	40	1724	1	37
1677879492	277	3099574	3103892	0	5115964	42613167734	0	37473	0	45163758081	29909349	89341549	830684	40	1746	1	37
1677879494	279	3111614	3115932	0	5189668	43149679036	0	37473	0	45732687568	30286036	90452279	841177	40	1766	1	37
1677879496	281	3119858	3124176	0	5309864	43510829672	0	37473	0	46115687531	30539820	91306270	848820	41	1788	1	37
1677879498	283	3071686	3076004	0	4997624	43541718850	0	37473	0	46148466534	30561723	91465616	849982	41	1790	1	37
1677879500	285	3122050	3126368	0	5381912	43858072934	0	37473	0	46483914717	30783630	91950112	854750	41	1803	1	37
1677879502	287	3122718	3127036	0	5320868	44190125392	0	37473	0	46836040407	31016859	92585935	860311	41	1819	1	37
1677879504	289	3110354	3114672	0	5251364	44538795148	0	37473	0	47205802570	31261880	93673974	870200	42	1835	1	37
1677879506	291	3071578	3075896	0	5162464	44633571929	0	37473	0	47306305081	31328409	93889127	872408	42	1838	1	37
1677879508	293	3149934	3154252	0	5313312	44992804664	0	37473	0	47687496351	31580948	94711739	879989	42	1853	1	37
1677879510	295	3056534	3060852	0	4965856	45356838739	0	37473	0	48073311595	31836555	95511764	887063	43	1869	1	37
1677879512	297	3091478	3095796	0	5096928	45778614560	0	37473	0	48520573243	32132684	96385322	895346	43	1886	1	37
1677879514	299	3145914	3150232	0	5195172	46127811780	0	37473	0	48890858755	32377735	97143123	902785	43	1902	1	37
1677879516	301	3153490	3157808	0	5312536	46469773952	0	37473	0	49253491239	32617897	97767253	908375	44	1919	1	37
1677879518	303	3119766	3124084	0	5063368	46880289221	0	37473	0	49688831555	32906293	98606444	915989	44	1935	1	37
1677879520	305	3125874	3130192	0	5194440	46894623533	0	37473	0	49704029873	32916339	98633297	916297	44	1937	1	37
1677879522	307	3171770	3176088	0	5452968	47201481880	0	37473	0	50029411206	33131650	99200620	921819	44	1945	1	37
1677879524	309	3149878	3154196	0	5155520	47583787270	0	37473	0	50434906406	33400208	99995714	929156	45	1959	1	37
1677879526	311	3152466	3156784	0	5293116	47968041290	0	37473	0	50842320899	33670120	100785521	936168	45	1982	1	37
1677879528	313	3150518	3154836	0	5219148	48275222682	0	37473	0	51168079373	33885928	101438757	942017	45	1998	1	37
1677879530	315	3110926	3115244	0	5096928	48379811166	0	37473	0	51278997933	33959407	101723285	944822	45	2001	1	37
1677879532	317	3164214	3168532	0	5321348	48691651347	0	37473	0	51609672822	34178332	102384854	951127	46	2014	1	37
1677879534	319	3164214	3168532	0	5321348	48692467661	0	37473	0	51610541440	34178941	102405820	951237	46	2014	1	37
1677879536	321	3108294	3112612	0	5096928	49114770331	0	37473	0	52058393000	34475713	103354666	959801	46	2033	1	37
1677879538	323	3119722	3124040	0	5063300	49422444712	0	37473	0	52384660140	34691749	103930044	965135	46	2045	1	37
1677879540	325	3112894	3117212	0	5089984	49985073350	0	37473	0	52983924492	35088466	104928883	974443	47	2061	1	37
1677879542	327	3161510	3165828	0	5352128	50054162143	0	37473	0	53054519800	35135042	105051009	975809	47	2074	1	37
1677879544	329	3105150	3109468	0	5031392	50061738893	0	37473	0	53062601994	35140755	105217692	976776	47	2075	1	37
1677879546	331	3120170	3124488	0	5061920	50646910584	0	37473	0	53687911483	35554579	106577175	989879	48	2090	1	37
1677879548	333	3121662	3125980	0	5063280	50881646850	0	37473	0	53939159845	35721154	107135450	994692	48	2104	1	37
1677879550	335	3156042	3160360	0	5161276	51443320556	0	37473	0	54531288662	36113067	108162194	1004561	48	2126	1	37
1677879552	337	3164262	3168580	0	5387180	51499550591	0	37473	0	54590937521	36152719	108354799	1006111	48	2136	1	37
1677879554	339	3164262	3168580	0	5387180	51499550591	0	37473	0	54590938047	36152725	108355841	1006119	48	2136	1	37
1677879556	341	3162662	3166980	0	5256408	51859396342	0	37473	0	54972517875	36405305	109047598	1012793	49	2149	1	37
1677879558	343	3127650	3131968	0	5130480	51884634002	0	37473	0	54999318710	36423348	109241675	1014089	49	2152	1	37
1677879560	345	3189790	3194108	0	5339004	52211556622	0	37473	0	55345965226	36652602	109888263	1020565	49	2167	1	37
1677879562	347	3189790	3194108	0	5339004	52213053313	0	37473	0	55347563120	36653741	109931406	1020812	49	2168	1	37
1677879564	349	3182738	3187056	0	5332076	52544652989	0	37473	0	55699287411	36886596	110472462	1025780	50	2175	1	37
1677879566	351	3189010	3193328	0	5424884	52884316103	0	37473	0	56059392683	37125105	111104971	1031328	50	2196	1	37
1677879568	353	3207330	3211648	0	5438372	53244845635	0	37473	0	56443841752	37379673	111820805	1037862	50	2209	1	37
1677879570	355	3191018	3195336	0	5305120	53654445540	0	37473	0	56878220428	37667504	112733620	1046049	51	2229	1	37
1677879572	357	3112766	3117084	0	5162464	54098148714	0	37473	0	57350158848	37980235	113689445	1054433	51	2245	1	37
1677879574	359	3210930	3215248	0	5571408	54398601314	0	37473	0	57667350295	38190058	114225693	1059801	52	2262	1	37
1677879576	361	3206166	3210484	0	5292760	54724281824	0	37473	0	58012695044	38418595	114904585	1066277	52	2276	1	37
1677879578	363	3216110	3220428	0	5440688	55064974288	0	37473	0	58373990711	38657938	115562105	1072046	52	2290	1	37
1677879580	365	3199090	3203408	0	5178544	55510684102	0	37473	0	58846961551	38971325	116492791	1080236	53	2308	1	37
1677879582	367	3209346	3213664	0	5309616	55852421069	0	37473	0	59209239973	39211053	117154318	1086754	53	2323	1	37
1677879584	369	3225318	3229636	0	5512556	56206319919	0	37473	0	59584523615	39459534	117816043	1092776	53	2339	1	37
1677879586	371	3219442	3223760	0	5379744	56556326056	0	37473	0	59955866225	39705539	118430657	1098116	53	2346	1	37
1677879588	373	3231898	3236216	0	5577860	56910876420	0	37473	0	60331683358	39954462	119153005	1104465	54	2370	1	37
1677879590	375	3235470	3239788	0	5447624	57268354893	0	37473	0	60710770292	40205528	119849652	1110730	54	2385	1	37
1677879592	377	3195950	3200268	0	5175836	57671561985	0	37473	0	61139963876	40490041	120630214	1117279	55	2401	1	37
1677879594	379	3205086	3209404	0	5342060	58260665456	0	37473	0	61763057246	40902365	121673628	1127314	55	2428	1	37
1677879596	381	3220054	3224372	0	5567968	58629446743	0	37473	0	62156271400	41162824	122642304	1136253	56	2444	1	37
1677879598	383	3222078	3226396	0	5567968	59009958044	0	37473	0	62559797242	41430189	123478215	1143693	56	2461	1	37
1677879600	385	3218342	3222660	0	5436840	59431156117	0	37489	0	63006442912	41725883	124344807	1152076	56	2478	1	37
1677879602	387	3205030	3209348	0	5367200	59830882596	0	37489	0	63430344270	42006719	125228338	1160183	57	2494	1	37
1677879604	389	3208794	3213112	0	5308720	60104034438	0	37489	0	63720070422	42198616	125811944	1165529	57	2501	1	37
1677879606	391	3202690	3207008	0	5177648	60472187820	0	37489	0	64110409750	42457074	126641816	1173485	57	2516	1	37
1677879608	393	3252494	3256812	0	5665724	60720644514	0	37489	0	64373872990	42631434	127107297	1178095	57	2529	1	37
1677879610	395	3252494	3256812	0	5665724	60729926592	0	37489	0	64383747181	42638197	127220551	1178781	57	2529	1	37
1677879612	397	3202962	3207280	0	5299060	61440097443	0	37489	0	65136793160	43136557	128657775	1192487	58	2549	1	37
1677879614	399	3233098	3237416	0	5456268	61868690379	0	37489	0	65592784517	43438575	129716510	1202456	58	2573	1	37
1677879616	401	3235874	3240192	0	5359304	62216350313	0	37489	0	65961479234	43682907	130424546	1208528	59	2592	1	37
1677879618	403	3236978	3241296	0	5291148	62563404663	0	37489	0	66329525915	43926759	131204499	1215529	59	2607	1	37
1677879620	405	3245566	3249884	0	5234084	63005168737	0	37489	0	66798175319	44237024	132128852	1224568	59	2621	1	37
1677879622	407	3289218	3293536	0	5561764	63431274296	0	37505	0	67249829071	44536051	133015775	1232936	60	2640	1	37
1677879624	409	3276654	3280972	0	5487908	63923946063	0	37505	0	67772269303	44881945	134001732	1242341	60	2659	1	37
1677879626	411	3245190	3249508	0	5351924	64276644963	0	37505	0	68146294337	45129698	134721437	1248644	61	2677	1	37
1677879628	413	3245190	3249508	0	5351924	64277734074	0	37505	0	68147453538	45130509	134749828	1248795	61	2677	1	37
1677879630	415	3258354	3262672	0	5358604	64701216885	0	37505	0	68596544442	45428009	135701565	1257547	61	2694	1	37
1677879632	417	3216418	3220736	0	5256520	65027379523	0	37505	0	68942554067	45657007	136312968	1263591	61	2697	1	37
1677879634	419	3266642	3270960	0	5523816	65509769987	0	37505	0	69453939655	45995583	137292902	1272874	62	2718	1	37
1677879636	421	3238998	3243316	0	5322056	65874585726	0	37505	0	69840802077	46251752	137940360	1278700	62	2740	1	37
1677879638	423	3251654	3255972	0	5413512	66230914104	0	37505	0	70218678411	46502073	138664724	1285142	62	2754	1	37
1677879640	425	3271578	3275896	0	5473932	66598696080	0	37505	0	70608703738	46760473	139345704	1290881	63	2773	1	37
1677879642	427	3265926	3270244	0	5309680	67087719449	0	37505	0	71127288907	47103932	140347445	1300178	63	2790	1	37
1677879644	429	3297646	3301964	0	5571824	67432711615	0	37505	0	71493097676	47345909	140938058	1306195	64	2802	1	37
1677879646	431	3291806	3296124	0	5448256	67786040696	0	37505	0	71867785760	47594054	141610361	1312304	64	2820	1	37
1677879648	433	3291806	3296124	0	5448256	67790727804	0	37505	0	71872773809	47597475	141669812	1312654	64	2822	1	37
1677879650	435	3281770	3286088	0	5374728	68173423858	0	37521	0	72279941536	47867232	142427783	1319173	64	2839	1	37
1677879652	437	3290046	3294364	0	5505800	68570824616	0	37537	0	72701355481	48146252	143286546	1327462	65	2854	1	37
1677879654	439	3279746	3284064	0	5358296	68926402347	0	37537	0	73078427290	48395987	143981048	1333717	65	2869	1	37
1677879656	441	3281118	3285436	0	5438364	69318724457	0	37537	0	73494472271	48671605	144824748	1341375	65	2885	1	37
1677879658	443	3277734	3282052	0	5302168	69408318057	0	37537	0	73589498443	48734689	145086315	1343587	65	2888	1	37
1677879660	445	3271222	3275540	0	5243068	70059339532	0	37537	0	74279837904	49191618	146203331	1354246	66	2913	1	37
1677879662	447	3284486	3288804	0	5374140	70403202662	0	37537	0	74644491791	49433171	146866994	1360216	66	2929	1	37
1677879664	449	3288506	3292824	0	5378200	70764583931	0	37537	0	75027723257	49687025	147511576	1365735	67	2946	1	37
1677879666	451	3286334	3290652	0	5476624	71108264749	0	37537	0	75392198682	49928573	148238131	1372155	67	2960	1	37
1677879668	453	3286693	3290912	0	5440596	71609066710	0	37537	0	75923232176	50279941	149153154	1381209	67	2979	1	37
1677879670	455	3290561	3294780	0	5554904	71943589160	0	37537	0	76277989531	50514996	149814934	1386918	68	2993	1	37
1677879672	457	3291585	3295804	0	5566124	72293873862	0	37537	0	76649438680	50760931	150481424	1393106	68	3008	1	37
1677879674	459	3297377	3301596	0	5540160	72660107360	0	37537	0	77037845481	51018185	151380560	1401475	68	3022	1	37
1677879676	461	3292781	3297000	0	5567540	73012245982	0	37537	0	77411278159	51265576	152127103	1408165	69	3037	1	37
1677879678	463	3291997	3296216	0	5442928	73396960769	0	37537	0	77819231066	51535623	152877790	1415361	69	3049	1	37
1677879680	465	3286209	3290428	0	5574280	73868578709	0	37537	0	78319358970	51866862	153894430	1424797	69	3068	1	37
1677879682	467	3268705	3272924	0	5504692	74363716031	0	37553	0	78844506246	52214756	154982842	1434760	70	3088	1	37
1677879684	469	3266485	3270704	0	5308084	74908192113	0	37553	0	79422162335	52597216	156031647	1444568	70	3103	1	37
1677879686	471	3278077	3282296	0	5441644	75026327305	0	37553	0	79547097064	52680016	156322450	1447176	70	3118	1	37
1677879688	473	3258469	3262688	0	5238336	75491209706	0	37553	0	80040239453	53006737	157252124	1455405	71	3135	1	37
1677879690	475	3264597	3268816	0	5369408	75758400170	0	37553	0	80323433878	53194236	157772077	1460367	71	3148	1	37
1677879692	477	3236769	3240988	0	5298320	76454415859	0	37553	0	81063394596	53684050	159460232	1476517	72	3170	1	37
1677879694	479	3296709	3300928	0	5459124	77037773626	0	37553	0	81681872035	54093550	160625928	1487543	72	3192	1	37
1677879696	481	3321489	3325708	0	5524660	77047225258	0	37553	0	81691877116	54100199	160657895	1487801	72	3199	1	37
1677879698	483	3321489	3325708	0	5524660	77047225258	0	37553	0	81691880722	54100213	160660047	1487820	72	3199	1	37
1677879700	485	3321489	3325708	0	5524660	77050261474	0	37553	0	81695120232	54102526	160745099	1488268	72	3199	1	37
1677879702	487	3293949	3298168	0	5360384	77389161887	0	37553	0	82055165865	54341131	161408645	1494112	72	3213	1	37
1677879704	489	3254377	3258596	0	5210428	77725000628	0	37569	0	82411024564	54576722	162142937	1501174	73	3224	1	37
1677879706	491	3310489	3314708	0	5461324	77933918040	0	37569	0	82632170041	54722950	162514798	1505097	73	3234	1	37
1677879708	493	3309357	3313576	0	5425996	78257076344	0	37569	0	82974881061	54950062	163177453	1510764	73	3249	1	37
1677879710	495	3300677	3304896	0	5545444	78598098035	0	37569	0	83336501838	55189432	163767872	1516399	73	3263	1	37
1677879712	497	3313953	3318172	0	5663892	78979147336	0	37569	0	83740573423	55456966	164475287	1522905	74	3278	1	37
1677879714	499	3308865	3313084	0	5305260	79274327109	0	37569	0	84053595010	55664268	165033186	1527858	74	3285	1	37
1677879716	501	3322017	3326236	0	5442244	79368395652	0	37569	0	84153372726	55730527	165340577	1530447	74	3297	1	37
1677879718	503	3318705	3322924	0	5311172	79755737519	0	37569	0	84564153237	56002686	166228764	1538617	75	3313	1	37
1677879720	505	3324893	3329112	0	5376708	80094094043	0	37585	0	84922965123	56240363	166986421	1545284	75	3327	1	37
1677879722	507	3265089	3269308	0	5275964	80464791701	0	37585	0	85316420270	56501024	167731164	1552013	75	3342	1	37
1677879724	509	3359205	3363424	0	5649048	81105435674	0	37585	0	85997239591	56951505	168943131	1563802	76	3370	1	37
1677879726	511	3394853	3399072	0	5649048	81612922819	0	37585	0	86535396594	57307851	169965409	1573435	76	3390	1	37
1677879728	513	3366289	3370508	0	5700724	81949600450	0	37585	0	86892427957	57544322	170589003	1578903	76	3404	1	37
1677879730	515	3366289	3370508	0	5700724	81958505402	0	37585	0	86901900985	57550826	170697034	1579595	77	3408	1	37
1677879732	517	3406545	3410764	0	5709188	82299654881	0	37585	0	87265579333	57791652	171668209	1588550	77	3423	1	37
1677879734	519	3405317	3409536	0	5483032	82764689146	0	37585	0	87758731988	58118300	172745423	1598806	77	3443	1	37
1677879736	521	3495133	3499352	0	5702736	83227418746	0	37585	0	88249420313	58443186	173632139	1606979	78	3463	1	37
1677879738	523	3450405	3454624	0	5571664	83595537691	0	37601	0	88639807353	58701862	174526827	1615157	78	3481	1	37
1677879740	525	3496369	3500588	0	5575024	84166398398	0	37601	0	89250395889	59106047	175939070	1628563	78	3501	1	37
1677879742	527	3513013	3517232	0	5837168	84391256966	0	37601	0	89489103412	59264088	176466233	1633747	79	3518	1	37
1677879744	529	3513013	3517232	0	5837168	84394206789	0	37601	0	89492244122	59266280	176535810	1634113	79	3518	1	37
1677879746	531	3529169	3533388	0	5907976	84827207699	0	37601	0	89951407399	59570239	177398438	1642440	79	3536	1	37
1677879748	533	3496413	3500632	0	5567404	85212629473	0	37601	0	90363868134	59843652	178278449	1649926	80	3553	1	37
1677879750	535	3518477	3522696	0	5698476	85498014579	0	37601	0	90664422086	60042610	179183229	1658826	80	3569	1	37
1677879752	537	3514365	3518584	0	5578156	85965274637	0	37601	0	91159931467	60370798	180265203	1669193	80	3589	1	37
1677879754	539	3514365	3518584	0	5578156	85966406068	0	37601	0	91161136804	60371648	180299819	1669372	80	3589	1	37
1677879756	541	3532617	3536836	0	5709228	86589945989	0	37601	0	91822335231	60809295	181535821	1681350	81	3609	1	37
1677879758	543	3545153	3549372	0	5840300	86808975393	0	37601	0	92054637747	60963401	182168601	1686909	81	3626	1	37
1677879760	545	3520453	3524672	0	5643692	87171743994	0	37601	0	92439348345	61218281	183015896	1694748	81	3641	1	37
1677879762	547	3531429	3535648	0	5774764	87200747840	0	37601	0	92470107645	61238691	183109966	1695492	82	3642	1	37
1677879764	549	3520505	3524724	0	5643692	87548815808	0	37601	0	92839214333	61483134	183832476	1702188	82	3657	1	37
1677879766	551	3529669	3533888	0	5774764	87861454791	0	37601	0	93170747816	61702665	184411341	1707486	82	3673	1	37
1677879768	553	3529757	3533976	0	5774764	88155665062	0	37601	0	93482766358	61909223	185001431	1713210	82	3684	1	37
1677879770	555	3523425	3527644	0	5643692	88684073445	0	37617	0	94043326311	62280486	186130991	1723612	83	3702	1	37
1677879772	557	3523549	3527768	0	5643692	89196992141	0	37617	0	94586998376	62640496	187151832	1733089	83	3723	1	37
1677879774	559	3568581	3572800	0	5971372	89235915097	0	37617	0	94628286460	62667917	187266309	1734047	83	3731	1	37
1677879776	561	3538045	3542264	0	5840300	89529171960	0	37633	0	94939273051	62873911	187798422	1738680	84	3744	1	37
1677879778	563	3536069	3540288	0	5840300	89839416338	0	37633	0	95268271230	63091801	188517161	1745384	84	3756	1	37
1677879780	565	3535341	3539560	0	5829548	90193477348	0	37633	0	95643758371	63340670	189253244	1751682	84	3774	1	37
1677879782	567	3542357	3546576	0	5895084	90661561456	0	37633	0	96140134753	63669404	190277824	1761260	85	3791	1	37
1677879784	569	3520085	3524304	0	5764012	91141478701	0	37633	0	96649385429	64006782	191363272	1771229	85	3808	1	37
1677879786	571	3520253	3524472	0	5639388	91519053163	0	37633	0	97054227263	64275143	192377996	1780311	85	3825	1	37
1677879788	573	3532329	3536548	0	5770460	91891975359	0	37633	0	97446224885	64534771	193234464	1788354	86	3841	1	37
1677879790	575	3528177	3532396	0	5704924	92239928485	0	37633	0	97814942676	64779063	194012612	1795362	86	3857	1	37
1677879792	577	3528177	3532396	0	5704924	92239928485	0	37633	0	97814942826	64779065	194013278	1795366	86	3857	1	37
1677879794	579	3524209	3528428	0	5639388	92497522417	0	37633	0	98088176629	64959672	194434446	1799825	86	3859	1	37
1677879796	581	3524309	3528528	0	5639388	92614757869	0	37633	0	98212426141	65042269	194848133	1803257	86	3874	1	37
1677879798	583	3528481	3532700	0	5704924	93035754985	0	37633	0	98658871075	65337949	195666241	1810646	87	3891	1	37
1677879800	585	3532581	3536800	0	5710952	93334172903	0	37633	0	98975324935	65547514	196292316	1816421	87	3905	1	37
1677879802	587	3544721	3548940	0	5842024	93729938315	0	37633	0	99395020921	65825524	197133569	1824006	87	3921	1	37
1677879804	589	3516713	3520932	0	5603644	94223279322	0	37633	0	99918177354	66171954	197997556	1831796	88	3936	1	37
1677879806	591	3516717	3520936	0	5632940	94499091117	0	37633	0	100210658817	66365652	198548254	1836881	88	3948	1	37
1677879808	593	3518933	3523152	0	5698476	94960692723	0	37633	0	100700183745	66690025	199640424	1846888	89	3970	1	37
1677879810	595	3531597	3535816	0	5643716	95364225629	0	37633	0	101128294529	66973796	200610280	1855539	89	3986	1	37
1677879812	597	3531621	3535840	0	5643716	95668312237	0	37633	0	101450610148	67187260	201262124	1861731	89	4001	1	37
1677879814	599	3559733	3563952	0	5840324	96018243196	0	37633	0	101821684541	67432964	201940657	1867868	90	4016	1	37
1677879816	601	3516749	3520968	0	5603644	96440998858	0	37633	0	102270029509	67730187	202970825	1876872	90	4032	1	37
1677879818	603	3525361	3529580	0	5669180	96799738381	0	37633	0	102650465539	67982074	203855477	1885428	90	4047	1	37
1677879820	605	3525361	3529580	0	5669180	96799738381	0	37633	0	102650465689	67982076	203856143	1885432	90	4047	1	37
1677879822	607	3539977	3544196	0	5776972	97087444952	0	37633	0	102955570162	68184199	204643078	1892668	91	4060	1	37
1677879824	609	3531069	3535288	0	5616596	97616858553	0	37633	0	103525847227	68561848	205975842	1905246	91	4076	1	37
1677879826	611	3531077	3535296	0	5632940	97785256911	0	37633	0	103695588958	68674520	206499393	1909860	91	4089	1	37
1677879828	613	3559497	3563716	0	5829548	98072110272	0	37633	0	103999761964	68875805	206940917	1913930	91	4103	1	37
1677879830	615	3592337	3596556	0	5879460	98402476095	0	37633	0	104350118998	69107944	207797366	1921832	92	4118	1	37
1677879832	617	3542853	3547072	0	5671448	98986415630	0	37633	0	104969343104	69517942	208794753	1930891	92	4136	1	37
1677879834	619	3546829	3551048	0	5829548	99314276912	0	37633	0	105317037697	69748333	209439450	1936400	93	4155	1	37
1677879836	621	3540593	3544812	0	5698476	99400965482	0	37633	0	105409005259	69809552	209785472	1939117	93	4162	1	37
1677879838	623	3553513	3557732	0	5895084	99990624430	0	37633	0	106034284841	70223488	211026409	1950926	93	4181	1	37
1677879840	625	3540597	3544816	0	5698476	100070892413	0	37633	0	106119445893	70280205	211358309	1953562	94	4191	1	37
1677879842	627	3540597	3544816	0	5698476	100387949577	0	37633	0	106455666989	70502877	211961900	1958938	94	4206	1	37
1677879844	629	3557029	3561248	0	5897232	100828246663	0	37633	0	106922564373	70811985	212825005	1967110	94	4225	1	37
1677879846	631	3557029	3561248	0	5897232	100834970988	0	37633	0	106929694264	70816702	212836187	1967237	94	4225	1	37
1677879848	633	3552473	3556692	0	5831696	101128411793	0	37633	0	107243867052	71024809	213439544	1972574	94	4233	1	37
1677879850	635	3564733	3568952	0	5781280	101396409457	0	37633	0	107528018486	71213058	214020535	1977835	95	4250	1	37
1677879852	637	3571109	3575328	0	5781280	101775363490	0	37633	0	107929890002	71479296	214833536	1985125	95	4268	1	37
1677879854	639	3581265	3585484	0	6043424	102075557301	0	37633	0	108248237938	71690200	215540664	1991707	95	4275	1	37
1677879856	641	3578885	3583104	0	6043424	102183054029	0	37633	0	108362242147	71765763	215823017	1994332	95	4285	1	37
1677879858	643	3569045	3573264	0	5846816	102464182542	0	37633	0	108660360119	71963191	216554351	2001210	96	4293	1	37
1677879860	645	3545109	3549328	0	5736396	102837134701	0	37633	0	109055872082	72225238	217417393	2009108	96	4314	1	37
1677879862	647	3582541	3586760	0	5960620	103154313595	0	37633	0	109392224495	72448006	218008208	2014382	96	4324	1	37
1677879864	649	3557537	3561756	0	6026156	103457983344	0	37633	0	109714265418	72661398	218608638	2019512	97	4342	1	37
1677879866	651	3546861	3551080	0	5706420	103727190354	0	37649	0	109999733476	72850385	219036767	2023343	97	4346	1	37
1677879868	653	3558901	3563120	0	5771956	103832564476	0	37649	0	110111518758	72924741	219416276	2026392	97	4359	1	37
1677879870	655	3574029	3578248	0	5968564	104127286302	0	37649	0	110424053211	73131624	220187510	2033726	97	4372	1	37
1677879872	657	3584681	3588900	0	5903028	104588796476	0	37649	0	110913665603	73455892	221190796	2043140	98	4386	1	37
1677879874	659	3582093	3586312	0	5968564	105086109471	0	37649	0	111440848130	73805134	222356032	2053941	98	4411	1	37
1677879876	661	3569461	3573680	0	5713168	105515255280	0	37649	0	111895999364	74106800	223307015	2062445	99	4429	1	37
1677879878	663	3586717	3590936	0	5975312	105859472740	0	37649	0	112260957953	74348280	223921239	2068420	99	4446	1	37
1677879880	665	3586717	3590936	0	5975312	105866073707	0	37649	0	112267977055	74353056	223989669	2068867	99	4446	1	37
1677879882	667	3569689	3573908	0	5713168	106166243899	0	37649	0	112586276991	74563765	224481535	2073326	99	4450	1	37
1677879884	669	3582609	3586828	0	5844240	106583789147	0	37649	0	113029075638	74857138	225409516	2081749	100	4472	1	37
1677879886	671	3591593	3595812	0	5975312	106915224769	0	37649	0	113380583276	75090226	226289860	2089449	100	4492	1	37
1677879888	673	3573797	3578016	0	5778704	106999864462	0	37649	0	113470346194	75149719	226487747	2091297	100	4494	1	37
1677879890	675	3573797	3578016	0	5778704	107002450325	0	37649	0	113473098602	75151645	226556861	2091673	100	4495	1	37
1677879892	677	3571741	3575960	0	5713168	107339097509	0	37649	0	113830104384	75388152	227293959	2098387	101	4510	1	37
1677879894	679	3577933	3582152	0	5844240	107625535657	0	37665	0	114133839109	75589157	227916019	2104609	101	4522	1	37
1677879896	681	3571741	3575960	0	5713168	107865978153	0	37665	0	114388903244	75758048	228301461	2107990	101	4523	1	37
1677879898	683	3571745	3575964	0	5713168	108212915226	0	37665	0	114758554900	76002783	229395300	2118404	102	4541	1	37
1677879900	685	3575977	3580196	0	5844240	108575919994	0	37665	0	115143437758	76257956	230238323	2125643	102	4566	1	37
1677879902	687	3547753	3551972	0	5669180	108994819869	0	37681	0	115587686785	76552396	231211819	2134272	102	4582	1	37
1677879904	689	3563601	3567820	0	5960620	109614167096	0	37681	0	116246361668	76988378	232408576	2145617	103	4603	1	37
1677879906	691	3553325	3557544	0	5765688	109726877195	0	37681	0	116365918178	77067804	232765254	2148664	103	4613	1	37
1677879908	693	3564981	3569200	0	5897360	110026252512	0	37681	0	116683384881	77278032	233334156	2153751	103	4627	1	37
1677879910	695	3586465	3590684	0	5962896	110337073836	0	37681	0	117012973914	77496158	233933715	2159551	104	4642	1	37
1677879912	697	3586465	3590684	0	5962896	110337073836	0	37681	0	117012974064	77496160	233934381	2159555	104	4642	1	37
1677879914	699	3577669	3581888	0	5766288	110492192977	0	37681	0	117179707236	77606856	234303959	2162313	104	4642	1	37
1677879916	701	3618037	3622256	0	5962896	110940533479	0	37681	0	117652920468	77920050	235075723	2169600	104	4662	1	37
1677879918	703	3573785	3578004	0	5897360	111269540358	0	37681	0	118001842824	78151347	235772307	2175494	105	4684	1	37
1677879920	705	3604381	3608600	0	6028432	111635939113	0	37681	0	118390392345	78408705	236538842	2182507	105	4699	1	37
1677879922	707	3567821	3572040	0	5897360	111916008097	0	37681	0	118687395134	78605431	237155128	2188185	105	4711	1	37
1677879924	709	3595361	3599580	0	5967048	112318778401	0	37681	0	119114500113	78888217	238006648	2196298	106	4724	1	37
1677879926	711	3554381	3558600	0	5734716	112643324677	0	37681	0	119458713930	79116588	238771288	2202336	106	4743	1	37
1677879928	713	3610617	3614836	0	5975508	113331026837	0	37681	0	120187952867	79599280	240020909	2214340	107	4766	1	37
1677879930	715	3602273	3606492	0	5960620	113676414177	0	37681	0	120554223271	79841894	240771125	2221088	107	4783	1	37
1677879932	717	3598049	3602268	0	5895084	113677502855	0	37681	0	120555389615	79842764	240812139	2221318	107	4787	1	37
1677879934	719	3598049	3602268	0	5895084	113677502855	0	37681	0	120555389765	79842766	240815811	2221324	107	4787	1	37
1677879936	721	3597461	3601680	0	5831512	113991955770	0	37681	0	120888848895	80063605	241432438	2226941	107	4794	1	37
1677879938	723	3612865	3617084	0	5910168	114366621084	0	37681	0	121286156853	80326675	242194351	2234092	107	4818	1	37
1677879940	725	3613253	3617472	0	5844632	114653538869	0	37681	0	121590428196	80528272	242787875	2239385	108	4831	1	37
1677879942	727	3608761	3612980	0	5779096	114981067452	0	37681	0	121937770728	80758437	243522559	2245967	108	4844	1	37
1677879944	729	3622477	3626696	0	5975704	115379782855	0	37681	0	122360612590	81038575	244589254	2255799	109	4862	1	37
1677879946	731	3616965	3621184	0	5910168	115691783341	0	37681	0	122691451717	81257526	245317716	2262953	109	4875	1	37
1677879948	733	3616965	3621184	0	5910168	115691783341	0	37681	0	122691452111	81257530	245318683	2262960	109	4878	1	37
1677879950	735	3616965	3621184	0	5910168	115695048660	0	37681	0	122694938426	81260013	245406314	2263434	109	4878	1	37
1677879952	737	3610905	3615124	0	5779096	116127965377	0	37681	0	123154043385	81564230	246326101	2271468	109	4895	1	37
1677879954	739	3598681	3602900	0	5865788	116452369659	0	37681	0	123498082168	81792298	247170749	2279021	110	4912	1	37
1677879956	741	3600221	3604440	0	5835616	116811503111	0	37681	0	123878909571	82044377	247767396	2284589	110	4928	1	37
1677879958	743	3614913	3619132	0	6002924	117162665551	0	37681	0	124251298514	82291007	248530137	2291667	110	4943	1	37
1677879960	745	3609189	3613408	0	6026156	117493054316	0	37681	0	124601655695	82523029	249104518	2296763	111	4956	1	37
1677879962	747	3607121	3611340	0	5960620	117534587450	0	37681	0	124645721970	82552393	249295144	2298230	111	4960	1	37
1677879964	749	3593577	3597796	0	5765676	118097113820	0	37681	0	125242338046	82947562	250462890	2309065	111	4977	1	37
1677879966	751	3614469	3618688	0	5969200	118583908286	0	37681	0	125758478816	83289414	251520199	2318883	112	5002	1	37
1677879968	753	3601793	3606012	0	5838128	118983761822	0	37681	0	126182540857	83570580	252377665	2325928	112	5023	1	37
1677879970	755	3629369	3633588	0	5903664	119584235076	0	37681	0	126819307203	83992061	253570869	2337336	112	5042	1	37
1677879972	757	3637689	3641908	0	5969200	119601578131	0	37681	0	126837716351	84004375	253665430	2338012	112	5051	1	37
1677879974	759	3617401	3621620	0	5800252	119619800842	0	37681	0	126857063991	84017370	253774731	2338802	113	5051	1	37
1677879976	761	3644989	3649208	0	5829548	120151313990	0	37681	0	127420692775	84390578	254738247	2347438	113	5068	1	37
1677879978	763	3649253	3653472	0	5895084	120416887928	0	37681	0	127702339056	84577252	255404651	2353515	113	5084	1	37
1677879980	765	3646337	3650556	0	5829548	120735605084	0	37681	0	128040350910	84801345	256209365	2360632	114	5099	1	37
1677879982	767	3605889	3610108	0	5895084	121054628728	0	37681	0	128378668928	85025504	256873759	2366424	114	5113	1	37
1677879984	769	3663725	3667944	0	6091692	121700854137	0	37681	0	129063917678	85479014	257923137	2376316	114	5134	1	37
1677879986	771	3659013	3663232	0	6026156	121837933435	0	37681	0	129209329940	85575700	258405996	2380141	115	5146	1	37
1677879988	773	3673021	3677240	0	5895084	122130488473	0	37681	0	129519594171	85781391	259100151	2386206	115	5158	1	37
1677879990	775	3704177	3708396	0	6026156	122743819366	0	37681	0	130171642566	86212967	260313230	2397776	116	5180	1	37
1677879992	777	3704177	3708396	0	6026156	122747027194	0	37681	0	130175044254	86215220	260322304	2397876	116	5184	1	37
1677879994	779	3694277	3698496	0	5940156	122772919662	0	37697	0	130202545054	86233782	260542895	2399325	116	5185	1	37
1677879996	781	3694373	3698592	0	6026156	123294068668	0	37713	0	130755645721	86600027	261646513	2409581	116	5200	1	37
1677879998	783	3714357	3718576	0	6091692	123761160938	0	37713	0	131250504948	86927696	262554656	2418102	117	5219	1	37
1677880000	785	3744029	3748248	0	6157228	123765794237	0	37713	0	131255435739	86931096	262627200	2418494	117	5226	1	37
1677880002	787	3723121	3727340	0	5960620	124091080186	0	37713	0	131600418054	87159848	263394183	2425024	117	5239	1	37
1677880004	789	3737185	3741404	0	6026156	124567808020	0	37713	0	132105963697	87494667	264368780	2434060	117	5255	1	37
1677880006	791	3742117	3746336	0	6091692	124718823847	0	37713	0	132266105511	87600676	264703766	2437394	118	5264	1	37
1677880008	793	3728705	3732924	0	6026156	124975632372	0	37713	0	132538445719	87781126	265272852	2442467	118	5271	1	37
1677880010	795	3728889	3733108	0	6026156	125262343804	0	37713	0	132842521940	87982778	265931423	2447963	118	5290	1	37
1677880012	797	3726817	3731036	0	5960620	125638661471	0	37713	0	133241753769	88247452	266862949	2456264	119	5305	1	37
1677880014	799	3731077	3735296	0	6026156	126155394911	0	37713	0	133789578521	88610192	267798753	2464694	119	5326	1	37
1677880016	801	3735133	3739352	0	6091692	126466490009	0	37713	0	134119503886	88828892	268598000	2471908	119	5341	1	37
1677880018	803	3730853	3735072	0	6026156	126732964267	0	37713	0	134402105792	89016226	269290249	2478025	120	5355	1	37
1677880020	805	3726825	3731044	0	5960620	127073175793	0	37713	0	134762892812	89255191	270108543	2485568	120	5369	1	37
1677880022	807	3726833	3731052	0	5960620	127448578757	0	37729	0	135161044658	89519191	271093239	2494181	120	5385	1	37
1677880024	809	3726837	3731056	0	5960620	127618690113	0	37729	0	135341416935	89638472	271375585	2497128	121	5394	1	37
1677880026	811	3726837	3731056	0	5960620	127639042335	0	37729	0	135363027173	89653006	271521542	2498140	121	5395	1	37
1677880028	813	3726837	3731056	0	5960620	128021619936	0	37729	0	135768751217	89921862	272484979	2507056	121	5410	1	37
1677880030	815	3726837	3731056	0	5960620	128471603362	0	37729	0	136245933617	90237904	273399702	2515333	121	5428	1	37
1677880032	817	3726841	3731060	0	5960620	128916716995	0	37729	0	136717966545	90550634	274434969	2524867	122	5447	1	37
1677880034	819	3735225	3739444	0	6091692	129189146111	0	37729	0	137006862855	90741975	274994976	2529966	122	5462	1	37
1677880036	821	3726849	3731068	0	5960620	129211480052	0	37729	0	137030602025	90758145	275252932	2531543	122	5463	1	37
1677880038	823	3726849	3731068	0	5960620	129544743613	0	37729	0	137385194952	90993022	276375671	2542323	122	5476	1	37
1677880040	825	3735465	3739684	0	6091692	129819652218	0	37745	0	137676723592	91186120	277046633	2548656	123	5488	1	37
1677880042	827	3758245	3762464	0	6026156	130179741454	0	37745	0	138058597895	91439181	277847681	2555870	123	5504	1	37
1677880044	829	3758373	3762592	0	6026156	130494080208	0	37745	0	138391936798	91659932	278588773	2562980	123	5515	1	37
1677880046	831	3762657	3766876	0	6091692	130496130950	0	37745	0	138394120046	91661456	278630420	2563214	123	5518	1	37
1677880048	833	3762657	3766876	0	6091692	130496130950	0	37745	0	138394120752	91661465	278631642	2563225	123	5518	1	37
1677880050	835	3762657	3766876	0	6091692	130496130950	0	37745	0	138394120902	91661467	278632308	2563229	123	5518	1	37
1677880052	837	3762657	3766876	0	6091692	130496130950	0	37745	0	138394121052	91661469	278632974	2563233	123	5518	1	37
1677880054	839	3762657	3766876	0	6091692	130496130950	0	37745	0	138394121277	91661472	278633781	2563239	123	5518	1	37
1677880056	841	3762657	3766876	0	6091692	130496130950	0	37745	0	138394121502	91661475	278634588	2563245	123	5518	1	37
1677880058	843	3762657	3766876	0	6091692	130496130950	0	37745	0	138394121859	91661480	278635527	2563253	123	5518	1	37
1677880060	845	3762657	3766876	0	6091692	130496130950	0	37745	0	138394122009	91661482	278637000	2563262	123	5518	1	37
1677880062	847	3762657	3766876	0	6091692	130496130950	0	37745	0	138394122159	91661484	278639037	2563276	123	5518	1	37
1677880064	849	3762657	3766876	0	6091692	130496130950	0	37745	0	138394122685	91661490	278640284	2563285	123	5518	1	37
1677880066	851	3762657	3766876	0	6091692	130496130950	0	37745	0	138394122910	91661493	278641484	2563293	123	5518	1	37
1677880068	853	3762657	3766876	0	6091692	130496130950	0	37745	0	138394123060	91661495	278642150	2563297	123	5518	1	37
1677880070	855	3762657	3766876	0	6091692	130496130950	0	37745	0	138394123285	91661498	278642957	2563303	123	5518	1	37
1677880072	857	3762657	3766876	0	6091692	130496130950	0	37745	0	138394123435	91661500	278643623	2563307	123	5518	1	37
1677880074	859	3762657	3766876	0	6091692	130496130950	0	37745	0	138394123675	91661503	278644772	2563314	123	5518	1	37
1677880076	861	3762657	3766876	0	6091692	130496130950	0	37745	0	138394123900	91661506	278645579	2563320	123	5518	1	37
1677880078	863	3762657	3766876	0	6091692	130496130950	0	37745	0	138394124125	91661509	278646386	2563326	123	5518	1	37
1677880080	865	3762657	3766876	0	6091692	130496130950	0	37745	0	138394124519	91661513	278647353	2563333	123	5518	1	37
1677880082	867	3762657	3766876	0	6091692	130496130950	0	37745	0	138394124801	91661517	278648094	2563338	123	5518	1	37
1677880084	869	3762657	3766876	0	6091692	130498600938	0	37745	0	138396767946	91663453	278717337	2563746	123	5518	1	37
1677880086	871	3759501	3763720	0	6026156	131014019879	0	37745	0	138943327018	92025319	279886947	2574761	124	5535	1	37
1677880088	873	3759501	3763720	0	6026156	131259950916	0	37745	0	139204135399	92198150	280417239	2579424	124	5547	1	37
1677880090	875	3759501	3763720	0	6026156	131279173664	0	37745	0	139224535241	92211765	280498698	2580034	124	5554	1	37
1677880092	877	3728993	3733212	0	6026156	131569214214	0	37745	0	139532133397	92415707	281147625	2585487	124	5566	1	37
1677880094	879	3760737	3764956	0	6026156	131881477620	0	37745	0	139863283785	92635119	281904034	2592471	125	5576	1	37
1677880096	881	3762785	3767004	0	6091692	132280587133	0	37761	0	140286537156	92915594	282816567	2600745	125	5594	1	37
1677880098	883	3764837	3769056	0	6091692	132650302707	0	37761	0	140678610938	93175344	283726789	2609218	125	5607	1	37
1677880100	885	3762789	3767008	0	6091692	132996875482	0	37761	0	141046178588	93419121	284555780	2616215	126	5622	1	37
1677880102	887	3764837	3769056	0	6062396	133263705139	0	37761	0	141329133122	93606509	285159953	2621922	126	5634	1	37
1677880104	889	3762873	3767092	0	6091692	133527425564	0	37761	0	141609009552	93792232	285770718	2626858	126	5648	1	37
1677880106	891	3766893	3771112	0	6091692	133765328862	0	37761	0	141861113565	93959107	286230506	2631081	127	5659	1	37
1677880108	893	3768941	3773160	0	6157228	134013747086	0	37777	0	142124561320	94133683	286702370	2635151	127	5671	1	37
1677880110	895	3760753	3764972	0	6026156	134277426525	0	37777	0	142405504235	94319927	287535627	2642681	127	5681	1	37
1677880112	897	3760749	3764968	0	5996860	134517097243	0	37777	0	142659699825	94488579	288203988	2648401	127	5693	1	37
1677880114	899	3760749	3764968	0	5996860	134519167686	0	37777	0	142661900532	94490096	288245101	2648617	128	5693	1	37
1677880116	901	3760753	3764972	0	6026156	134983110132	0	37777	0	143153886254	94815928	289504374	2660600	128	5708	1	37
1677880118	903	3765057	3769276	0	6091692	135236001321	0	37777	0	143422069594	94993563	290073446	2666010	128	5720	1	37
1677880120	905	3766901	3771120	0	6091692	135357810552	0	37777	0	143551250886	95079197	290396590	2668910	128	5725	1	37
1677880122	907	3760757	3764976	0	6026156	135624408182	0	37777	0	143833989404	95266649	291110201	2675422	129	5736	1	37
1677880124	909	3771149	3775368	0	6157228	135809212880	0	37777	0	144029968850	95396485	291495474	2678772	129	5746	1	37
1677880126	911	3766917	3771136	0	6091692	136353990472	0	37777	0	144607674338	95779078	292603574	2688920	129	5764	1	37
1677880128	913	3766917	3771136	0	6091692	136636737773	0	37777	0	144907530236	95977808	293301172	2695257	130	5782	1	37
1677880130	915	3760773	3764992	0	6026156	136672933648	0	37777	0	144946457226	96004053	293588674	2697167	130	5783	1	37
1677880132	917	3775697	3779916	0	6222764	137209277945	0	37777	0	145514704280	96380138	294517075	2705955	130	5804	1	37
1677880134	919	3769149	3773368	0	6157228	137492568553	0	37777	0	145815168998	96579536	295280848	2712208	131	5820	1	37
1677880136	921	3766977	3771196	0	6091692	138009116941	0	37777	0	146362920876	96942133	296178438	2720621	131	5836	1	37
1677880138	923	3766989	3771208	0	6091692	138115490156	0	37777	0	146475773950	97017279	296571584	2723474	131	5847	1	37
1677880140	925	3765061	3769280	0	6091692	138250386606	0	37777	0	146618816189	97111952	296801739	2725742	131	5852	1	37
1677880142	927	3766993	3771212	0	6091692	138348949160	0	37777	0	146723353970	97181325	297080230	2728062	132	5857	1	37
1677880144	929	3777193	3781412	0	6026156	138601848641	0	37777	0	146991580294	97359292	297760459	2733855	132	5868	1	37
1677880146	931	3816621	3820840	0	6353836	139078609758	0	37777	0	147497144846	97693988	298629386	2741990	132	5887	1	37
1677880148	933	3777401	3781620	0	6062396	139336807325	0	37777	0	147771001124	97875760	299256413	2747002	133	5900	1	37
1677880150	935	3777409	3781628	0	6091692	139577251716	0	37777	0	148026009100	98044920	299868221	2752027	133	5911	1	37
1677880152	937	3777409	3781628	0	6091692	139819421035	0	37777	0	148282828638	98215096	300319363	2755909	133	5922	1	37
1677880154	939	3785673	3789892	0	6222764	140045606793	0	37777	0	148524110464	98374774	301079011	2763326	134	5931	1	37
1677880156	941	3783569	3787788	0	6157228	140310807055	0	37793	0	148805340766	98561258	301718914	2768976	134	5943	1	37
1677880158	943	3793945	3798164	0	6222764	140537877032	0	37793	0	149046132209	98720700	302205860	2773543	134	5952	1	37
1677880160	945	3777421	3781640	0	6091692	140596684452	0	37793	0	149111320214	98764194	302495868	2775565	134	5953	1	37
1677880162	947	3783569	3787788	0	6157228	141023778475	0	37793	0	149561447359	99062338	303281839	2782631	135	5974	1	37
1677880164	949	3781577	3785796	0	6157228	141361336557	0	37793	0	149919453289	99299798	304186074	2790524	135	5988	1	37
1677880166	951	3794413	3798632	0	6222764	141718340745	0	37793	0	150298052875	99550673	304952507	2797271	135	6003	1	37
1677880168	953	3794413	3798632	0	6222764	141718998732	0	37793	0	150298753753	99551167	304967909	2797358	135	6003	1	37
1677880170	955	3777909	3782128	0	6091692	141983300240	0	37793	0	150579071053	99737157	305738757	2804052	136	6014	1	37
1677880172	957	3784189	3788408	0	6157228	142351694484	0	37793	0	150969742782	99995972	306538560	2811375	136	6028	1	37
1677880174	959	3782141	3786360	0	6157228	142577842164	0	37793	0	151209584780	100155012	307098651	2816210	136	6038	1	37
1677880176	961	3788293	3792512	0	6222764	143099536118	0	37793	0	151762821674	100521484	308199442	2826301	137	6056	1	37
1677880178	963	3782069	3786288	0	6157228	143368939039	0	37793	0	152048558917	100711098	308873186	2831955	137	6070	1	37
1677880180	965	3797581	3801800	0	6288300	143609149242	0	37793	0	152303286917	100879809	309349541	2836161	138	6080	1	37
1677880182	967	3778045	3782264	0	6091692	143859040195	0	37793	0	152568319382	101055634	310055484	2842360	138	6091	1	37
1677880184	969	3789749	3793968	0	6186524	143970483233	0	37793	0	152686509307	101133989	310314594	2844628	138	6094	1	37
1677880186	971	3791797	3796016	0	6161864	144221286739	0	37793	0	152952467295	101310068	310796042	2849272	138	6105	1	37
1677880188	973	3783749	3787968	0	6068092	144234681877	0	37793	0	152966717885	101319911	311017758	2850544	138	6106	1	37
1677880190	975	3800533	3804752	0	6173688	144721166017	0	37793	0	153484324333	101662480	312108901	2861072	139	6121	1	37
1677880192	977	3797953	3802172	0	6110432	145002089170	0	37793	0	153782276317	101860187	312801573	2866728	139	6139	1	37
1677880194	979	3797953	3802172	0	6110432	145243196209	0	37793	0	154037954649	102029489	313312760	2871524	139	6151	1	37
1677880196	981	3801489	3805708	0	6145216	145251558717	0	37793	0	154046853348	102035610	313411725	2872155	139	6151	1	37
1677880198	983	3805957	3810176	0	6229120	145498568842	0	37793	0	154308790789	102209086	313877558	2876120	139	6163	1	37
1677880200	985	3784509	3788728	0	6157228	145869112125	0	37793	0	154701774768	102469701	314784006	2883905	140	6177	1	37
1677880202	987	3790073	3794292	0	6166660	146247326123	0	37809	0	155105283224	102737191	315637618	2891350	140	6189	1	37
1677880204	989	3798457	3802676	0	6166660	146629820226	0	37809	0	155508498294	103004255	316403735	2898286	141	6205	1	37
1677880206	991	3819317	3823536	0	6334760	147043942603	0	37825	0	155947680103	103295342	317492851	2908061	141	6224	1	37
1677880208	993	3813481	3817700	0	6288300	147302055446	0	37825	0	156221433426	103476963	318218637	2914374	141	6236	1	37
1677880210	995	3831377	3835596	0	6252060	147657721657	0	37825	0	156598637979	103727102	319148405	2922570	142	6249	1	37
1677880212	997	3848701	3852920	0	6360160	148113648490	0	37825	0	157082125541	104047314	320006165	2930295	142	6266	1	37
1677880214	999	3836861	3841080	0	6293096	148359098633	0	37825	0	157342464337	104220152	320672300	2935723	142	6279	1	37
1677880216	1001	3836805	3841024	0	6305332	148576442164	0	37825	0	157572944396	104372797	321158995	2940189	143	6288	1	37
1677880218	1003	3849473	3853692	0	6294636	148819632832	0	37825	0	157830845432	104543677	321628480	2944357	143	6298	1	37
1677880220	1005	3849989	3854208	0	6360172	149048083637	0	37825	0	158073123261	104704291	322127703	2948603	143	6307	1	37
1677880222	1007	3856457	3860676	0	6294636	149288209470	0	37857	0	158327785350	104873119	322642040	2953018	143	6317	1	37
1677880224	1009	3851921	3856140	0	6294636	149522350070	0	37857	0	158576107912	105037817	323172801	2957334	144	6328	1	37
1677880226	1011	3837261	3841480	0	6234832	149776727322	0	37857	0	158845906874	105216881	323807704	2962471	144	6339	1	37
1677880228	1013	3847369	3851588	0	6234832	150001319147	0	37857	0	159084091689	105374760	324278517	2966575	144	6348	1	37
1677880230	1015	3837265	3841484	0	6234832	150299841618	0	37857	0	159400674349	105584568	325039157	2973366	145	6359	1	37
1677880232	1017	3827381	3831600	0	6259004	150682512425	0	37857	0	159806505589	105853601	326048774	2982474	145	6371	1	37
1677880234	1019	3842989	3847208	0	6288300	151006848539	0	37857	0	160150469604	106081587	326831278	2989546	146	6383	1	37
1677880236	1021	3825797	3830016	0	6229108	151243977381	0	37857	0	160401999337	106248731	327561494	2995311	146	6394	1	37
1677880238	1023	3843693	3847912	0	6360180	151452370227	0	37857	0	160622963297	106394863	327868945	2998481	146	6400	1	37
1677880240	1025	3850261	3854480	0	6294804	151684769500	0	37857	0	160869449694	106558428	328505925	3003812	146	6412	1	37
1677880242	1027	3870333	3874552	0	6353836	151910979053	0	37857	0	161109350989	106717462	329024215	3008345	147	6421	1	37
1677880244	1029	3825689	3829908	0	6199812	152124590991	0	37857	0	161335931070	106867976	329629871	3013192	147	6430	1	37
1677880246	1031	3834845	3839064	0	6236328	152342422398	0	37857	0	161566965874	107021102	330091084	3017315	147	6439	1	37
1677880248	1033	3845065	3849284	0	6230688	152555020115	0	37857	0	161792424319	107170699	330636221	3021722	147	6448	1	37
1677880250	1035	3893429	3897648	0	6431448	152960486367	0	37857	0	162222418515	107455640	331467070	3028879	148	6464	1	37
1677880252	1037	3868329	3872548	0	6419372	153301755146	0	37857	0	162584418341	107695738	332479002	3037691	148	6472	1	37
1677880254	1039	3868045	3872264	0	6390076	153553161491	0	37857	0	162850977052	107872397	333026518	3042467	149	6482	1	37
1677880256	1041	3875441	3879660	0	6299152	153772847246	0	37857	0	163083985991	108027064	333698643	3048140	149	6495	1	37
1677880258	1043	3875441	3879660	0	6299152	153772847246	0	37857	0	163083986141	108027066	333699309	3048144	149	6495	1	37
1677880260	1045	3875441	3879660	0	6299152	153774321076	0	37857	0	163085555093	108028163	333733077	3048322	149	6495	1	37
1677880262	1047	3875745	3879964	0	6299152	153984515357	0	37857	0	163308478226	108175995	334272134	3053047	149	6503	1	37
1677880264	1049	3881245	3885464	0	6299152	154185416535	0	37857	0	163521552098	108317350	334795496	3057498	149	6511	1	37
1677880266	1051	3843097	3847316	0	6272720	154379208753	0	37857	0	163727110878	108453899	335300962	3061552	150	6519	1	37
1677880268	1053	3748533	3752752	0	6145504	154556142677	0	37857	0	163914747327	108578266	335699973	3065001	150	6525	1	37
1677880270	1055	3678001	3682220	0	6014432	154843932187	0	37857	0	164220046318	108780883	336454728	3071279	151	6533	1	37
1677880272	1057	3678005	3682224	0	6043728	155086461280	0	37857	0	164477202691	108951446	337038886	3076245	151	6546	1	37
1677880274	1059	3678005	3682224	0	6043728	155270472379	0	37857	0	164672391037	109081161	337588023	3080530	152	6555	1	37
1677880276	1061	3678005	3682224	0	6043728	155485378200	0	37857	0	164900319155	109232397	338191549	3085690	153	6563	1	37
1677880278	1063	3678005	3682224	0	6043728	155670529214	0	37857	0	165096696846	109362743	338720462	3090128	153	6572	1	37
1677880280	1065	3678005	3682224	0	6043728	155855929788	0	37857	0	165293345198	109493338	339199947	3094023	154	6581	1	37
1677880282	1067	3678005	3682224	0	6043728	156027961537	0	37857	0	165475772270	109614137	339525424	3096968	154	6588	1	37
1677880284	1069	3678005	3682224	0	6043728	156043351789	0	37857	0	165492139621	109625340	339704248	3098091	155	6590	1	37
1677880286	1071	3678005	3682224	0	6043728	156208681959	0	37857	0	165667472675	109741557	340118818	3101731	155	6598	1	37
1677880288	1073	3678005	3682224	0	6043728	156374943766	0	37857	0	165843807047	109858517	340515039	3105192	156	6606	1	37
1677880290	1075	3678005	3682224	0	6043728	156547189569	0	37857	0	166026498441	109979804	340981757	3108935	157	6614	1	37
1677880292	1077	3678005	3682224	0	6043728	156709529776	0	37857	0	166198671805	110093988	341354853	3112165	157	6622	1	37
1677880294	1079	3678005	3682224	0	6043728	156895842948	0	37857	0	166396288815	110225243	341891076	3116326	158	6631	1	37
1677880296	1081	3678005	3682224	0	6043728	157075111259	0	37857	0	166586419874	110351375	342376167	3120636	158	6639	1	37
1677880298	1083	3678005	3682224	0	6043728	157260129249	0	37857	0	166782654024	110481617	342904393	3125103	159	6647	1	37
1677880300	1085	3678005	3682224	0	6043728	157440182827	0	37857	0	166973614462	110608264	343334851	3128906	160	6655	1	37
1677880302	1087	3678005	3682224	0	6043728	157458825259	0	37857	0	166993415953	110621653	343490821	3129893	160	6657	1	37
1677880304	1089	3678005	3682224	0	6043728	157631990357	0	37857	0	167177093658	110743560	343936995	3133556	161	6666	1	37
1677880306	1091	3678005	3682224	0	6043728	157793326765	0	37857	0	167348174584	110856940	344298757	3136632	161	6673	1	37
1677880308	1093	3678005	3682224	0	6043728	157986935124	0	37857	0	167553514931	110993166	344806723	3141093	162	6682	1	37
1677880310	1095	3678005	3682224	0	6043728	157997162455	0	37857	0	167564395627	111000681	344960265	3142028	162	6684	1	37
1677880312	1097	3678005	3682224	0	6043728	158333241492	0	37857	0	167920813706	111236928	345654169	3147967	163	6698	1	37
1677880314	1099	3678005	3682224	0	6043728	158512409619	0	37857	0	168110843050	111363041	346088376	3151477	164	6707	1	37
1677880316	1101	3678005	3682224	0	6043728	158524939833	0	37857	0	168124153376	111372032	346173761	3152081	164	6709	1	37
1677880318	1103	3678005	3682224	0	6043728	158688799975	0	37857	0	168297930974	111487262	346632300	3156029	164	6717	1	37
1677880320	1105	3678005	3682224	0	6043728	158877816811	0	37857	0	168498401407	111620263	347116146	3160078	165	6725	1	37
1677880322	1107	3678005	3682224	0	6043728	159047787735	0	37857	0	168678671194	111739843	347556692	3163939	166	6733	1	37
1677880324	1109	3678005	3682224	0	6043728	159212653127	0	37857	0	168853538072	111855957	348061300	3168196	166	6740	1	37
1677880326	1111	3678005	3682224	0	6043728	159400258323	0	37857	0	169052515880	111988013	348595738	3172772	167	6747	1	37
1677880328	1113	3678005	3682224	0	6043728	159590575137	0	37857	0	169254392275	112122165	349168387	3177441	168	6755	1	37
1677880330	1115	3678005	3682224	0	6043728	159959691293	0	37857	0	169645856088	112381739	350049333	3184969	168	6770	1	37
1677880332	1117	3678005	3682224	0	6043728	160167359119	0	37857	0	169866174605	112528241	350749297	3190456	169	6778	1	37
1677880334	1119	3678005	3682224	0	6043728	160502460947	0	37857	0	170221533984	112763841	351526332	3197288	170	6791	1	37
1677880336	1121	3678005	3682224	0	6043728	160712038855	0	37857	0	170443847708	112911654	352254800	3203164	171	6800	1	37
1677880338	1123	3678005	3682224	0	6043728	161057530569	0	37857	0	170810248665	113154521	353005943	3209686	171	6814	1	37
1677880340	1125	3678005	3682224	0	6043728	161228201250	0	37857	0	170991294443	113274902	353530664	3213775	172	6822	1	37
1677880342	1127	3678005	3682224	0	6043728	161438800900	0	37873	0	171214655863	113423109	354053381	3218060	173	6831	1	37
1677880344	1129	3678005	3682224	0	6043728	161746504740	0	37873	0	171540982435	113639438	354811028	3224818	173	6842	1	37
1677880346	1131	3678005	3682224	0	6043728	161939122975	0	37873	0	171745336544	113775010	355316612	3229167	174	6849	1	37
1677880348	1133	3678005	3682224	0	6043728	162082055718	0	37873	0	171897265940	113875879	355716750	3232428	174	6853	1	37
1677880350	1135	3678005	3682224	0	6043728	162279760517	0	37873	0	172106577381	114014898	356281237	3236971	175	6865	1	37
1677880352	1137	3678005	3682224	0	6043728	162477493080	0	37873	0	172316280212	114153937	356766536	3241264	176	6874	1	37
1677880354	1139	3678001	3682220	0	6014432	162685137912	0	37873	0	172536532313	114300289	357372814	3246013	176	6884	1	37
1677880356	1141	3678005	3682224	0	6043728	162874438931	0	37873	0	172737331815	114433736	357930364	3250275	177	6892	1	37
1677880358	1143	3678005	3682224	0	6043728	163047514858	0	37873	0	172920892301	114555478	358333872	3253753	178	6901	1	37
1677880360	1145	3678005	3682224	0	6043728	163228109945	0	37873	0	173112429750	114682545	358983240	3259500	178	6909	1	37
1677880362	1147	3678005	3682224	0	6043728	163415161670	0	37873	0	173310822024	114814239	359580509	3264560	179	6917	1	37
1677880364	1149	3678005	3682224	0	6043728	163771141156	0	37873	0	173688356667	115064423	360410963	3272189	180	6932	1	37
1677880366	1151	3678005	3682224	0	6043728	163817345196	0	37873	0	173737702774	115097525	360709482	3274289	180	6934	1	37
1677880368	1153	3678005	3682224	0	6043728	163977633769	0	37873	0	173907386587	115210101	361138049	3277940	181	6942	1	37
1677880370	1155	3678005	3682224	0	6043728	164157172003	0	37873	0	174097794718	115336325	361570173	3281944	181	6949	1	37
1677880372	1157	3678005	3682224	0	6043728	164339541398	0	37873	0	174291195162	115464488	362025036	3286044	182	6957	1	37
1677880374	1159	3678005	3682224	0	6043728	164521065914	0	37873	0	174483733994	115592376	362594374	3290722	182	6965	1	37
1677880376	1161	3678005	3682224	0	6043728	164716672782	0	37873	0	174691212876	115730160	363183725	3295818	183	6974	1	37
1677880378	1163	3678005	3682224	0	6043728	164888841944	0	37873	0	174873826621	115851437	363671415	3299709	184	6982	1	37
1677880380	1165	3678005	3682224	0	6043728	165226908754	0	37873	0	175232348253	116089035	364416771	3306327	184	6997	1	37
1677880382	1167	3678005	3682224	0	6043728	165399654306	0	37873	0	175415577070	116210744	364944176	3310554	185	7004	1	37
1677880384	1169	3678005	3682224	0	6043728	165574701033	0	37873	0	175601348656	116333866	365286902	3313560	186	7011	1	37
1677880386	1171	3678005	3682224	0	6043728	165579144279	0	37873	0	175605921996	116336872	365294534	3313645	186	7015	1	37
1677880388	1173	3678005	3682224	0	6043728	165752552305	0	37873	0	175789854085	116459024	365809643	3317941	186	7021	1	37
1677880390	1175	3678005	3682224	0	6043728	165949639099	0	37873	0	175998899761	116597856	366406173	3322797	187	7029	1	37
1677880392	1177	3678005	3682224	0	6043728	166136460756	0	37873	0	176197068506	116729519	366912603	3326822	188	7038	1	37
1677880394	1179	3678005	3682224	0	6043728	166320132172	0	37873	0	176391881422	116858897	367486921	3331558	188	7046	1	37
1677880396	1181	3678005	3682224	0	6043728	166320132172	0	37873	0	176391881572	116858899	367487587	3331562	189	7048	1	37
1677880398	1183	3678005	3682224	0	6043728	166514333663	0	37873	0	176597841773	116995451	367935287	3335568	189	7057	1	37
1677880400	1185	3678005	3682224	0	6043728	166677158540	0	37873	0	176770524507	117109974	368350688	3339033	190	7063	1	37
1677880402	1187	3678005	3682224	0	6043728	166701565240	0	37873	0	176796423492	117127255	368462185	3340034	190	7066	1	37
1677880404	1189	3678005	3682224	0	6043728	166829556681	0	37873	0	176932145838	117217120	368732795	3342559	191	7069	1	37
1677880406	1191	3678005	3682224	0	6043728	167046854210	0	37873	0	177162621779	117370109	369423390	3348538	191	7080	1	37
1677880408	1193	3678005	3682224	0	6043728	167060179041	0	37873	0	177176779817	117379702	369533541	3349313	192	7082	1	37
1677880410	1195	3678005	3682224	0	6043728	167236364898	0	37873	0	177363643585	117503694	369981606	3353043	192	7090	1	37
1677880412	1197	3678005	3682224	0	6043728	167417313162	0	37873	0	177555567550	117631132	370488842	3357129	193	7098	1	37
1677880414	1199	3678005	3682224	0	6043728	167576140991	0	37873	0	177723978655	117742540	370740760	3359631	193	7106	1	37
1677880416	1201	3678005	3682224	0	6043728	167755456540	0	37873	0	177914177198	117868863	371241928	3363624	194	7114	1	37
1677880418	1203	3678005	3682224	0	6043728	167935270953	0	37873	0	178104917626	117995665	371788383	3367889	195	7123	1	37
1677880420	1205	3678005	3682224	0	6043728	168267646348	0	37873	0	178457402867	118229278	372575506	3374961	195	7135	1	37
1677880422	1207	3678005	3682224	0	6043728	168481546528	0	37889	0	178684298785	118380078	373237078	3380256	196	7145	1	37
1677880424	1209	3678005	3682224	0	6043728	168668955104	0	37889	0	178883075560	118512069	373787142	3384789	197	7153	1	37
1677880426	1211	3678005	3682224	0	6043728	168845321099	0	37889	0	179070136370	118636254	374257366	3388589	197	7161	1	37
1677880428	1213	3678013	3682232	0	6043728	169198733892	0	37889	0	179444937486	118884676	375050968	3395701	198	7175	1	37
1677880430	1215	3678013	3682232	0	6043728	169385433222	0	37889	0	179642938628	119015970	375497710	3399546	199	7182	1	37
1677880432	1217	3678013	3682232	0	6043728	169398548560	0	37889	0	179656891889	119025567	375672065	3400602	199	7184	1	37
1677880434	1219	3678013	3682232	0	6043728	169569569055	0	37889	0	179838234250	119145562	375998335	3403794	200	7192	1	37
1677880436	1221	3678013	3682232	0	6043728	169762892347	0	37889	0	180043297160	119281817	376613822	3408750	200	7201	1	37
1677880438	1223	3680061	3684280	0	6109264	169932486762	0	37889	0	180223248603	119401374	377068235	3412400	201	7208	1	37
1677880440	1225	3678013	3682232	0	6043728	170118179804	0	37889	0	180420141349	119532046	377567425	3416587	202	7216	1	37
1677880442	1227	3678013	3682232	0	6043728	170288220969	0	37889	0	180600464455	119651516	377936153	3419845	202	7224	1	37
1677880444	1229	3678013	3682232	0	6043728	170584186052	0	37889	0	180914617935	119860026	378860705	3427790	203	7232	1	37
1677880446	1231	3678013	3682232	0	6043728	170792918446	0	37889	0	181135743427	120006672	379451096	3433041	204	7246	1	37
1677880448	1233	3678281	3682500	0	6043728	170996377008	0	37905	0	181351547031	120149962	380049355	3438080	204	7255	1	37
1677880450	1235	3678281	3682500	0	6043728	171216063660	0	37905	0	181584573351	120304795	380731507	3443650	205	7264	1	37
1677880452	1237	3678281	3682500	0	6043728	171570897495	0	37937	0	181960883241	120554251	381542624	3450722	206	7278	1	37
1677880454	1239	3678281	3682500	0	6043728	171756115695	0	37937	0	182157343555	120684772	382166783	3455802	206	7286	1	37
1677880456	1241	3678281	3682500	0	6043728	171834003008	0	37937	0	182240270528	120739870	382395353	3457637	207	7288	1	37
1677880458	1243	3678281	3682500	0	6043728	171967100096	0	37937	0	182381131825	120833391	382811674	3461316	208	7296	1	37
1677880460	1245	3678281	3682500	0	6043728	172146712516	0	37937	0	182571634368	120959841	383295457	3465267	208	7304	1	37
1677880462	1247	3678281	3682500	0	6043728	172504786883	0	37937	0	182951375339	121211514	384068447	3472101	209	7319	1	37
1677880464	1249	3678281	3682500	0	6043728	172677910686	0	37937	0	183135006869	121333509	384632702	3476681	209	7327	1	37
1677880466	1251	3678281	3682500	0	6043728	172881059576	0	37937	0	183350453975	121476323	385137603	3481410	210	7334	1	37
1677880468	1253	3678281	3682500	0	6043728	173050893512	0	37937	0	183530568654	121595784	385524439	3484561	211	7341	1	37
1677880470	1255	3678281	3682500	0	6043728	173222744265	0	37937	0	183712846296	121716816	386006897	3488533	211	7351	1	37
1677880472	1257	3678281	3682500	0	6043728	173412522313	0	37937	0	183914141000	121850512	386539310	3492712	212	7360	1	37
1677880474	1259	3678281	3682500	0	6043728	173774530970	0	37937	0	184298072975	122105139	387418989	3500323	213	7372	1	37
1677880476	1261	3678281	3682500	0	6043728	173966891546	0	37937	0	184502106230	122240612	387992358	3505210	213	7381	1	37
1677880478	1263	3678281	3682500	0	6043728	174153263503	0	37937	0	184699782500	122371881	388547493	3509703	214	7390	1	37
1677880480	1265	3678281	3682500	0	6043728	174167468289	0	37937	0	184714874763	122382114	388681152	3510623	214	7392	1	37
1677880482	1267	3678281	3682500	0	6043728	174522494612	0	37937	0	185091381957	122631629	389530408	3518301	215	7406	1	37
1677880484	1269	3678281	3682500	0	6043728	174703890533	0	37937	0	185283783858	122759421	390091676	3522865	215	7414	1	37
1677880486	1271	3678281	3682500	0	6043728	174902219215	0	37937	0	185494160659	122899243	390712257	3527905	216	7422	1	37
1677880488	1273	3678905	3683124	0	6043728	175262422800	0	37953	0	185876158572	123152401	391676235	3536689	217	7436	1	37
1677880490	1275	3678905	3683124	0	6043728	175451892434	0	37969	0	186077129774	123285945	392267811	3541427	218	7445	1	37
1677880492	1277	3678905	3683124	0	6043728	175662040232	0	37969	0	186300038788	123434057	392956735	3547046	218	7454	1	37
1677880494	1279	3678905	3683124	0	6043728	175991906951	0	37969	0	186649872904	123665975	393746216	3554069	219	7468	1	37
1677880496	1281	3678905	3683124	0	6043728	176190819310	0	37969	0	186860855117	123806069	394295210	3558719	220	7476	1	37
1677880498	1283	3678905	3683124	0	6043728	176367781902	0	37969	0	187048546987	123930656	394774504	3562634	221	7484	1	37
1677880500	1285	3678905	3683124	0	6043728	176545945376	0	37969	0	187237520710	124056178	395280811	3566579	221	7493	1	37
1677880502	1287	3678905	3683124	0	6043728	176716793947	0	37969	0	187418717264	124176331	395710626	3570475	222	7501	1	37
1677880504	1289	3678905	3683124	0	6043728	176878976418	0	37969	0	187590705758	124290261	396026465	3573259	222	7509	1	37
1677880506	1291	3678905	3683124	0	6043728	177043931471	0	37969	0	187765666443	124406441	396505924	3577166	223	7516	1	37
1677880508	1293	3678905	3683124	0	6043728	177377375003	0	37969	0	188119315399	124641092	397435955	3585216	223	7527	1	37
1677880510	1295	3678905	3683124	0	6043728	177643327276	0	37969	0	188401383864	124828210	398115753	3591084	224	7542	1	37
1677880512	1297	3678905	3683124	0	6043728	177823266996	0	37969	0	188592238831	124954957	398649174	3595389	225	7550	1	37
1677880514	1299	3678905	3683124	0	6043728	178015662490	0	37969	0	188796316168	125090535	399189853	3599705	225	7558	1	37
1677880516	1301	3678905	3683124	0	6043728	178369258887	0	37969	0	189171312526	125339111	399991978	3606765	226	7572	1	37
1677880518	1303	3678905	3683124	0	6043728	178585372798	0	37969	0	189400519200	125491159	400707786	3613197	227	7580	1	37
1677880520	1305	3678905	3683124	0	6043728	178784009849	0	37985	0	189611228337	125631237	401317146	3617992	228	7589	1	37
1677880522	1307	3678905	3683124	0	6043728	178790520750	0	37985	0	189618143347	125635933	401395967	3618446	228	7591	1	37
1677880524	1309	3678905	3683124	0	6043728	179152231229	0	37985	0	190001742710	125890184	402209601	3625689	229	7605	1	37
1677880526	1311	3678905	3683124	0	6043728	179155108612	0	37985	0	190004823359	125892455	402299705	3626234	229	7607	1	37
1677880528	1313	3678905	3683124	0	6043728	179362623011	0	37985	0	190227143708	126040036	402954886	3631678	230	7615	1	37
1677880530	1315	3678905	3683124	0	6043728	179652556298	0	37985	0	190532394657	126242323	403595174	3637436	230	7629	1	37
1677880532	1317	3678905	3683124	0	6043728	179669074800	0	37985	0	190549954932	126254346	403829165	3638930	231	7631	1	37
1677880534	1319	3678905	3683124	0	6043728	179838140044	0	38001	0	190729240035	126373088	404177650	3642155	231	7639	1	37
1677880536	1321	3678905	3683124	0	6043728	179838140044	0	38001	0	190729240260	126373091	404178457	3642161	232	7641	1	37
1677880538	1323	3678905	3683124	0	6043728	179838140044	0	38001	0	190729240617	126373096	404179396	3642169	232	7643	1	37
1677880540	1325	3678905	3683124	0	6043728	179838140044	0	38001	0	190729240767	126373098	404180869	3642178	232	7645	1	37
1677880542	1327	3678905	3683124	0	6043728	179838140044	0	38001	0	190729241293	126373104	404183282	3642196	233	7646	1	37
1677880544	1329	3678905	3683124	0	6043728	180005369563	0	38001	0	190906600854	126490638	404523854	3645249	233	7654	1	37
1677880546	1331	3678905	3683124	0	6043728	180190441553	0	38001	0	191102874211	126620864	405000595	3649270	234	7663	1	37
1677880548	1333	3678905	3683124	0	6043728	180397797895	0	38001	0	191322820184	126766984	405640277	3654455	234	7672	1	37
1677880550	1335	3678905	3683124	0	6043728	180577806123	0	38001	0	191513725995	126893552	406080682	3658423	235	7680	1	37
1677880552	1337	3678905	3683124	0	6043728	180772075016	0	38001	0	191719779812	127030357	406614210	3662761	236	7688	1	37
1677880554	1339	3678905	3683124	0	6043728	180966014342	0	38001	0	191925502699	127167123	407258804	3667977	236	7696	1	37
1677880556	1341	3678905	3683124	0	6043728	181301341489	0	38001	0	192281114021	127402788	407988659	3674454	237	7708	1	37
1677880558	1343	3678905	3683124	0	6043728	181499801085	0	38001	0	192491634069	127542747	408642438	3679708	238	7718	1	37
1677880560	1345	3679529	3683748	0	6043728	181704374276	0	38001	0	192708923391	127687183	409254980	3684503	238	7727	1	37
1677880562	1347	3679529	3683748	0	6043728	182028895629	0	38017	0	193052798117	127915117	409969611	3690608	239	7741	1	37
1677880564	1349	3679529	3683748	0	6043728	182205195835	0	38017	0	193239769378	128039064	410364391	3694147	240	7748	1	37
1677880566	1351	3679529	3683748	0	6043728	182373601032	0	38033	0	193418394053	128157695	410847466	3697983	240	7755	1	37
1677880568	1353	3679529	3683748	0	6043728	182551033604	0	38033	0	193606619469	128282936	411476537	3702885	241	7764	1	37
1677880570	1355	3679529	3683748	0	6043728	182888012978	0	38033	0	193963991839	128519796	412212832	3709355	242	7778	1	37
1677880572	1357	3679529	3683748	0	6043728	183068427680	0	38033	0	194155369920	128647020	412746892	3713545	242	7786	1	37
1677880574	1359	3679529	3683748	0	6043728	183068584580	0	38033	0	194155537940	128647149	412754442	3713585	243	7788	1	37
1677880576	1361	3679529	3683748	0	6043728	183241224161	0	38033	0	194338616956	128768452	413149112	3717065	243	7796	1	37
1677880578	1363	3679529	3683748	0	6043728	183410736547	0	38033	0	194518405102	128887765	413589034	3720791	244	7804	1	37
1677880580	1365	3783861	3788080	0	6184664	183593223049	0	40274	4096	194711854061	129016050	414031749	3724748	244	7812	1	37
1677880582	1367	3783997	3788216	0	6184664	183593223049	0	369092	335872	194711854451	129016056	414032655	3724756	244	7814	1	37
