Time	wtime	pss	rss	swap	vmem	rchar	read_bytes	wchar	write_bytes	rx_bytes	rx_packets	tx_bytes	tx_packets	stime	utime	nprocs	nthreads
1677880586	1	242833	245220	0	457960	2600686	0	34566	0	60	1	60	1	0	0	1	1
1677880588	3	529713	534132	0	1111988	45855766	0	36435	0	190451	217	20582	155	0	1	1	6
1677880590	5	596193	600612	0	1268364	48020390	0	36481	0	190845	221	22023	168	0	3	1	6
1677880592	7	625657	630076	0	1297924	48020390	0	36481	0	191202	226	22905	175	0	5	1	6
1677880594	9	652469	656888	0	1326364	48020390	0	36481	0	191352	228	23571	179	0	7	1	6
1677880596	11	667349	671768	0	1337816	48020390	0	36527	0	191577	231	24378	185	0	9	1	6
1677880598	13	673469	677888	0	1490512	48701130	0	36953	0	936900	852	59495	427	0	11	1	6
1677880600	15	701441	705860	0	1576640	48973399	0	37181	0	1231423	1081	71334	504	0	13	1	6
1677880602	17	740077	744496	0	6020824	49110919	0	37360	0	1396806	1280	89790	642	0	15	1	69
1677880604	19	758401	762820	0	6020824	57686380	0	37392	0	10692193	8528	431289	2940	0	15	1	69
1677880606	21	910757	915176	0	6145684	93648171	0	37392	0	48896658	34217	653840	4749	1	17	1	69
1677880608	23	3088413	3092832	0	6675800	719069929	0	37424	0	714947071	474684	2155255	21041	2	30	1	69
1677880610	25	3431153	3435572	0	7392704	799794511	0	37424	0	800471491	531568	2454040	23762	2	61	1	69
1677880612	27	3501589	3506008	0	7225392	820433741	0	37424	0	822429724	546587	2693818	25359	3	62	1	69
1677880614	29	3583957	3588376	0	6706352	1116197997	0	37424	0	1136122099	754576	3407959	32097	3	78	1	69
1677880616	31	3745985	3750404	0	6935604	1477527619	0	37424	0	1521104080	1009592	4349371	41073	4	96	1	69
1677880618	33	3706401	3710820	0	6350324	1759985198	0	37424	0	1820619866	1207750	4837331	46211	4	111	1	69
1677880620	35	3799105	3803524	0	6737500	2116142577	0	37424	0	2198303741	1457790	5526968	52948	5	128	1	69
1677880622	37	3848065	3852484	0	7025964	2762681910	0	37424	0	2883887655	1911500	6815662	65578	6	146	1	69
1677880624	39	3795177	3799596	0	6377416	2875988668	0	37424	0	3004161864	1991980	7450372	70326	6	176	1	69
1677880626	41	3956397	3960816	0	7426684	3590566766	0	37424	0	3766282318	2495943	8663622	83024	7	219	1	69
1677880628	43	3857481	3861900	0	6352344	3690337854	0	37424	0	3872142009	2566481	9093021	86436	7	226	1	69
1677880630	45	3986013	3990432	0	7328444	4234945779	0	37424	0	4451603058	2949671	10345851	99180	8	259	1	69
1677880632	47	3897753	3902172	0	6349828	4357821511	0	37424	0	4581970371	3036448	10828641	103148	8	261	1	69
1677880634	49	4008517	4012936	0	7355404	5080155820	0	37424	0	5350631598	3544942	12146767	116279	9	306	1	69
1677880636	51	4022637	4027056	0	7008280	5761772323	0	37424	0	6073518166	4023351	13202724	125977	10	322	1	69
1677880638	53	3941613	3946032	0	6282584	5811255372	0	37424	0	6125976305	4058774	13633981	128855	11	361	1	69
1677880640	55	4076333	4080752	0	7366528	6485745572	0	37424	0	6846901106	4535729	14923383	141379	12	404	1	69
1677880642	57	4090089	4094508	0	7401164	7159788607	0	37424	0	7564685030	5010564	16078491	152900	13	427	1	69
1677880644	59	4004333	4008752	0	6610264	7270640090	0	37424	0	7682307301	5088968	16549458	156573	14	446	1	69
1677880646	61	4062189	4066608	0	7267160	7935453369	0	37424	0	8392871083	5558933	17809394	169300	14	477	1	69
1677880648	63	4121593	4126012	0	7531656	8023779911	0	37424	0	8486423759	5620989	18090080	171863	15	493	1	69
1677880650	65	4121593	4126012	0	7531656	8025296664	0	37424	0	8488038807	5622120	18128377	172062	15	493	1	69
1677880652	67	4084137	4088556	0	6701892	8566902584	0	37424	0	9066417753	6004916	19376768	183916	16	502	1	69
1677880654	69	4043625	4048044	0	6462388	8847716367	0	37424	0	9364134937	6202409	20192285	191203	16	544	1	69
1677880656	71	4152789	4157208	0	7359180	9529184357	0	37424	0	10088911572	6681728	21295396	202265	17	577	1	69
1677880658	73	4082221	4086640	0	6647036	9673063148	0	37424	0	10241534509	6783344	21906386	207137	18	593	1	69
1677880660	75	4171485	4175904	0	7628372	10195022763	0	37440	0	10800519500	7153141	22974360	217861	18	625	1	69
1677880662	77	4171529	4175948	0	7628372	10195022763	0	37440	0	10800519845	7153146	22975299	217869	18	625	1	69
1677880664	79	4171533	4175952	0	7628372	10198696609	0	37440	0	10804430734	7155879	23065843	218331	18	625	1	69
1677880666	81	4139369	4143788	0	7232656	10921811662	0	37440	0	11575510184	7666099	24457053	232194	20	649	1	69
1677880668	83	4176917	4181336	0	7655172	11068841330	0	37440	0	11730815007	7769122	24909814	236006	20	673	1	69
1677880670	85	4188429	4192848	0	7563568	11791251202	0	37440	0	12496860037	8276155	26191194	247999	21	720	1	69
1677880672	87	4077941	4082360	0	6544728	11810711957	0	37440	0	12517558084	8290346	26448450	249675	22	721	1	69
1677880674	89	4077941	4082360	0	6544728	11813711732	0	37440	0	12520746037	8292538	26510504	250028	22	721	1	69
1677880676	91	4195541	4199960	0	7660728	12480482961	0	37440	0	13234520551	8764690	27886845	264000	22	763	1	69
1677880678	93	4088337	4092756	0	6479192	12566645288	0	37440	0	13325949162	8825738	28384983	267889	23	767	1	69
1677880680	95	4225409	4229828	0	7794552	13291181961	0	37440	0	14094190064	9333731	29411854	278535	24	810	1	69
1677880682	97	4093253	4097672	0	6574024	13349975300	0	37440	0	14156586168	9375423	29698403	280756	24	812	1	69
1677880684	99	4220629	4225048	0	7809840	14042275871	0	37440	0	14895548628	9864301	31012142	293613	25	856	1	69
1677880686	101	4147117	4151536	0	6684108	14105277232	0	37440	0	14962425852	9909157	31431379	296483	26	859	1	69
1677880688	103	4263513	4267932	0	7534380	14812313219	0	37440	0	15712124786	10405030	32528996	307442	26	904	1	69
1677880690	105	4263513	4267932	0	7534380	14812313219	0	37440	0	15712125062	10405034	32530016	307448	26	904	1	69
1677880692	107	4263513	4267932	0	7534380	14812313219	0	37440	0	15712125212	10405036	32530682	307452	26	904	1	69
1677880694	109	4264205	4268624	0	7534380	14813673660	0	37440	0	15713578186	10406074	32568896	307665	26	904	1	69
1677880696	111	4237721	4242140	0	7615656	15382394221	0	37440	0	16319321014	10806965	33924628	321035	27	921	1	69
1677880698	113	4167053	4171472	0	6668856	15591807552	0	37440	0	16541441280	10954398	34519705	326205	28	946	1	69
1677880700	115	4261637	4266056	0	7406580	16248041478	0	37440	0	17243467700	11418645	35730292	338580	29	969	1	69
1677880702	117	4233005	4237424	0	6918528	16324253763	0	37440	0	17324494856	11473022	36286467	342508	29	989	1	69
1677880704	119	4278813	4283232	0	7804908	17019762376	0	37440	0	18064324651	11962226	37785302	357968	30	1034	1	69
1677880706	121	4278821	4283240	0	7804908	17023572276	0	37440	0	18068384583	11965084	37884816	358509	30	1034	1	69
1677880708	123	4303433	4307852	0	7664576	17706355635	0	37440	0	18792408971	12444317	38866397	367197	31	1077	1	69
1677880710	125	4156397	4160816	0	6675800	17747681804	0	37440	0	18836310279	12474026	39265327	369713	32	1081	1	69
1677880712	127	4297865	4302284	0	7706012	18350767431	0	37440	0	19475746018	12896655	40068948	378528	32	1119	1	69
1677880714	129	4299993	4304412	0	7708140	18395144098	0	37440	0	19522828571	12927956	40221924	379848	32	1120	1	69
1677880716	131	4182861	4187280	0	6931000	18785374330	0	37440	0	19944478576	13207266	41498997	391396	33	1124	1	69
1677880718	133	4178057	4182476	0	6872408	19088378985	0	37440	0	20265772407	13420314	42427287	400067	34	1162	1	69
1677880720	135	4398449	4402868	0	8036220	19710236165	0	37440	0	20933107007	13861432	43374463	409897	35	1201	1	69
1677880722	137	4398449	4402868	0	8036220	19713527517	0	37440	0	20936623663	13863922	43447604	410336	35	1201	1	69
1677880724	139	4261489	4265908	0	6877340	19736572944	0	37440	0	20961140023	13880853	43848393	412650	35	1202	1	69
1677880726	141	4335813	4340232	0	7569856	20339264468	0	37440	0	21604142543	14306090	44770233	421846	36	1237	1	69
1677880728	143	4284925	4289344	0	6893944	20371016466	0	37440	0	21637854529	14328714	44945021	423184	36	1238	1	69
1677880730	145	4401281	4405700	0	7592756	21013217048	0	37440	0	22318815108	14779194	45944571	432821	37	1279	1	69
1677880732	147	4303113	4307532	0	7025832	21493744322	0	37440	0	22835090551	15121003	47325921	445944	38	1286	1	69
1677880734	149	4302009	4306428	0	6967240	21682038211	0	37440	0	23034608876	15253592	48109061	452709	39	1313	1	69
1677880736	151	4435257	4439676	0	7930688	22351797924	0	37440	0	23744741912	15723040	49034487	462417	39	1354	1	69
1677880738	153	4431037	4435456	0	7865152	22399203800	0	37440	0	23795072182	15756842	49345576	464612	40	1356	1	69
1677880740	155	4298005	4302424	0	7032776	22421774290	0	37440	0	23819032637	15772879	49480687	465580	40	1357	1	69
1677880742	157	4328313	4332732	0	7423348	22913077063	0	37440	0	24345353691	16120875	50326101	474282	41	1365	1	69
1677880744	159	4390153	4394572	0	7916332	23071495826	0	37440	0	24513330951	16232264	50773360	478100	41	1392	1	69
1677880746	161	4410361	4414780	0	7552412	23238965345	0	37440	0	24690952607	16350124	51266736	482476	41	1400	1	69
1677880748	163	4410361	4414780	0	7552412	23238965345	0	37440	0	24690953192	16350133	51267903	482488	41	1400	1	69
1677880750	165	4391661	4396080	0	7459640	23649318574	0	37440	0	25130749032	16640944	52001390	490093	42	1410	1	69
1677880752	167	4359241	4363660	0	6975512	23816335517	0	37440	0	25307910039	16758656	52592834	494962	42	1428	1	69
1677880754	169	4389409	4393828	0	7089300	24377356752	0	37440	0	25905992698	17154448	54006076	508991	43	1456	1	69
1677880756	171	4461193	4465612	0	7810196	25022099611	0	37440	0	26590898103	17607480	55367524	522682	44	1494	1	69
1677880758	173	4461193	4465612	0	7810196	25022099611	0	37440	0	26590898328	17607483	55368331	522688	44	1494	1	69
1677880760	175	4461193	4465612	0	7810196	25022099611	0	37440	0	26590899861	17607502	55370152	522703	44	1494	1	69
1677880762	177	4461193	4465612	0	7810196	25023344302	0	37440	0	26592237865	17608508	55411105	522946	44	1494	1	69
1677880764	179	4426945	4431364	0	7749392	25663974774	0	37440	0	27271616612	18058213	56506177	532923	45	1507	1	69
1677880766	181	4460249	4464668	0	8404752	25738081288	0	37440	0	27350151548	18110257	56717600	534946	45	1539	1	69
1677880768	183	4344181	4348600	0	7229384	25749961814	0	37440	0	27362834199	18119328	57045034	536759	46	1540	1	69
1677880770	185	4457281	4461700	0	8054608	26428181950	0	37440	0	28086151421	18597567	57970215	546052	46	1579	1	69
1677880772	187	4444557	4448976	0	7948056	27140801214	0	37456	0	28847665372	19101517	59215893	557855	48	1606	1	69
1677880774	189	4414365	4418784	0	7432216	27181790106	0	37456	0	28891224727	19131104	59682000	560801	48	1627	1	69
1677880776	191	4458701	4463120	0	7935844	27852337577	0	37456	0	29609314032	19605685	60655042	571420	49	1664	1	69
1677880778	193	4364385	4368804	0	7040280	27870593880	0	37456	0	29628767555	19619264	61000819	573493	49	1665	1	69
1677880780	195	4423869	4428288	0	7432996	28523207238	0	37456	0	30320729190	20076755	61804521	581438	50	1691	1	69
1677880782	197	4353305	4357724	0	7134552	28659318606	0	37456	0	30465128129	20172808	62336741	585988	50	1715	1	69
1677880784	199	4424601	4429020	0	7685820	29357018503	0	37456	0	31204935145	20662234	63415643	596222	51	1757	1	69
1677880786	201	4351045	4355464	0	7134552	29423864740	0	37456	0	31275898593	20709854	63872750	599340	52	1763	1	69
1677880788	203	4451189	4455608	0	7739876	30022416121	0	37472	0	31915468132	21132719	65051378	611505	52	1800	1	69
1677880790	205	4348929	4353348	0	7069016	30096742359	0	37472	0	31994350081	21185490	65500964	614745	53	1803	1	69
1677880792	207	4461665	4466084	0	8117600	30693666013	0	37472	0	32634749348	21608860	66949213	629916	53	1835	1	69
1677880794	209	4351585	4356004	0	7073260	30779360052	0	37488	0	32725686744	21669617	67420044	633355	54	1839	1	69
1677880796	211	4426989	4431408	0	7815868	31433756325	0	37488	0	33419576135	22128630	68342194	642156	55	1880	1	69
1677880798	213	4426989	4431408	0	7815868	31435502609	0	37488	0	33421432891	22129917	68380138	642339	55	1880	1	69
1677880800	215	4354965	4359384	0	7102588	31919781807	0	37488	0	33942060433	22474459	69491324	652846	56	1886	1	69
1677880802	217	4423433	4427852	0	7819380	32179049766	0	37488	0	34216972985	22656308	70102734	659224	56	1923	1	69
1677880804	219	4423433	4427852	0	7819380	32186102485	0	37488	0	34224489639	22661588	70281061	660177	56	1923	1	69
1677880806	221	4457025	4461444	0	8015680	32902477961	0	37488	0	34987270882	23166267	72017532	677364	57	1944	1	69
1677880808	223	4342141	4346560	0	7003480	33032028909	0	37488	0	35124738365	23257960	72678329	682636	58	1974	1	69
1677880810	225	4442785	4447204	0	7861240	33553502976	0	37488	0	35684322656	23628153	73740695	693090	59	2003	1	69
1677880812	227	4342365	4346784	0	6996536	33889577033	0	37488	0	36045150335	23867203	74502964	699864	60	2010	1	69
1677880814	229	4477825	4482244	0	8220380	34449399501	0	37488	0	36639109544	24259974	75630267	711846	60	2052	1	69
1677880816	231	4431057	4435476	0	7437964	34494640804	0	37488	0	36687224680	24292477	76063807	714675	60	2054	1	69
1677880818	233	4454420	4458924	0	7914648	35179826892	0	37488	0	37417011556	24774965	77207038	726752	61	2090	1	69
1677880820	235	4366724	4371228	0	7003480	35198942346	0	37488	0	37437362746	24789074	77579695	728698	62	2092	1	69
1677880822	237	4471292	4475796	0	7884528	35868267296	0	37488	0	38147055220	25258342	78401165	736710	63	2133	1	69
1677880824	239	4402548	4407052	0	7105544	36155881978	0	37488	0	38456080554	25463210	79351778	745210	63	2136	1	69
1677880826	241	4447636	4452140	0	7203904	36500732841	0	37488	0	38821374386	25705157	80129506	752379	64	2159	1	69
1677880828	243	4407224	4411728	0	7467620	36925540533	0	37488	0	39271855945	26003464	81119037	761142	65	2187	1	69
1677880830	245	4435296	4439800	0	7387656	37149645371	0	37488	0	39509489611	26160682	81471998	764710	65	2196	1	69
1677880832	247	4458140	4462644	0	7597060	37556656895	0	37488	0	39945835635	26449342	82229070	772240	66	2211	1	69
1677880834	249	4492900	4497404	0	7527772	37801080455	0	37488	0	40205059109	26621208	82874148	777864	66	2223	1	69
1677880836	251	4477732	4482236	0	7792172	38235798309	0	37488	0	40666030202	26926239	83501772	783528	67	2240	1	69
1677880838	253	4500128	4504632	0	7561680	38558357215	0	37488	0	41008126384	27153171	84336868	790526	68	2266	1	69
1677880840	255	4598848	4603352	0	8126032	39111274810	0	37488	0	41599741645	27544462	85312242	800357	68	2295	1	69
1677880842	257	4606300	4610804	0	7957216	39746337086	0	37488	0	42273158050	27990146	86429409	810866	70	2309	1	69
1677880844	259	4522249	4526668	0	7400868	39989226350	0	37488	0	42530778285	28161169	87175226	817234	70	2338	1	69
1677880846	261	4610176	4614596	0	7906324	40566374847	0	37488	0	43142757682	28566036	88205131	827381	71	2368	1	69
1677880848	263	4570105	4574524	0	8013044	41211642439	0	37488	0	43831929329	29022106	89625125	840902	72	2380	1	69
1677880850	265	4516029	4520448	0	7364628	41385816727	0	37488	0	44016238586	29144848	90319702	846189	73	2415	1	69
1677880852	267	4632261	4636680	0	7999952	42033897933	0	37488	0	44709333796	29603298	91816828	861081	73	2450	1	69
1677880854	269	4541481	4545900	0	7570184	42707403519	0	37488	0	45423737325	30076163	92784966	869910	74	2460	1	69
1677880856	271	4519397	4523816	0	7335332	42804303482	0	37488	0	45526353501	30144764	93367565	873981	75	2497	1	69
1677880858	273	4525969	4530388	0	7400868	42805528021	0	37488	0	45527656295	30145673	93396242	874117	75	2497	1	69
1677880860	275	4525969	4530388	0	7400868	42805528021	0	37488	0	45527656520	30145676	93397049	874123	75	2497	1	69
1677880862	277	4639097	4643516	0	8333528	43460974407	0	37488	0	46224667946	30606516	94710610	887652	76	2535	1	69
1677880864	279	4509933	4514352	0	7328388	43952715350	0	37488	0	46748290913	30953218	95496066	894356	77	2539	1	69
1677880866	281	4507293	4511712	0	7269796	44120316171	0	37488	0	46923864994	31069849	95980244	898415	77	2573	1	69
1677880868	283	4511189	4515608	0	7335332	44143566885	0	37488	0	46948528537	31086257	96075766	899106	77	2574	1	69
1677880870	285	4654185	4658604	0	8130424	44792470767	0	37488	0	47636580705	31541333	96926626	907237	78	2607	1	69
1677880872	287	4654185	4658604	0	8130424	44796279375	0	37488	0	47640644566	31544206	97023994	907763	78	2612	1	69
1677880874	289	4654185	4658604	0	8130424	44807574536	0	37488	0	47652631342	31552240	97107680	908261	78	2612	1	69
1677880876	291	4617501	4621920	0	7555724	44870266157	0	37488	0	47719144902	31596526	97340796	910248	79	2614	1	69
1677880878	293	4617805	4622224	0	8585300	45539059228	0	37488	0	48433899208	32069392	98869417	925151	80	2650	1	69
1677880880	295	4586697	4591116	0	7405652	45615459155	0	37488	0	48514969458	32123516	99236336	927809	80	2653	1	69
1677880882	297	4669593	4674012	0	8340628	46312146584	0	37488	0	49253697536	32612137	100306784	938189	81	2693	1	69
1677880884	299	4522537	4526956	0	7400868	46356169623	0	37504	0	49300443428	32643621	100650934	940474	81	2695	1	69
1677880886	301	4630649	4635068	0	8165768	46937541801	0	37504	0	49922434492	33054749	101579435	950451	82	2726	1	69
1677880888	303	4630649	4635068	0	8165768	46937541801	0	37504	0	49922434762	33054753	101584227	950465	82	2726	1	69
1677880890	305	4630649	4635068	0	8165768	46949076616	0	37504	0	49934693294	33063061	101703562	951216	82	2726	1	69
1677880892	307	4527573	4531992	0	7364628	47115420551	0	37504	0	50111263110	33180172	102129568	955069	82	2729	1	69
1677880894	309	4615773	4620192	0	7944508	47609413947	0	37504	0	50637751113	33528677	103557739	969000	83	2758	1	69
1677880896	311	4609341	4613760	0	7794532	47861715435	0	37504	0	50905307918	33705890	104112776	974201	84	2769	1	69
1677880898	313	4640941	4645360	0	8151508	48497693060	0	37504	0	51579677623	34152086	105144857	984124	84	2796	1	69
1677880900	315	4617405	4621824	0	7841456	48625105586	0	37504	0	51714845140	34242022	105669974	988361	85	2805	1	69
1677880902	317	4660213	4664632	0	8047320	49179630604	0	37504	0	52308185048	34634295	106605257	998141	86	2825	1	69
1677880904	319	4526473	4530892	0	7400868	49283634655	0	37504	0	52418554445	34708014	107138502	1001976	86	2840	1	69
1677880906	321	4629233	4633652	0	8040860	49857879294	0	37504	0	53034306502	35115237	108164851	1012334	87	2874	1	69
1677880908	323	4530681	4535100	0	7466404	49940477747	0	37504	0	53121947168	35173692	108572083	1015525	87	2877	1	69
1677880910	325	4662093	4666512	0	8227876	50601462563	0	37504	0	53829048321	35641408	109810260	1027946	88	2914	1	69
1677880912	327	4558705	4563124	0	7364628	50912573503	0	37504	0	54168467694	35866403	110856444	1037280	89	2920	1	69
1677880914	329	4612913	4617332	0	7929132	51237306072	0	37504	0	54508448267	36091279	111602454	1044974	90	2945	1	69
1677880916	331	4612913	4617332	0	7929132	51250585311	0	37504	0	54522404944	36100567	111672918	1045494	90	2946	1	69
1677880918	333	4612913	4617332	0	7929132	51254359943	0	37504	0	54526407220	36103214	111682896	1045606	90	2946	1	69
1677880920	335	4559205	4563624	0	7368364	51770064554	0	37504	0	55075170652	36466391	112534221	1053589	91	2954	1	69
1677880922	337	4614037	4618456	0	7958188	51845786911	0	37504	0	55155454612	36519627	112785864	1055941	91	2976	1	69
1677880924	339	4614037	4618456	0	7958188	51850069659	0	37504	0	55159995510	36522629	112796678	1056063	91	2977	1	69
1677880926	341	4614037	4618456	0	7958188	51856903163	0	37504	0	55167241570	36527427	112810378	1056219	91	2977	1	69
1677880928	343	4614037	4618456	0	7958188	51858343335	0	37504	0	55168771306	36528468	112815780	1056265	91	2977	1	69
1677880930	345	4614037	4618456	0	7958188	51858351903	0	37504	0	55168780615	36528477	112817480	1056277	91	2977	1	69
1677880932	347	4582241	4586660	0	7410208	51959096040	0	37504	0	55275652145	36599580	113240157	1059712	91	2979	1	69
1677880934	349	4638721	4643140	0	8255236	52505869673	0	37504	0	55861002013	36986852	114420277	1071333	92	3009	1	69
1677880936	351	4545309	4549728	0	7539836	52524545119	0	37504	0	55880820194	37000110	114519444	1072093	92	3010	1	69
1677880938	353	4619689	4624108	0	8028948	53219770618	0	37520	0	56623417438	37491559	116152364	1088238	93	3044	1	69
1677880940	355	4597053	4601472	0	7533956	53330058531	0	37520	0	56740613832	37569420	116492756	1091277	93	3047	1	69
1677880942	357	4623665	4628084	0	8056204	53970401919	0	37520	0	57422724906	38020681	117878899	1104466	94	3079	1	69
1677880944	359	4611945	4616364	0	7541836	54316469467	0	37536	0	57796214854	38268306	118749265	1111750	95	3092	1	69
1677880946	361	4531629	4536048	0	7335332	54871803735	0	37536	0	58383123432	38657049	120096865	1124798	96	3129	1	69
1677880948	363	4650061	4654480	0	8326480	55542719366	0	37536	0	59094526559	39127649	121080090	1134010	97	3170	1	69
1677880950	365	4644997	4649416	0	7930700	56192451862	0	37536	0	59790311661	39588161	122364916	1146182	98	3186	1	69
1677880952	367	4635681	4640100	0	7663012	56302139756	0	37536	0	59906712675	39665887	122906621	1150120	98	3210	1	69
1677880954	369	4733977	4738396	0	8354304	56938622251	0	37536	0	60581573812	40112073	123734807	1158615	99	3248	1	69
1677880956	371	4733981	4738400	0	8354304	56946239743	0	37536	0	60589697116	40117804	123928816	1159648	99	3248	1	69
1677880958	373	4754677	4759096	0	8293596	57620092048	0	37536	0	61304242142	40590679	124961514	1169347	100	3285	1	69
1677880960	375	4756805	4761224	0	8359132	57630803581	0	37536	0	61315607719	40598253	125004786	1169701	100	3286	1	69
1677880962	377	4756805	4761224	0	8359132	57636245544	0	37552	0	61321405279	40602330	125141851	1170402	100	3286	1	69
1677880964	379	4781257	4785676	0	8337252	58303641656	0	37552	0	62037311374	41076071	126913985	1187927	102	3313	1	69
1677880966	381	4721725	4726144	0	7787140	58876437323	0	37552	0	62645698865	41478860	127894932	1196705	103	3326	1	69
1677880968	383	4677697	4682116	0	7728548	59024490055	0	37552	0	62802647873	41583166	128414461	1201061	103	3352	1	69
1677880970	385	4751129	4755548	0	8282132	59451806843	0	37552	0	63259871477	41885745	129305145	1209589	104	3374	1	69
1677880972	387	4709253	4713672	0	7859620	60047298900	0	37552	0	63891610183	42303902	130374170	1219778	105	3389	1	69
1677880974	389	4718221	4722640	0	7914636	60278489397	0	37552	0	64136550396	42466556	131099532	1225525	105	3414	1	69
1677880976	391	4813297	4817716	0	8687812	60935340473	0	37552	0	64835853413	42929223	132409566	1238527	106	3447	1	69
1677880978	393	4800601	4805020	0	8522816	61599767101	0	37552	0	65543262873	43397277	133921632	1253513	107	3469	1	69
1677880980	395	4726681	4731100	0	7769564	61642814935	0	37552	0	65589010720	43428351	134391368	1256529	108	3485	1	69
1677880982	397	4823061	4827480	0	8326916	62226328636	0	37552	0	66211861099	43840108	135185400	1264886	108	3514	1	69
1677880984	399	4740901	4745320	0	7823380	62729619269	0	37552	0	66753109274	44198522	136540672	1277239	109	3521	1	69
1677880986	401	4708789	4713208	0	7668776	62928012204	0	37552	0	66963372567	44338212	137341950	1284381	110	3546	1	69
1677880988	403	4774753	4779172	0	8010824	63547255208	0	37552	0	67620006404	44772767	138449893	1294751	111	3581	1	69
1677880990	405	4836121	4840540	0	8813188	64257717049	0	37552	0	68373381093	45271422	139749860	1307136	112	3613	1	69
1677880992	407	4742241	4746660	0	7829452	64345625825	0	37552	0	68466665266	45333707	140199537	1310458	113	3619	1	69
1677880994	409	4826241	4830660	0	8224216	64980771453	0	37552	0	69142305583	45780741	141692306	1325089	113	3652	1	69
1677880996	411	4821469	4825888	0	8467024	65728665838	0	37552	0	69935367093	46305652	143069414	1338318	115	3678	1	69
1677880998	413	4845285	4849704	0	8123848	66099074437	0	37552	0	70328186282	46565946	143778101	1344356	115	3694	1	69
1677881000	415	4838421	4842840	0	8385964	66405172857	0	37552	0	70652796797	46781005	144406840	1349791	116	3712	1	69
1677881002	417	4891261	4895680	0	8517436	66765988277	0	37552	0	71035420170	47034391	145072697	1355643	117	3732	1	69
1677881004	419	4896613	4901032	0	8314508	67030883871	0	37552	0	71316341000	47220531	145617389	1360407	117	3744	1	69
1677881006	421	4845181	4849600	0	8056228	67308866752	0	37552	0	71615107305	47418173	146025751	1364365	118	3747	1	69
1677881008	423	4939737	4944156	0	8385064	67632385895	0	37552	0	71958196284	47645489	146823153	1371769	118	3770	1	69
1677881010	425	4939737	4944156	0	8385064	67651131466	0	37552	0	71978089940	47658807	146947920	1372573	118	3771	1	69
1677881012	427	4880825	4885244	0	8322616	68004131097	0	37552	0	72355787277	47908868	147989093	1382657	119	3787	1	69
1677881014	429	4954189	4958608	0	8392376	68601883257	0	37552	0	72989985294	48328581	149039525	1392759	120	3805	1	69
1677881016	431	4934997	4939416	0	8053484	68861890480	0	37552	0	73265371064	48511016	149592082	1397818	121	3817	1	69
1677881018	433	4956437	4960856	0	8678416	69293048704	0	37552	0	73725889901	48815995	150529181	1406228	121	3842	1	69
1677881020	435	4929761	4934180	0	8193488	69870036268	0	37552	0	74337724940	49220946	151431665	1414638	122	3862	1	69
1677881022	437	4929737	4934156	0	8121008	70133632801	0	37552	0	74617400061	49406243	151991398	1419605	123	3871	1	69
1677881024	439	4942629	4947048	0	8256860	70538623771	0	37552	0	75046745608	49690668	152870768	1427233	124	3897	1	69
1677881026	441	4984717	4989136	0	8443096	70786495637	0	37552	0	75309607053	49864806	153395256	1431972	124	3908	1	69
1677881028	443	4982477	4986896	0	8646052	71176757852	0	37552	0	75725298988	50139961	154344014	1440766	125	3925	1	69
1677881030	445	5055729	5060148	0	8681736	71773489079	0	37552	0	76358080967	50558867	155344349	1449888	126	3949	1	69
1677881032	447	5022909	5027328	0	8315128	72317588995	0	37552	0	76938155348	50942864	156343401	1459236	127	3966	1	69
1677881034	449	4971453	4975872	0	8189564	72565883746	0	37552	0	77201478744	51117380	157024695	1465706	128	3982	1	69
1677881036	451	5046857	5051276	0	8521428	72983820632	0	37552	0	77650128528	51414443	157943484	1474037	128	4003	1	69
1677881038	453	5032408	5036728	0	8392508	73208109126	0	37552	0	77887990677	51572071	158471807	1478884	129	4014	1	69
1677881040	455	5112320	5116640	0	8742544	73731280632	0	37552	0	78442834935	51939254	159521571	1488851	129	4037	1	69
1677881042	457	5139772	5144092	0	8509696	73938250550	0	37552	0	78662364841	52085030	160165265	1494326	130	4045	1	69
1677881044	459	5186344	5190664	0	8601976	74517288128	0	37552	0	79278889564	52493134	161196924	1504049	131	4068	1	69
1677881046	461	5196428	5200748	0	8667512	74543651037	0	37552	0	79306881299	52511978	161409014	1505324	131	4071	1	69
1677881048	463	5233484	5237804	0	8929656	74908741842	0	37552	0	79697501057	52770477	162400653	1514911	132	4088	1	69
1677881050	465	5272032	5276352	0	8908636	75504042127	0	37552	0	80328705286	53188204	163483289	1525387	133	4106	1	69
1677881052	467	5264172	5268492	0	8822276	75678740696	0	37552	0	80514010650	53311274	164002817	1529721	134	4117	1	69
1677881054	469	5264284	5268604	0	8887812	75684618317	0	37552	0	80520264375	53315630	164138297	1530449	134	4118	1	69
1677881056	471	5291044	5295364	0	8714436	76085740326	0	37552	0	80945595389	53596976	164656100	1535490	134	4134	1	69
1677881058	473	5291044	5295364	0	8714436	76086420026	0	37552	0	80946319513	53597488	164675116	1535594	134	4134	1	69
1677881060	475	5272528	5276848	0	8781732	76562242417	0	37552	0	81454583002	53934025	165836389	1546551	135	4144	1	69
1677881062	477	5364112	5368432	0	8955984	76862499862	0	37552	0	81772957984	54144902	166605759	1553965	136	4164	1	69
1677881064	479	5313988	5318308	0	8612144	77185119933	0	37552	0	82117284433	54372816	167186471	1559265	137	4166	1	69
1677881066	481	5364560	5368880	0	8825004	77252525269	0	37552	0	82188774158	54420220	167412675	1561373	137	4179	1	69
1677881068	483	5339844	5344164	0	8993628	77483838473	0	37552	0	82434082001	54582776	167950687	1566271	137	4186	1	69
1677881070	485	5401816	5406136	0	9015980	77936759684	0	37552	0	82914711966	54901199	168835719	1573993	138	4204	1	69
1677881072	487	5384272	5388592	0	8827404	78281468743	0	37552	0	83282533699	55144690	169473587	1579973	139	4213	1	69
1677881074	489	5376932	5381252	0	9125012	78678719713	0	37552	0	83701219370	55422227	170355091	1587318	140	4237	1	69
1677881076	491	5423160	5427480	0	9040696	79258649224	0	37552	0	84316172824	55829207	171259979	1595771	141	4260	1	69
1677881078	493	5412464	5416784	0	9063052	79622685657	0	37552	0	84704232613	56085988	172130593	1604126	141	4273	1	69
1677881080	495	5441580	5445900	0	9033704	79891529778	0	37552	0	84989340415	56274897	172689416	1609072	142	4285	1	69
1677881082	497	5441580	5445900	0	9033704	79894837621	0	37552	0	84992867021	56277391	172777856	1609519	142	4286	1	69
1677881084	499	5533896	5538216	0	9571548	80504316419	0	37552	0	85639145982	56705069	173943727	1620745	143	4311	1	69
1677881086	501	5351372	5355692	0	8700884	80578880716	0	37552	0	85718288487	56758092	174400886	1623923	143	4314	1	69
1677881088	503	5582012	5586332	0	9438656	81144732744	0	37552	0	86321475786	57156916	175708075	1637562	144	4338	1	69
1677881090	505	5586176	5590496	0	9504192	81156843671	0	37552	0	86334348591	57165637	175837669	1638337	144	4339	1	69
1677881092	507	5425404	5429724	0	9024964	81525928382	0	37552	0	86734350341	57430529	176663492	1645870	145	4344	1	69
1677881094	509	5590852	5595172	0	9541432	81795231023	0	37552	0	87016540344	57617283	177193365	1650912	145	4366	1	69
1677881096	511	5552472	5556792	0	9112900	82385907069	0	37552	0	87650786076	58037077	178405908	1662560	146	4378	1	69
1677881098	513	5584636	5588956	0	9455668	82396989807	0	37552	0	87662574955	58045166	178564764	1663435	147	4392	1	69
1677881100	515	5676368	5680688	0	9667560	82995598706	0	37552	0	88300632028	58467532	179719530	1674394	147	4415	1	69
1677881102	517	5524260	5528580	0	8952484	83044841873	0	37552	0	88352909764	58502596	180019482	1676602	148	4420	1	69
1677881104	519	5655080	5659400	0	9508360	83585365841	0	37552	0	88931098821	58885017	181117537	1687668	149	4440	1	69
1677881106	521	5659292	5663612	0	9573896	83593706771	0	37552	0	88939974760	58891145	181268168	1688517	149	4443	1	69
1677881108	523	5606728	5611048	0	9286416	84194619901	0	37552	0	89577186644	59312955	182294835	1698131	150	4466	1	69
1677881110	525	5556576	5560896	0	9055716	84245138724	0	37552	0	89630848469	59349235	182761248	1701068	151	4471	1	69
1677881112	527	5602676	5606996	0	9047316	84830637962	0	37552	0	90253032063	59761045	183966731	1712884	152	4495	1	69
1677881114	529	5706804	5711124	0	9623392	85331101452	0	37552	0	90786626840	60114106	185326317	1726118	152	4518	1	69
1677881116	531	5617240	5621560	0	9087428	85882492799	0	37568	0	91377655444	60505417	186496943	1737048	154	4528	1	69
1677881118	533	5682740	5687060	0	9027048	85997212467	0	37568	0	91499360009	60586471	186986281	1741015	154	4546	1	69
1677881120	535	5767797	5772208	0	9673464	86556645175	0	37584	0	92096882773	60981778	188236683	1753293	155	4568	1	69
1677881122	537	5687113	5691524	0	9126824	86635330320	0	37584	0	92180387113	61037596	188674326	1756514	156	4573	1	69
1677881124	539	5764117	5768528	0	9649560	87110324366	0	37584	0	92684047482	61370768	189380076	1763273	156	4593	1	69
1677881126	541	5719425	5723836	0	9177524	87587819123	0	37584	0	93190382079	61705939	190152954	1770302	157	4599	1	69
1677881128	543	5781525	5785936	0	9767348	87707575958	0	37584	0	93317418205	61790259	190519056	1773319	158	4618	1	69
1677881130	545	5792089	5796500	0	9761832	88342141948	0	37584	0	93995978676	62239382	191847978	1786252	159	4643	1	69
1677881132	547	5701261	5705672	0	9061288	88401002669	0	37584	0	94058467094	62281355	192262339	1789019	159	4645	1	69
1677881134	549	5781421	5785832	0	9526420	88922003836	0	37600	0	94616176494	62650269	193244528	1798817	160	4667	1	69
1677881136	551	5680953	5685364	0	9061288	89000256017	0	37600	0	94699206086	62705657	193622990	1801678	161	4670	1	69
1677881138	553	5720169	5724580	0	9274144	89569243863	0	37600	0	95307526609	63108278	195015289	1815124	162	4694	1	69
1677881140	555	5813285	5817696	0	9543788	90088041532	0	37600	0	95857516476	63472275	195946585	1823705	162	4718	1	69
1677881142	557	5813285	5817696	0	9543788	90090720608	0	37600	0	95860367328	63474266	196019552	1824048	162	4718	1	69
1677881144	559	5810861	5815272	0	9310940	90155893749	0	37600	0	95929530966	63520495	196362511	1826587	163	4720	1	69
1677881146	561	5855737	5860148	0	9704156	90696887744	0	37600	0	96507717117	63902796	197240301	1835836	164	4743	1	69
1677881148	563	5747869	5752280	0	9192360	90729930485	0	37600	0	96542820850	63926577	197570009	1837997	164	4744	1	69
1677881150	565	5747869	5752280	0	9192360	90737904750	0	37600	0	96551288928	63932309	197659919	1838509	164	4744	1	69
1677881152	567	5864889	5869300	0	9817952	91311300859	0	37600	0	97163039732	64336840	198663275	1849066	165	4768	1	69
1677881154	569	5864889	5869300	0	9817952	91311300859	0	37600	0	97163039882	64336842	198663941	1849070	165	4768	1	69
1677881156	571	5864889	5869300	0	9817952	91311300859	0	37600	0	97163040193	64336846	198664834	1849077	165	4768	1	69
1677881158	573	5864913	5869324	0	9817952	91314815369	0	37600	0	97166783236	64339468	198750110	1849529	165	4768	1	69
1677881160	575	5884765	5889176	0	9882608	91903530594	0	37600	0	97793771839	64754497	199994736	1861192	166	4791	1	69
1677881162	577	5765941	5770352	0	9131104	91958731601	0	37600	0	97852365338	64793734	200314662	1863591	167	4795	1	69
1677881164	579	5765941	5770352	0	9131104	91965333021	0	37600	0	97859390228	64798632	200481417	1864502	167	4795	1	69
1677881166	581	5779297	5783708	0	9214512	92547488287	0	37600	0	98483221947	65211481	201797090	1877834	168	4817	1	69
1677881168	583	5889813	5894224	0	9786012	93068160275	0	37600	0	99040546873	65580273	202938970	1888996	169	4838	1	69
1677881170	585	5899089	5903500	0	9754884	93170760816	0	37600	0	99151436240	65654078	203340744	1892170	169	4841	1	69
1677881172	587	5957693	5962104	0	9821292	93699586335	0	37600	0	99710179039	66024078	204302824	1900713	170	4863	1	69
1677881174	589	5929173	5933584	0	9745944	94295619773	0	37600	0	100342254094	66442473	205402041	1911168	171	4883	1	69
1677881176	591	5911829	5916240	0	9716648	94572469374	0	37600	0	100635830340	66636830	205866763	1915420	172	4896	1	69
1677881178	593	5911829	5916240	0	9716648	94583153680	0	37600	0	100647185988	66644544	205982055	1916109	172	4896	1	69
1677881180	595	5983713	5988124	0	9716648	94889529068	0	37600	0	100972057899	66859521	206512547	1921155	172	4903	1	69
1677881182	597	5997465	6001876	0	9877016	95162171985	0	37600	0	101261175531	67050962	206988989	1925470	173	4918	1	69
1677881184	599	5997465	6001876	0	9877016	95171835724	0	37600	0	101271438227	67057851	207047860	1925891	173	4918	1	69
1677881186	601	5960637	5965048	0	9811480	95359782621	0	37600	0	101471414278	67190361	207402623	1928891	173	4919	1	69
1677881188	603	5974649	5979060	0	9775240	95785371344	0	37600	0	101923310235	67489530	208248184	1936881	174	4935	1	69
1677881190	605	6052097	6056508	0	9971848	96060612650	0	37600	0	102215209483	67683022	208837546	1941698	175	4950	1	69
1677881192	607	6011209	6015620	0	9782184	96326595854	0	37600	0	102497295753	67870048	209428716	1946580	175	4962	1	69
1677881194	609	5978593	5983004	0	9716648	96867953627	0	37600	0	103071363486	68250111	210417688	1955904	176	4979	1	69
1677881196	611	5978749	5983160	0	9745944	97365840701	0	37600	0	103601752749	68601361	211275042	1963461	177	4992	1	69
1677881198	613	6035573	6039984	0	9942552	97458550720	0	37600	0	103700061343	68666567	211544746	1965789	177	5002	1	69
1677881200	615	6035573	6039984	0	9942552	97458550720	0	37600	0	103700061944	68666574	211545929	1965799	177	5002	1	69
1677881202	617	6056481	6060892	0	10102920	97735887496	0	37600	0	103994156864	68861290	212094872	1971016	178	5012	1	69
1677881204	619	6044581	6048992	0	9847720	98011093829	0	37600	0	104286022813	69054805	212735958	1976324	179	5023	1	69
1677881206	621	6000937	6005348	0	9847720	98525769065	0	37600	0	104831787912	69416065	213701569	1985670	179	5036	1	69
1677881208	623	6090853	6095264	0	10139160	98815508171	0	37600	0	105139066062	69619777	214381773	1991443	180	5051	1	69
1677881210	625	6090853	6095264	0	10139160	98818227173	0	37600	0	105141959210	69621791	214440929	1991755	180	5051	1	69
1677881212	627	6087845	6092256	0	9840776	99078918599	0	37600	0	105418400777	69804790	214980075	1997108	181	5062	1	69
1677881214	629	6087845	6092256	0	9840776	99078918705	0	37600	0	105418401377	69804796	214981117	1997116	181	5062	1	69
1677881216	631	6088185	6092596	0	9913256	99284770033	0	37600	0	105636692437	69949335	215447822	2001745	181	5065	1	69
1677881218	633	6112181	6116592	0	9978792	99644079947	0	37600	0	106017711588	70201593	216125827	2008073	182	5079	1	69
1677881220	635	6134841	6139252	0	10102920	99873917812	0	37600	0	106261472644	70363169	216877814	2014892	182	5089	1	69
1677881222	637	6134841	6139252	0	10102920	99877254542	0	37600	0	106265029939	70365675	216957884	2015327	182	5089	1	69
1677881224	639	6133109	6137520	0	9978792	100217359062	0	37600	0	106625686303	70604490	217597098	2021127	183	5101	1	69
1677881226	641	6136697	6141108	0	10008088	100442391349	0	37600	0	106864347816	70762783	218168943	2025890	183	5110	1	69
1677881228	643	6132825	6137236	0	10073624	100855430515	0	37600	0	107302294385	71052332	218767804	2032300	184	5124	1	69
1677881230	645	6132825	6137236	0	10073624	100857994107	0	37600	0	107305034777	71054294	218838622	2032702	184	5125	1	69
1677881232	647	6132825	6137236	0	10073624	100859311612	0	37600	0	107306438299	71055278	218870807	2032892	184	5125	1	69
1677881234	649	6167013	6171424	0	10204696	100978815787	0	37600	0	107433199002	71139514	219279690	2036223	185	5129	1	69
1677881236	651	6157125	6161536	0	10139160	101248026137	0	37600	0	107727818024	71334640	220083515	2043715	185	5136	1	69
1677881238	653	6190345	6194756	0	10191672	101473347126	0	37600	0	107960829097	71488930	220612192	2048664	185	5147	1	69
1677881240	655	6183333	6187744	0	9929528	101696942772	0	37600	0	108197941498	71645957	221045591	2052776	186	5154	1	69
1677881242	657	6196997	6201408	0	9995064	102024904019	0	37600	0	108547197499	71877246	221769564	2059425	187	5165	1	69
1677881244	659	6204041	6208452	0	10073624	102269188703	0	37600	0	108806277536	72049083	222397743	2064662	187	5173	1	69
1677881246	661	6221929	6226340	0	9978792	102786375456	0	37616	0	109354733396	72412362	223408324	2073751	188	5191	1	69
1677881248	663	6240709	6245120	0	10066680	103062514446	0	37616	0	109649038570	72607022	223785424	2077558	189	5196	1	69
1677881250	665	6251677	6256088	0	10197752	103101257423	0	37616	0	109690150474	72634464	223986843	2078975	189	5203	1	69
1677881252	667	6309661	6314072	0	10335768	103347340773	0	37616	0	109951107305	72807275	224448749	2083225	190	5209	1	69
1677881254	669	6315769	6320180	0	10335768	103355266895	0	37616	0	109959532544	72813045	224567368	2083874	190	5211	1	69
1677881256	671	6365653	6370064	0	10554732	103896532746	0	37616	0	110533515815	73193173	225825548	2095450	191	5229	1	69
1677881258	673	6342905	6347316	0	10204696	104448748120	0	37632	0	111119104224	73580902	226761571	2103945	192	5247	1	69
1677881260	675	6345585	6349996	0	10204696	104740568780	0	37648	0	111428562808	73785824	227434591	2110466	192	5256	1	69
1677881262	677	6350445	6354856	0	10204696	104935632367	0	37648	0	111635455309	73923183	228024665	2115202	193	5265	1	69
1677881264	679	6345641	6350052	0	10299528	105221740104	0	37664	0	111938933107	74124228	228758934	2122149	193	5274	1	69
1677881266	681	6311877	6316288	0	10175400	105683025529	0	37664	0	112428014883	74447981	229590751	2130076	194	5284	1	69
1677881268	683	6389201	6393612	0	10516804	105922059938	0	37664	0	112681517015	74616011	230097812	2134447	195	5296	1	69
1677881270	685	6414941	6419352	0	10466840	106243142735	0	37664	0	113022007617	74841512	230683904	2139639	195	5305	1	69
1677881272	687	6445621	6450032	0	10532376	106455689812	0	37664	0	113247432806	74991022	231213725	2144268	196	5316	1	69
1677881274	689	6400185	6404596	0	10466840	106467820928	0	37664	0	113260313861	74999738	231350844	2145048	196	5317	1	69
1677881276	691	6465601	6470012	0	10728984	106766898383	0	37664	0	113579275708	75210964	231941162	2150432	196	5326	1	69
1677881278	693	6472233	6476644	0	10597912	107028558611	0	37664	0	113856764600	75394842	232455204	2154753	197	5335	1	69
1677881280	695	6454889	6459300	0	10663448	107517719891	0	37680	0	114375496766	75738384	233413342	2163658	198	5351	1	69
1677881282	697	6442845	6447256	0	10466840	107800446013	0	37680	0	114675328245	75937100	234050197	2169186	198	5361	1	69
1677881284	699	6472877	6477288	0	10597912	108010987314	0	37680	0	114898593853	76084922	234441330	2172917	199	5366	1	69
1677881286	701	6390921	6395332	0	10270232	108175328473	0	37680	0	115073430947	76200870	234771020	2175562	199	5369	1	69
1677881288	703	6385289	6389700	0	10401304	108296798193	0	37680	0	115201712104	76285955	235134435	2178557	200	5377	1	69
1677881290	705	6445997	6450408	0	10401304	108733144251	0	37680	0	115664428326	76592339	235972024	2186460	200	5392	1	69
1677881292	707	6489189	6493600	0	10728984	109012984388	0	37680	0	115961192330	76788950	236616024	2192374	201	5400	1	69
1677881294	709	6504513	6508924	0	10597912	109268251917	0	37680	0	116231885672	76968196	237191598	2197828	201	5409	1	69
1677881296	711	6506485	6510896	0	10663448	109533640777	0	37680	0	116513344158	77154822	237806456	2202980	202	5417	1	69
1677881298	713	6506485	6510896	0	10663448	109533640777	0	37680	0	116513344804	77154830	237807498	2202988	202	5418	1	69
1677881300	715	6506485	6510896	0	10663448	109533640777	0	37680	0	116513344954	77154832	237808164	2202992	202	5418	1	69
1677881302	717	6467509	6471920	0	10532376	109779581383	0	37680	0	116774177668	77327798	238417714	2208141	203	5427	1	69
1677881304	719	6490213	6494624	0	10663448	110020333389	0	37680	0	117029499452	77497043	238966262	2212836	203	5434	1	69
1677881306	721	6468201	6472612	0	10597912	110264229584	0	37680	0	117288142471	77668347	239486736	2217741	204	5443	1	69
1677881308	723	6473721	6478132	0	10561672	110670485423	0	37680	0	117728433211	77959991	240743883	2229764	205	5452	1	69
1677881310	725	6534953	6539364	0	10889352	110787014196	0	37680	0	117844838097	78037010	241059723	2233174	205	5459	1	69
1677881312	727	6534953	6539364	0	10889352	110787014196	0	37680	0	117844838423	78037014	241060565	2233180	205	5459	1	69
1677881314	729	6534953	6539364	0	10889352	110787014196	0	37680	0	117844838817	78037018	241061532	2233187	205	5459	1	69
1677881316	731	6498769	6503180	0	10699688	111007646892	0	37680	0	118078821872	78192130	241573839	2237513	205	5466	1	69
1677881318	733	6526633	6531044	0	10765224	111285764619	0	37680	0	118374924628	78388286	242172088	2242858	206	5476	1	69
1677881320	735	6527093	6531504	0	10765224	111518535177	0	37680	0	118621787521	78551975	242800503	2248413	206	5482	1	69
1677881322	737	6559773	6564184	0	10896296	111628547491	0	37680	0	118738468880	78629437	243166428	2251500	207	5486	1	69
1677881324	739	6559773	6564184	0	10896296	111628547491	0	37680	0	118738469030	78629439	243167094	2251504	207	5486	1	69
1677881326	741	6548145	6552556	0	10634152	112095003332	0	37680	0	119233125218	78957053	244117142	2260322	208	5498	1	69
1677881328	743	6561593	6566004	0	10765224	112132608580	0	37680	0	119273022143	78983635	244307004	2261786	208	5502	1	69
1677881330	745	6600625	6605036	0	10896296	112452071377	0	37680	0	119611799479	79208038	244943055	2267422	208	5513	1	69
1677881332	747	6580857	6585268	0	10860056	112797650882	0	37680	0	119982265202	79453487	246052811	2277762	209	5520	1	69
1677881334	749	6605733	6610144	0	10991128	112962974008	0	37680	0	120157253156	79569483	246584619	2282677	210	5529	1	69
1677881336	751	6574705	6579116	0	10794520	113067227093	0	37680	0	120268203135	79643040	246770458	2284602	210	5530	1	69
1677881338	753	6644285	6648696	0	11056664	113436509409	0	37680	0	120659421045	79902097	247468168	2290750	211	5544	1	69
1677881340	755	6644285	6648696	0	11056664	113442759776	0	37680	0	120666070809	79906723	247613039	2291547	211	5545	1	69
1677881342	757	6644381	6648792	0	10925592	113504360346	0	37680	0	120731404751	79950078	247803062	2293261	211	5546	1	69
1677881344	759	6641477	6645888	0	10925592	113924533905	0	37680	0	121176983356	80245212	248721116	2302004	212	5557	1	69
1677881346	761	6667469	6671880	0	10991128	114280422396	0	37680	0	121554397048	80495258	249544151	2309402	212	5571	1	69
1677881348	763	6672653	6677064	0	10991128	114755138923	0	37680	0	122057817163	80828717	250451459	2317521	213	5585	1	69
1677881350	765	6641921	6646332	0	10991128	114878667737	0	37680	0	122189305500	80916285	251006890	2321888	214	5589	1	69
1677881352	767	6617449	6621860	0	10794520	115283488975	0	37680	0	122620224772	81201673	252300912	2334552	215	5602	1	69
1677881354	769	6755685	6760096	0	11318808	115742169647	0	37696	0	123107430709	81524061	253382584	2345055	216	5617	1	69
1677881356	771	6759781	6764192	0	11318808	115751546986	0	37696	0	123117389068	81530781	253471422	2345599	216	5618	1	69
1677881358	773	6714497	6718908	0	11187736	116134870114	0	37696	0	123529470986	81803801	254389614	2353923	217	5625	1	69
1677881360	775	6695453	6699864	0	10860056	116319091107	0	37696	0	123724889773	81933691	255030855	2359335	217	5635	1	69
1677881362	777	6695453	6699864	0	10860056	116325721906	0	37696	0	123731945360	81938604	255177294	2360103	217	5636	1	69
1677881364	779	6695453	6699864	0	10860056	116325721906	0	37696	0	123731946058	81938612	255178508	2360113	217	5636	1	69
1677881366	781	6808337	6812748	0	11449880	116752503457	0	37696	0	124190008651	82241534	256331394	2372025	218	5647	1	69
1677881368	783	6808337	6812748	0	11449880	116759768439	0	37696	0	124197723099	82246738	256407501	2372523	218	5648	1	69
1677881370	785	6723977	6728388	0	10925592	116810602101	0	37696	0	124251668092	82282767	256646247	2374491	218	5649	1	69
1677881372	787	6766417	6770828	0	11253272	117208151575	0	37712	0	124673211393	82561706	257297739	2380470	219	5655	1	69
1677881374	789	6790705	6795116	0	11187736	117300895526	0	37712	0	124771638053	82627486	257771688	2384026	220	5666	1	69
1677881376	791	6790705	6795116	0	11187736	117304024287	0	37712	0	124774967448	82629815	257851517	2384446	220	5666	1	69
1677881378	793	6799149	6803560	0	11384344	117702713250	0	37712	0	125200433711	82911199	258511692	2391296	220	5678	1	69
1677881380	795	6765933	6770344	0	11056664	117829460898	0	37712	0	125337014774	83002072	258972841	2394856	221	5679	1	69
1677881382	797	6760845	6765256	0	11122200	118229721993	0	37712	0	125761676692	83283248	259967905	2404590	222	5693	1	69
1677881384	799	6810829	6815240	0	11348104	118525559268	0	37712	0	126075433601	83491361	260697822	2410556	222	5702	1	69
1677881386	801	6811337	6815748	0	11348104	118724838168	0	37712	0	126286780619	83631525	261233800	2415263	223	5708	1	69
1677881388	803	6817625	6822036	0	11442936	118978214294	0	37712	0	126555453434	83809282	261630132	2419341	223	5714	1	69
1677881390	805	6807853	6812264	0	11318808	119165782754	0	37712	0	126754397032	83941337	262174520	2423897	224	5721	1	69
1677881392	807	6831913	6836324	0	11515416	119423741636	0	37712	0	127027961286	84122624	262723026	2428701	224	5729	1	69
1677881394	809	6873661	6878072	0	11449880	119639383245	0	37728	0	127256676613	84274461	263335529	2433588	225	5735	1	69
1677881396	811	6824409	6828820	0	11449880	120099785446	0	37728	0	127744895668	84597666	264116216	2441037	226	5746	1	69
1677881398	813	6834601	6839012	0	11348104	120345388843	0	37728	0	128005364928	84770349	264679646	2445833	227	5753	1	69
1677881400	815	6873425	6877836	0	11479176	120584215624	0	37728	0	128258676084	84938512	265409499	2451851	227	5762	1	69
1677881402	817	6895945	6900356	0	11413640	120943070992	0	37728	0	128639375370	85190754	266195275	2458923	228	5769	1	69
1677881404	819	6971461	6975872	0	11574008	121282014926	0	37728	0	128998677222	85428739	266898469	2465445	229	5781	1	69
1677881406	821	6971461	6975872	0	11574008	121287915570	0	37728	0	129004959407	85433135	267036839	2466162	229	5782	1	69
1677881408	823	6971461	6975872	0	11574008	121287915570	0	37728	0	129004959632	85433138	267037646	2466168	229	5782	1	69
1677881410	825	6931557	6935968	0	11873920	121667117447	0	37728	0	129407371791	85699700	267771787	2472792	230	5789	1	69
1677881412	827	6973001	6977412	0	11617192	121934565747	0	37744	0	129690752213	85887770	268505188	2478834	231	5801	1	69
1677881414	829	7003385	7007796	0	11741320	122203293888	0	37744	0	129975734776	86076609	269029815	2483302	231	5809	1	69
1677881416	831	6967101	6971512	0	11580952	122641633611	0	37744	0	130440599528	86384701	270008559	2491882	232	5822	1	69
1677881418	833	7007945	7012356	0	11639544	123098503003	0	37744	0	130925164674	86705803	270950236	2500146	233	5834	1	69
1677881420	835	7031137	7035548	0	11792972	123330190322	0	37760	0	131170836866	86868844	271604766	2505523	234	5842	1	69
1677881422	837	7053757	7058168	0	12120652	123681893149	0	37760	0	131543845297	87115991	272320688	2512001	235	5850	1	69
1677881424	839	7021001	7025412	0	11887804	124030012816	0	37760	0	131912997444	87360642	273113996	2518998	236	5863	1	69
1677881426	841	7041565	7045976	0	12034288	124473247313	0	37760	0	132383041525	87672084	274171277	2528638	237	5874	1	69
1677881428	843	7053629	7058040	0	12099824	124718376737	0	37760	0	132643019758	87844528	274799960	2533871	237	5882	1	69
1677881430	845	6971921	6976332	0	11589888	124935979378	0	37760	0	132873795888	87997534	275360312	2538925	238	5888	1	69
1677881432	847	7055349	7059760	0	11930988	125170609348	0	37760	0	133122632211	88162548	275936584	2543760	239	5896	1	69
1677881434	849	7014177	7018588	0	11617192	125385240987	0	37760	0	133350261989	88313515	276439131	2547984	239	5902	1	69
1677881436	851	7014289	7018700	0	11639544	125832688544	0	37760	0	133824776135	88627916	277408643	2556514	240	5914	1	69
1677881438	853	7077205	7081616	0	11930988	126072309483	0	37760	0	134078918229	88796567	278116604	2562501	240	5922	1	69
1677881440	855	7046501	7050912	0	11675784	126294589627	0	37760	0	134314638271	88952685	278511008	2566176	241	5928	1	69
1677881442	857	7099273	7103684	0	11996524	126503023804	0	37760	0	134535702302	89099351	279029129	2570470	242	5934	1	69
1677881444	859	7061925	7066336	0	11741320	126937521112	0	37776	0	134996488412	89404721	280000593	2579188	243	5946	1	69
1677881446	861	7070585	7074996	0	11858508	127183560574	0	37776	0	135257432980	89577835	280623988	2584260	243	5954	1	69
1677881448	863	7069201	7073612	0	11639544	127608852907	0	37776	0	135708444976	89876609	281451899	2591767	244	5965	1	69
1677881450	865	7081013	7085424	0	11770616	127833421978	0	37776	0	135946625769	90034671	282039325	2596558	245	5973	1	69
1677881452	867	7044049	7048460	0	11551656	128080683419	0	37776	0	136208859725	90208594	282612662	2601211	245	5980	1	69
1677881454	869	7061965	7066376	0	11727436	128519459640	0	37776	0	136674184064	90516949	283556178	2609697	246	5993	1	69
1677881456	871	7079677	7084088	0	11872392	128749512384	0	37792	0	136918421409	90679118	284188597	2614843	247	6000	1	69
1677881458	873	7081429	7085840	0	11836152	129147098820	0	37792	0	137339829381	90958365	284993123	2621652	248	6012	1	69
1677881460	875	7080257	7084668	0	11705080	129398492927	0	37792	0	137606436596	91135097	285605559	2627018	248	6019	1	69
1677881462	877	7097793	7102204	0	11770616	129607615606	0	37792	0	137828224680	91282191	286091683	2631133	249	6025	1	69
1677881464	879	7072781	7077192	0	11646488	129969322558	0	37792	0	138211981548	91536428	286876447	2638372	250	6032	1	69
1677881466	881	7111773	7116184	0	11836152	130310514538	0	37792	0	138573651659	91776186	287675931	2645328	251	6045	1	69
1677881468	883	7137433	7141844	0	11829212	130763555596	0	37792	0	139054085471	92094438	288508651	2652632	251	6055	1	69
1677881470	885	7153053	7157464	0	11813800	130921992294	0	37792	0	139222127940	92205970	288939561	2656303	252	6060	1	69
1677881472	887	7214393	7218804	0	12018876	131228834880	0	37792	0	139547550982	92421759	289668788	2662408	253	6071	1	69
1677881474	889	7196585	7200996	0	11813800	131414269314	0	37792	0	139744225908	92552292	290136873	2666150	253	6077	1	69
1677881476	891	7213217	7217628	0	11937928	131585958535	0	37792	0	139926308736	92673027	290615989	2670489	254	6080	1	69
1677881478	893	7226149	7230560	0	11843096	131870273440	0	37792	0	140227831212	92872908	291360992	2677195	254	6089	1	69
1677881480	895	7222593	7227004	0	11879336	132320533172	0	37792	0	140705329795	93189302	292242703	2685114	255	6102	1	69
1677881482	897	7188161	7192572	0	11551656	132628489492	0	37792	0	141031915228	93405717	292983156	2692001	256	6110	1	69
1677881484	899	7188161	7192572	0	11551656	132638823706	0	37792	0	141042895227	93413196	293117718	2692761	256	6110	1	69
1677881486	901	7144133	7148544	0	11551656	132800144153	0	37792	0	141214018787	93526846	293653395	2697396	256	6114	1	69
1677881488	903	7119017	7123428	0	11420584	133067835192	0	37792	0	141497875659	93714812	294199963	2702466	257	6122	1	69
1677881490	905	7129717	7134128	0	11486120	133237116508	0	37792	0	141677430800	93834095	294754033	2707077	257	6127	1	69
1677881492	907	7142497	7146908	0	11486120	133511580054	0	37792	0	141968479984	94026787	295238777	2711671	258	6134	1	69
1677881494	909	7147125	7151536	0	11486120	133685828872	0	37792	0	142153301549	94149552	295839852	2716761	258	6139	1	69
1677881496	911	7149317	7153728	0	11486120	134032661339	0	37792	0	142521121029	94393348	296631870	2723794	259	6148	1	69
1677881498	913	7144585	7148996	0	11486120	134419434567	0	37792	0	142933319847	94666326	297699507	2733803	260	6158	1	69
1677881500	915	7144589	7149000	0	11420584	134833951446	0	37792	0	143372898453	94957537	298561582	2741617	261	6168	1	69
1677881502	917	7144589	7149000	0	11420584	134851365257	0	37792	0	143391361689	94969740	298597644	2742027	261	6171	1	69
1677881504	919	7144589	7149000	0	11420584	134857761174	0	37792	0	143398188560	94974608	298772660	2742988	261	6171	1	69
1677881506	921	7148709	7153120	0	11486120	135289076050	0	37792	0	143855586440	95277565	299628996	2751018	262	6184	1	69
1677881508	923	7148709	7153120	0	11486120	135295879327	0	37792	0	143862825473	95282630	299793481	2751822	262	6186	1	69
1677881510	925	7114589	7119000	0	11486120	135317704656	0	37792	0	143886036515	95298575	300083042	2753575	263	6188	1	69
1677881512	927	7134289	7138700	0	11551656	135722675467	0	37792	0	144318813697	95584921	301230979	2764987	264	6201	1	69
1677881514	929	7115145	7119556	0	11486120	135744644821	0	37792	0	144342140516	95600642	301396483	2766243	265	6203	1	69
1677881516	931	7115145	7119556	0	11486120	135751130346	0	37792	0	144349069827	95605564	301579614	2767243	265	6205	1	69
1677881518	933	7112929	7117340	0	11420584	136165917169	0	37792	0	144791229969	95898539	302773378	2778233	267	6219	1	69
1677881520	935	7141289	7145700	0	11551656	136573171194	0	37792	0	145223644320	96184824	303496807	2784655	268	6234	1	69
1677881522	937	7128573	7132984	0	11486120	136948050841	0	37792	0	145621202355	96448320	304296365	2791581	270	6244	1	69
1677881524	939	7133121	7137532	0	11551656	136994348498	0	37792	0	145670335241	96481142	304555767	2793511	270	6251	1	69
1677881526	941	7140161	7144572	0	11486120	137400918204	0	37792	0	146103872232	96768315	305696626	2804292	272	6259	1	69
1677881528	943	7111221	7115632	0	11420584	137420988738	0	37792	0	146125168814	96783081	305993537	2806151	273	6267	1	69
1677881530	945	7141121	7145532	0	11551656	137842953913	0	37792	0	146575088462	97080862	307136901	2817193	274	6281	1	69
1677881532	947	7127889	7132300	0	11551656	137870862020	0	37792	0	146604758020	97101168	307497906	2819387	275	6284	1	69
1677881534	949	7126897	7131308	0	11420584	138254361507	0	37792	0	147011412611	97370254	308087240	2824997	276	6297	1	69
1677881536	951	7128945	7133356	0	11486120	138322547095	0	37792	0	147083781687	97418715	308496500	2828000	277	6301	1	69
1677881538	953	7126897	7131308	0	11420584	138466137664	0	37792	0	147240100825	97522234	308755884	2830294	278	6303	1	69
1677881540	955	7114213	7118624	0	11420584	138729420225	0	37792	0	147515293356	97704859	309451399	2836227	279	6317	1	69
1677881542	957	7131785	7136196	0	11486120	139140343929	0	37792	0	147951035660	97993264	310225004	2843592	280	6331	1	69
1677881544	959	7136161	7140572	0	11551656	139151444327	0	37792	0	147962822689	98001239	310341794	2844253	280	6333	1	69
1677881546	961	7114213	7118624	0	11420584	139160305520	0	37792	0	147972263324	98007829	310470695	2845129	281	6336	1	69
1677881548	963	7145957	7150368	0	11486120	139575376601	0	37792	0	148417290853	98302446	311458341	2854605	282	6349	1	69
1677881550	965	7134829	7139240	0	11486120	139972842260	0	37792	0	148839730124	98582322	312262800	2861705	284	6362	1	69
1677881552	967	7141229	7145640	0	11486120	139993239846	0	37792	0	148861398658	98596928	312415734	2862728	284	6365	1	69
1677881554	969	7130469	7134880	0	11420584	140012154529	0	37808	0	148881534833	98610965	312785066	2864934	285	6368	1	69
1677881556	971	7152525	7156936	0	11551656	140420943035	0	37808	0	149321865885	98902207	313684752	2874336	286	6380	1	69
1677881558	973	7112225	7116636	0	11420584	140443728797	0	37808	0	149346081858	98918653	313881125	2875686	287	6383	1	69
1677881560	975	7112225	7116636	0	11420584	140448534964	0	37808	0	149351196967	98922241	314011735	2876383	287	6385	1	69
1677881562	977	7132617	7137028	0	11486120	140873395777	0	37808	0	149801726225	99220506	314754358	2883150	288	6399	1	69
1677881564	979	7129613	7134024	0	11551656	141255610804	0	37808	0	150207047154	99488987	315468479	2889573	289	6414	1	69
1677881566	981	7129613	7134024	0	11551656	141277583822	0	37808	0	150230389949	99504743	315644487	2890749	290	6416	1	69
1677881568	983	7115381	7119792	0	11420584	141309486671	0	37808	0	150264291981	99527821	315999294	2892979	291	6419	1	69
1677881570	985	7134901	7139312	0	11486120	141711178919	0	37824	0	150693849351	99812146	316827517	2900855	291	6432	1	69
1677881572	987	7137205	7141616	0	11486120	142111170324	0	37824	0	151118048043	100093300	317614090	2907621	293	6446	1	69
1677881574	989	7135153	7139564	0	11420584	142139901107	0	37824	0	151148597635	100114263	318014817	2910017	294	6449	1	69
1677881576	991	7119413	7123824	0	11420584	142535926010	0	37824	0	151570744491	100393978	319359546	2923119	296	6462	1	69
1677881578	993	7135581	7139992	0	11551656	142921872245	0	37824	0	151979982869	100664754	320042728	2929723	297	6475	1	69
1677881580	995	7103617	7108028	0	11420584	142960905944	0	37824	0	152021458808	100692871	320406754	2932146	298	6478	1	69
1677881582	997	7129317	7133728	0	11420584	143327385790	0	37824	0	152412605209	100952002	321307301	2940333	299	6490	1	69
1677881584	999	7129321	7133732	0	11420584	143717918885	0	37824	0	152826764435	101226454	322308731	2949566	300	6502	1	69
1677881586	1001	7104989	7109400	0	11420584	143760372462	0	37824	0	152871867353	101257010	322713040	2952225	301	6508	1	69
1677881588	1003	7133201	7137612	0	11551656	144161319428	0	37824	0	153297041190	101538538	323514856	2959534	302	6522	1	69
1677881590	1005	7109101	7113512	0	11420584	144346322734	0	37824	0	153495321422	101670233	323993772	2963208	304	6525	1	69
1677881592	1007	7104585	7108996	0	11420584	144571710509	0	37824	0	153734667333	101829175	324761034	2970028	305	6537	1	69
1677881594	1009	7156821	7161232	0	11617192	144960260129	0	37824	0	154146696095	102102007	325544407	2977174	306	6551	1	69
1677881596	1011	7140377	7144788	0	11486120	144964906946	0	37824	0	154151655662	102105576	325675113	2977913	306	6553	1	69
1677881598	1013	7186901	7191312	0	11682728	145359227834	0	37824	0	154569836734	102382732	326518147	2985268	307	6567	1	69
1677881600	1015	7167053	7171464	0	11617192	145749620928	0	37824	0	154987591150	102659601	327540353	2994776	309	6580	1	69
1677881602	1017	7119197	7123608	0	11420584	145773239071	0	37824	0	155012713926	102676903	327888563	2996886	310	6582	1	69
1677881604	1019	7158821	7163232	0	11617192	146155211259	0	37840	0	155417740982	102944835	328464508	3002589	310	6596	1	69
1677881606	1021	7171073	7175484	0	11682728	146178115558	0	37840	0	155442056069	102961200	328659589	3003795	311	6599	1	69
1677881608	1023	7150221	7154632	0	11551656	146191053282	0	37840	0	155455829837	102970779	328882361	3005184	312	6601	1	69
1677881610	1025	7191865	7196276	0	11682728	146586926163	0	37840	0	155878552590	103250570	329712860	3013165	312	6614	1	69
1677881612	1027	7152385	7156796	0	11486120	146623220924	0	37840	0	155917106465	103276656	330035582	3015352	313	6617	1	69
1677881614	1029	7179585	7183996	0	11617192	146986343655	0	37840	0	156305029830	103533453	331122737	3025953	314	6629	1	69
1677881616	1031	7185645	7190056	0	11617192	147388751027	0	37840	0	156737582475	103820074	332199370	3036101	316	6641	1	69
1677881618	1033	7136573	7140984	0	11420584	147408673947	0	37840	0	156758800524	103834915	332603925	3038429	317	6644	1	69
1677881620	1035	7168137	7172548	0	11617192	147797637208	0	37840	0	157171263240	104107948	333307867	3045119	318	6658	1	69
1677881622	1037	7162929	7167340	0	11551656	148198165019	0	37840	0	157596029702	104389473	334132323	3052367	319	6673	1	69
1677881624	1039	7137561	7141972	0	11420584	148208376534	0	37840	0	157606930691	104397290	334391266	3053858	320	6675	1	69
1677881626	1041	7170745	7175156	0	11617192	148599209193	0	37840	0	158025542617	104674301	335445623	3064398	321	6687	1	69
1677881628	1043	7153433	7157844	0	11486120	148657655598	0	37840	0	158087601380	104716093	335907629	3067575	322	6691	1	69
1677881630	1045	7121141	7125552	0	11420584	149001073806	0	37840	0	158451775366	104957258	336750707	3075911	322	6702	1	69
1677881632	1047	7028877	7033288	0	11197140	149072684957	0	37856	0	158527767731	105008059	337150037	3078889	323	6705	1	69
1677881634	1049	7035129	7039540	0	11262676	149384635126	0	37856	0	158858552424	105226903	337711431	3084756	324	6715	1	69
1677881636	1051	7041165	7045576	0	11197140	149411564872	0	37856	0	158887164165	105246339	337995842	3086524	325	6718	1	69
1677881638	1053	7045381	7049792	0	11262676	149561476067	0	37856	0	159046146736	105351710	338417804	3090509	325	6723	1	69
1677881640	1055	7045205	7049616	0	11262676	149786924675	0	37856	0	159285257005	105510382	339119051	3096604	326	6731	1	69
1677881642	1057	7049453	7053864	0	11328212	150148293931	0	37856	0	159668490239	105764337	340049327	3105404	327	6742	1	69
1677881644	1059	7047177	7051588	0	11262676	150482305986	0	37856	0	160022723320	105999195	340916791	3113255	328	6753	1	69
1677881646	1061	7043213	7047624	0	11197140	150799988828	0	37856	0	160359930744	106222835	341667727	3119657	330	6759	1	69
1677881648	1063	7053869	7058280	0	11328212	150960256973	0	37856	0	160529622133	106335412	342158321	3123860	330	6771	1	69
1677881650	1065	7043261	7047672	0	11197140	151337370457	0	37856	0	160932868824	106602742	343507278	3136453	332	6783	1	69
1677881652	1067	7043261	7047672	0	11197140	151363150269	0	37856	0	160960286228	106621404	343794905	3138231	332	6786	1	69
1677881654	1069	7051693	7056104	0	11328212	151744859976	0	37856	0	161365031602	106889295	344491468	3145141	333	6798	1	69
1677881656	1071	7052317	7056728	0	11328212	151748941251	0	37856	0	161369375824	106892344	344592789	3145654	333	6799	1	69
1677881658	1073	7043885	7048296	0	11197140	152100698723	0	37856	0	161742409207	107139543	345311194	3152015	335	6811	1	69
1677881660	1075	7043885	7048296	0	11197140	152181782765	0	37872	0	161828488984	107197292	345825259	3155714	336	6817	1	69
1677881662	1077	7058721	7063132	0	11328212	152567114835	0	37872	0	162242227261	107471198	346702466	3164022	337	6829	1	69
1677881664	1079	7078345	7082756	0	11328212	152966156867	0	37872	0	162670139082	107754700	347685076	3173191	339	6842	1	69
1677881666	1081	7078345	7082756	0	11328212	152967475852	0	37872	0	162671537767	107755627	347697986	3173337	339	6844	1	69
1677881668	1083	7078345	7082756	0	11328212	152973348021	0	37872	0	162677801135	107760078	347853260	3174150	339	6846	1	69
1677881670	1085	7074129	7078540	0	11262676	152988906703	0	37872	0	162694373355	107771660	348144135	3175862	340	6848	1	69
1677881672	1087	7084841	7089252	0	11262676	153388423807	0	37872	0	163118063952	108052426	348980138	3183525	342	6861	1	69
1677881674	1089	7097549	7101960	0	11328212	153801355597	0	37872	0	163555935353	108342247	349634964	3189537	343	6875	1	69
1677881676	1091	7101769	7106180	0	11393748	153812020819	0	37872	0	163567263434	108349946	349765446	3190258	343	6878	1	69
1677881678	1093	7106389	7110800	0	11393748	154217433679	0	37872	0	164000102464	108636718	350867222	3200404	345	6891	1	69
1677881680	1095	6954333	6958744	0	11103208	154248576007	0	37872	0	164033195767	108659208	351185649	3202495	346	6894	1	69
1677881682	1097	6960589	6965000	0	11234280	154637930183	0	37872	0	164452480026	108936560	351990663	3210484	347	6906	1	69
1677881684	1099	6960589	6965000	0	11234280	154637930183	0	37872	0	164452480236	108936563	351991389	3210489	347	6908	1	69
1677881686	1101	6960589	6965000	0	11234280	154645253972	0	37872	0	164460285661	108941991	352111572	3211210	348	6910	1	69
1677881688	1103	6960589	6965000	0	11234280	154649178285	0	37888	0	164464460732	108944910	352204269	3211669	348	6912	1	69
1677881690	1105	6944501	6948912	0	11256376	155067683455	0	37888	0	164908281482	109238942	353012242	3219026	349	6927	1	69
1677881692	1107	6917917	6922328	0	11066712	155077796294	0	37888	0	164919080055	109246732	353299528	3220628	351	6929	1	69
1677881694	1109	6954953	6959364	0	11242192	155485999347	0	37888	0	165351943096	109533312	354072641	3227711	351	6943	1	69
1677881696	1111	6946937	6951348	0	11174000	155884067559	0	37888	0	165774107857	109813176	354909993	3234906	353	6958	1	69
1677881698	1113	6946937	6951348	0	11174000	155888694323	0	37904	0	165779034241	109816641	355024702	3235488	353	6959	1	69
1677881700	1115	6955825	6960236	0	11239536	156285873872	0	37904	0	166200247304	110095766	355816601	3242593	355	6973	1	69
1677881702	1117	6955825	6960236	0	11239536	156293411860	0	37904	0	166208260278	110101279	355949761	3243308	355	6975	1	69
1677881704	1119	6919797	6924208	0	11066712	156328755426	0	37904	0	166245805341	110126711	356287274	3245538	356	6978	1	69
1677881706	1121	6941845	6946256	0	11168848	156708519536	0	37904	0	166648496002	110393125	356850079	3251044	357	6993	1	69
1677881708	1123	6919797	6924208	0	11066712	156723803901	0	37904	0	166664776061	110404521	357147213	3252786	358	6995	1	69
1677881710	1125	6930725	6935136	0	11227080	157105590291	0	37904	0	167071515834	110674027	358323439	3263739	360	7008	1	69
1677881712	1127	6946281	6950692	0	11190840	157513555784	0	37904	0	167504144191	110960528	359134896	3271186	360	7022	1	69
1677881714	1129	6946281	6950692	0	11190840	157523011120	0	37904	0	167514185505	110967327	359236790	3271770	361	7024	1	69
1677881716	1131	6942353	6946764	0	11105928	157543584877	0	37904	0	167536058552	110982269	359459112	3273230	362	7027	1	69
1677881718	1133	6956581	6960992	0	11256376	157929054129	0	37904	0	167944805537	111252787	360177691	3280168	363	7039	1	69
1677881720	1135	6925837	6930248	0	11132248	157944744041	0	37904	0	167961528328	111264597	360536142	3282182	364	7042	1	69
1677881722	1137	6921897	6926308	0	11096008	158223312932	0	37904	0	168259600421	111461643	360873680	3285676	365	7047	1	69
1677881724	1139	6946229	6950640	0	11234384	158331000460	0	37904	0	168373828601	111537527	361302477	3289386	365	7057	1	69
1677881726	1141	6922337	6926748	0	11066712	158448621154	0	37904	0	168502529356	111623260	361762301	3292888	366	7060	1	69
1677881728	1143	6922337	6926748	0	11066712	158747572765	0	37904	0	168815661490	111830804	362388477	3298582	368	7073	1	69
1677881730	1145	6930793	6935204	0	11125304	159132926546	0	37904	0	169226817804	112102952	363561623	3309846	369	7084	1	69
1677881732	1147	6922337	6926748	0	11066712	159161362002	0	37904	0	169257064612	112123748	363960349	3312289	370	7089	1	69
1677881734	1149	6958773	6963184	0	11256376	159561735296	0	37904	0	169682203207	112405222	364811675	3320236	371	7102	1	69
1677881736	1151	6961569	6965980	0	11174344	159791629606	0	37904	0	169926050742	112567210	365634904	3327377	372	7110	1	69
1677881738	1153	6938941	6943352	0	11132248	159973590132	0	37904	0	170119038256	112695253	366157473	3331892	373	7117	1	69
1677881740	1155	6997369	7001780	0	11220136	160195316967	0	37904	0	170354181914	112851091	366711330	3337070	373	7125	1	69
1677881742	1157	6957485	6961896	0	11125304	160429896065	0	37904	0	170602980586	113016221	367481048	3343911	374	7132	1	69
1677881744	1159	6971721	6976132	0	11154600	160712880832	0	37904	0	170903087667	113215101	368224056	3350949	375	7141	1	69
1677881746	1161	7006289	7010700	0	11220136	160972432163	0	37904	0	171178333792	113397421	368772128	3356125	376	7150	1	69
1677881748	1163	7012749	7017160	0	11285672	160977194365	0	37904	0	171183406814	113400999	368894747	3356774	377	7152	1	69
1677881750	1165	6959793	6964204	0	11190840	161244690498	0	37904	0	171467102732	113589144	369593929	3363043	378	7159	1	69
1677881752	1167	6989261	6993672	0	11161544	161740926389	0	37904	0	171993363371	113937925	370737706	3373343	379	7174	1	69
1677881754	1169	7012729	7017140	0	11240204	161762732580	0	37904	0	172016512682	113953454	370885397	3374361	380	7179	1	69
1677881756	1171	6995409	6999820	0	11190840	162174510479	0	37904	0	172453207610	114242902	371774951	3382137	381	7191	1	69
1677881758	1173	6987565	6991976	0	11197784	162353563071	0	37904	0	172643138670	114369161	372366240	3386762	382	7199	1	69
1677881760	1175	7014285	7018696	0	11256376	162598790495	0	37904	0	172903207912	114541535	372928110	3391624	383	7207	1	69
1677881762	1177	7016641	7021052	0	11269084	163011045394	0	37904	0	173340418154	114831369	373900747	3400306	384	7220	1	69
1677881764	1179	7012185	7016596	0	11269084	163175082967	0	37904	0	173514411428	114946964	374448553	3404849	385	7226	1	69
1677881766	1181	7013577	7017988	0	11203548	163576193121	0	37904	0	173939778917	115228735	375213287	3411858	387	7239	1	69
1677881768	1183	7013577	7017988	0	11203548	163576193121	0	37904	0	173939779067	115228737	375213953	3411862	387	7241	1	69
1677881770	1185	7013577	7017988	0	11203548	163576193121	0	37904	0	173939779358	115228741	375215118	3411869	387	7243	1	69
1677881772	1187	7050365	7054776	0	11334620	163815499680	0	37904	0	174193559573	115396895	375709874	3416151	388	7251	1	69
1677881774	1189	7000349	7004760	0	11138012	163958883421	0	37904	0	174345676848	115498215	376349941	3421171	389	7257	1	69
1677881776	1191	7034853	7039264	0	11239788	164367221329	0	37904	0	174778712089	115785110	377313895	3430329	391	7270	1	69
1677881778	1193	7032709	7037120	0	11203548	164500077202	0	37904	0	174919637477	115878798	377824516	3434526	391	7276	1	69
1677881780	1195	7007161	7011572	0	11138012	164797566606	0	37904	0	175235153314	116088003	378607918	3441725	392	7285	1	69
1677881782	1197	7009097	7013508	0	11138012	165155787413	0	37904	0	175615011882	116339534	379416325	3449576	393	7296	1	69
1677881784	1199	7009097	7013508	0	11138012	165162043884	0	37904	0	175621656594	116344031	379483350	3449992	394	7299	1	69
1677881786	1201	7009097	7013508	0	11138012	165256561474	0	37904	0	175721953796	116411044	379977247	3453592	395	7303	1	69
1677881788	1203	7013621	7018032	0	11203548	165521028823	0	37904	0	176002398058	116596679	380496442	3458765	395	7312	1	69
1677881790	1205	7012005	7016416	0	11138012	165660061475	0	37904	0	176149864225	116694595	380996873	3463336	396	7317	1	69
1677881792	1207	7012005	7016416	0	11138012	165665093835	0	37904	0	176155224863	116698370	381124526	3464016	397	7319	1	69
1677881794	1209	7012005	7016416	0	11138012	166034429860	0	37904	0	176546915926	116958006	382077524	3472679	398	7331	1	69
1677881796	1211	7016069	7020480	0	11203548	166291055115	0	37904	0	176819056039	117138254	382577059	3477232	399	7340	1	69
1677881798	1213	7014053	7018464	0	11138012	166431811795	0	37904	0	176968362365	117237476	383020196	3480823	400	7345	1	69
1677881800	1215	7022765	7027176	0	11203548	166660901377	0	37904	0	177211312256	117398490	383544648	3485492	401	7353	1	69
1677881802	1217	7016101	7020512	0	11138012	166842437679	0	37904	0	177404145644	117526752	384216858	3490926	402	7360	1	69
1677881804	1219	7018149	7022560	0	11138012	167204327696	0	37904	0	177787673707	117780934	385010180	3497891	403	7372	1	69
1677881806	1221	7018149	7022560	0	11138012	167453756389	0	37920	0	178054226915	117957574	386014014	3507449	404	7380	1	69
1677881808	1223	7018149	7022560	0	11138012	167607069668	0	37920	0	178216985215	118065912	386620932	3512347	405	7386	1	69
1677881810	1225	7045241	7049652	0	11203548	167859383800	0	37920	0	178484406043	118242746	386998167	3516320	406	7395	1	69
1677881812	1227	7041361	7045772	0	11138012	167987075545	0	37920	0	178619878198	118333010	387547578	3520442	407	7400	1	69
1677881814	1229	7045537	7049948	0	11203548	168249185827	0	37920	0	178897845931	118517228	388138157	3525637	408	7409	1	69
1677881816	1231	7041361	7045772	0	11138012	168363134609	0	37920	0	179018713852	118597522	388513016	3528924	409	7414	1	69
1677881818	1233	7041361	7045772	0	11138012	168664996697	0	37920	0	179338850483	118809776	389316720	3536269	410	7423	1	69
1677881820	1235	7045845	7050256	0	11203548	168935078871	0	37920	0	179625269551	118999537	389897011	3541666	410	7433	1	69
1677881822	1237	7041985	7046396	0	11138012	168993642873	0	37920	0	179687760873	119041323	390229179	3544164	411	7436	1	69
1677881824	1239	7048485	7052896	0	11203548	169310040719	0	37920	0	180022957513	119263428	390950677	3550621	412	7447	1	69
1677881826	1241	7041985	7046396	0	11138012	169449740341	0	37920	0	180171145766	119361961	391466374	3554753	413	7453	1	69
1677881828	1243	7048561	7052972	0	11203548	169671415565	0	37920	0	180406240452	119517829	392002494	3559433	414	7461	1	69
1677881830	1245	7041985	7046396	0	11138012	169805182766	0	37920	0	180548129805	119612094	392425475	3563007	415	7466	1	69
1677881832	1247	7044217	7048628	0	11203548	170042813527	0	37920	0	180800154149	119779291	393086545	3568433	416	7475	1	69
1677881834	1249	7041985	7046396	0	11138012	170387681358	0	37920	0	181165908079	120021823	393909232	3575666	417	7487	1	69
1677881836	1251	7041985	7046396	0	11138012	170529161668	0	37920	0	181315979992	120121555	394446047	3580210	418	7493	1	69
1677881838	1253	7041985	7046396	0	11138012	170745464544	0	37920	0	181545387815	120273761	394971954	3584380	419	7501	1	69
1677881840	1255	7041985	7046396	0	11138012	170917281278	0	37920	0	181727656450	120394840	395477551	3588553	420	7508	1	69
1677881842	1257	7041985	7046396	0	11138012	171248380954	0	37920	0	182078775099	120627577	396259748	3595508	421	7519	1	69
1677881844	1259	7041985	7046396	0	11138012	171441411024	0	37920	0	182283511473	120763511	396790864	3599720	422	7527	1	69
1677881846	1261	7041985	7046396	0	11138012	171725774846	0	37920	0	182585282279	120963546	397441601	3605536	423	7533	1	69
1677881848	1263	7041985	7046396	0	11138012	171925420537	0	37920	0	182796855501	121104117	398128597	3611345	424	7544	1	69
1677881850	1265	7044657	7049068	0	11203548	172157299438	0	37920	0	183043041520	121267591	398789335	3616753	426	7553	1	69
1677881852	1267	7049081	7053492	0	11203548	172494552867	0	37920	0	183400454924	121504392	399545458	3623634	426	7564	1	69
1677881854	1269	7042609	7047020	0	11138012	172642804388	0	37920	0	183557711935	121608926	400101575	3628318	428	7570	1	69
1677881856	1271	7042609	7047020	0	11138012	172845998030	0	37920	0	183773205955	121751792	400544589	3632074	428	7578	1	69
1677881858	1273	7046801	7051212	0	11203548	172862713932	0	37920	0	183790949032	121763722	400693849	3633057	429	7581	1	69
1677881860	1275	7042609	7047020	0	11138012	172993456822	0	37920	0	183929619324	121855726	401008931	3635851	429	7586	1	69
1677881862	1277	7042609	7047020	0	11138012	173293695626	0	37920	0	184248256534	122067165	401843485	3643108	431	7595	1	69
1677881864	1279	7042609	7047020	0	11138012	173449479171	0	37920	0	184413280616	122176688	402333218	3647292	431	7603	1	69
1677881866	1281	7042609	7047020	0	11138012	173659015653	0	37920	0	184635525450	122324224	402962421	3652567	432	7611	1	69
1677881868	1283	7042609	7047020	0	11138012	174005324090	0	37920	0	185002811495	122567822	403836641	3660240	434	7623	1	69
1677881870	1285	7046553	7050964	0	11203548	174167942951	0	37920	0	185175284186	122682232	404264433	3663977	434	7629	1	69
1677881872	1287	7042609	7047020	0	11138012	174353373471	0	37936	0	185371966221	122812886	404869874	3668883	435	7637	1	69
1677881874	1289	7049325	7053736	0	11203548	174514623975	0	37936	0	185542961644	122926095	405208884	3672415	436	7643	1	69
1677881876	1291	7049325	7053736	0	11203548	174517071120	0	37936	0	185545571708	122927944	405270611	3672742	436	7645	1	69
1677881878	1293	7042609	7047020	0	11138012	174703041887	0	37936	0	185742821167	123058894	405806710	3677127	437	7652	1	69
1677881880	1295	7042609	7047020	0	11138012	174858660703	0	37936	0	185907870508	123168406	406198010	3680426	438	7658	1	69
1677881882	1297	7043233	7047644	0	11138012	174861295337	0	37936	0	185910675131	123170363	406256102	3680742	439	7660	1	69
1677881884	1299	7043233	7047644	0	11138012	174861295337	0	37936	0	185910675371	123170366	406256858	3680747	439	7662	1	69
1677881886	1301	7043233	7047644	0	11138012	174862111713	0	37936	0	185911544531	123170979	406279717	3680875	439	7664	1	69
1677881888	1303	7043233	7047644	0	11138012	175050622506	0	37936	0	186111474082	123303588	406737459	3684735	440	7671	1	69
1677881890	1305	7043233	7047644	0	11138012	175389638151	0	37936	0	186471025359	123542066	407556991	3691735	441	7683	1	69
1677881892	1307	7047401	7051812	0	11203548	175551190279	0	37936	0	186642392216	123655996	408087390	3695806	442	7689	1	69
1677881894	1309	7047349	7051760	0	11203548	175806955807	0	37936	0	186913642308	123835855	408693207	3701179	444	7699	1	69
1677881896	1311	7047349	7051760	0	11203548	175806955807	0	37936	0	186913642533	123835858	408694076	3701186	444	7700	1	69
1677881898	1313	7047349	7051760	0	11203548	175902931966	0	37936	0	187015449936	123903518	409054627	3704177	444	7705	1	69
1677881900	1315	7043233	7047644	0	11138012	176246549408	0	37952	0	187379868490	124145097	409815573	3710877	446	7716	1	69
1677881902	1317	7043233	7047644	0	11138012	176438600161	0	37952	0	187583556626	124280205	410454698	3716656	447	7724	1	69
1677881904	1319	7049805	7054216	0	11203548	176455027728	0	37952	0	187600989045	124291877	410573092	3717473	447	7726	1	69
1677881906	1321	7043233	7047644	0	11138012	176606848267	0	37952	0	187762031855	124398942	411107030	3721687	448	7732	1	69
1677881908	1323	7043233	7047644	0	11138012	176940236593	0	37952	0	188115603448	124633338	411837365	3728138	449	7744	1	69
1677881910	1325	7049953	7054364	0	11203548	177154086548	0	37952	0	188342419546	124783891	412405384	3732682	450	7752	1	69
1677881912	1327	7043857	7048268	0	11138012	177497459375	0	37952	0	188706586840	125025402	413261290	3740202	452	7763	1	69
1677881914	1329	7043857	7048268	0	11138012	177634216202	0	37952	0	188851641909	125121740	413657287	3743472	452	7769	1	69
1677881916	1331	7043857	7048268	0	11138012	177815249465	0	37952	0	189043666052	125249322	414198059	3747683	453	7777	1	69
1677881918	1333	7043857	7048268	0	11138012	177992244635	0	37952	0	189231393768	125373934	414698187	3751866	454	7784	1	69
1677881920	1335	7043857	7048268	0	11138012	178327298473	0	37952	0	189586745665	125609633	415543469	3759178	456	7795	1	69
1677881922	1337	7045957	7050368	0	11203548	178506715883	0	37952	0	189777046684	125736003	416065274	3763394	457	7803	1	69
1677881924	1339	7043853	7048264	0	11108716	178680898438	0	37952	0	189961786259	125858589	416533889	3767362	457	7809	1	69
1677881926	1341	7050321	7054732	0	11203548	178856394121	0	37952	0	190147909444	125982001	416943187	3770931	458	7816	1	69
1677881928	1343	7043857	7048268	0	11138012	179030661453	0	37952	0	190332748080	126104754	417479765	3775246	459	7823	1	69
1677881930	1345	7043857	7048268	0	11138012	179386692594	0	37952	0	190710339637	126355115	418286651	3782256	460	7835	1	69
1677881932	1347	7002733	7007144	0	11001176	179550055499	0	37952	0	190883617786	126470245	418809065	3786434	461	7842	1	69
1677881934	1349	7002737	7007148	0	11030472	179880135396	0	37952	0	191233665874	126702203	419607907	3793927	462	7852	1	69
1677881936	1351	7002737	7007148	0	11030472	179997780690	0	37968	0	191358481773	126785341	420073351	3797478	463	7858	1	69
1677881938	1353	7002737	7007148	0	11030472	180237827888	0	37968	0	191613062104	126954146	420699759	3802962	464	7867	1	69
1677881940	1355	7002737	7007148	0	11030472	180535051649	0	37968	0	191930298180	127164510	421384999	3808858	465	7874	1	69
1677881942	1357	7003361	7007772	0	11030472	180683007090	0	37968	0	192087410294	127268987	421949237	3813567	467	7884	1	69
1677881944	1359	7003361	7007772	0	11030472	180919606200	0	37968	0	192338352816	127435539	422548467	3818226	467	7893	1	69
1677881946	1361	7003361	7007772	0	11030472	181021255625	0	37968	0	192446196166	127507397	422985604	3821622	468	7898	1	69
1677881948	1363	7003361	7007772	0	11030472	181368938285	0	37968	0	192814931183	127751861	423757305	3828402	470	7911	1	69
1677881950	1365	7003361	7007772	0	11030472	181373571295	0	37968	0	192819860160	127755294	423862554	3828972	470	7912	1	69
1677881952	1367	7003361	7007772	0	11030472	181605283145	0	37968	0	193065582105	127918038	424229303	3832196	471	7922	1	69
1677881954	1369	7003361	7007772	0	11030472	181923313675	0	37968	0	193404444249	128142736	425056783	3839391	472	7931	1	69
1677881956	1371	7003361	7007772	0	11030472	182018754306	0	37968	0	193504142419	128209298	425519695	3842887	473	7938	1	69
1677881958	1373	7003361	7007772	0	11030472	182276357099	0	37984	0	193777320460	128390231	426005846	3847362	474	7948	1	69
1677881960	1375	7003361	7007772	0	11030472	182356981345	0	37984	0	193862863445	128447279	426360031	3850064	475	7951	1	69
1677881962	1377	7003361	7007772	0	11030472	182636018080	0	37984	0	194158797695	128643551	427276094	3857915	476	7962	1	69
1677881964	1379	7003877	7008288	0	11030472	182978586641	0	37984	0	194522115144	128884485	428095391	3865087	477	7975	1	69
1677881966	1381	7003877	7008288	0	11030472	183062876193	0	37984	0	194611534293	128944000	428414457	3867694	478	7979	1	69
1677881968	1383	7003877	7008288	0	11030472	183324736062	0	37984	0	194889233203	129128027	428976126	3872521	479	7989	1	69
1677881970	1385	7003877	7008288	0	11030472	183576373458	0	37984	0	195156085481	129304829	429510654	3877317	480	7996	1	69
1677881972	1387	7095605	7100016	0	11171408	183603070388	0	205206	172032	195184322989	129323633	429607143	3878183	480	8002	1	69
1677881974	1389	7107997	7112408	0	11171540	183603070388	0	517136	487424	195184323515	129323639	429608185	3878191	480	8004	1	69
