Time	wtime	pss	rss	swap	vmem	rchar	read_bytes	wchar	write_bytes	rx_bytes	rx_packets	tx_bytes	tx_packets	stime	utime	nprocs	nthreads
1677890106	1	245267	247704	0	458244	2600671	0	34640	0	0	0	0	0	0	0	1	1
1677890108	3	514035	518204	0	1095900	37247077	0	36386	0	24054	88	17416	119	0	1	1	6
1677890110	5	581099	585268	0	1251472	39441921	0	36432	0	56316	112	19109	132	0	3	1	6
1677890112	7	612559	616728	0	1283316	39441921	0	36432	0	56556	115	19865	137	0	5	1	6
1677890114	9	639499	643668	0	1311948	39441921	0	36432	0	56841	119	20738	144	0	7	1	6
1677890116	11	654275	658444	0	1323308	39441921	0	36478	0	56991	121	21404	148	0	9	1	6
1677890118	13	659335	663504	0	1416700	39592569	0	36878	0	241018	363	49567	342	0	11	1	6
1677890120	15	678271	682440	0	1552140	39702719	0	37164	0	367508	504	63494	443	0	12	1	6
1677890122	17	687199	691368	0	1590372	39739962	0	37310	0	412128	563	70049	489	0	14	1	6
1677890124	19	1379311	1383480	0	2974256	440708441	0	37360	0	425622028	282009	905940	9440	0	25	1	21
1677890126	21	1524767	1528936	0	3293308	1088999366	0	37360	0	1113042682	736405	1941471	21166	1	43	1	21
1677890128	23	1535983	1540152	0	3293308	1368071419	0	37360	0	1408951446	932052	2403880	26351	1	52	1	21
1677890130	25	1610359	1614528	0	3326956	2033781351	0	37360	0	2114886824	1398813	3628173	40107	1	70	1	21
1677890132	27	1689207	1693376	0	3556424	2659656797	0	37360	0	2778749846	1837619	4657423	51794	1	87	1	21
1677890134	29	1695079	1699248	0	3493032	2964402041	0	37360	0	3101535403	2050894	5143714	57373	2	97	1	21
1677890136	31	1695079	1699248	0	3493032	3019196517	0	37360	0	3159631945	2089290	5232192	58391	2	100	1	21
1677890138	33	1637215	1641384	0	3253728	3164305130	0	37360	0	3313519252	2191186	5520459	61377	2	105	1	21
1677890140	35	1743031	1747200	0	3508568	3960796881	0	37360	0	4158025813	2749392	6932011	77321	2	124	1	21
1677890142	37	1807551	1811720	0	3574104	4494319754	0	37360	0	4723721481	3123360	7851484	87687	2	137	1	21
1677890144	39	1740275	1744444	0	3508568	5220923560	0	37360	0	5494142385	3632684	9085068	101509	3	156	1	21
1677890146	41	1691407	1695576	0	3407032	6032997162	0	37360	0	6355177736	4201837	10341830	115688	3	177	1	21
1677890148	43	1675059	1679228	0	3246052	6747100128	0	37360	0	7112588386	4702572	11487588	128472	4	196	1	21
1677890150	45	1706463	1710632	0	3442660	7526187248	0	37360	0	7938513804	5248433	12729375	142594	4	215	1	21
1677890152	47	1749163	1753332	0	3442660	8240017511	0	37360	0	8695616948	5748929	13886829	155546	4	233	1	21
1677890154	49	1758039	1762208	0	3508196	9020353706	0	37360	0	9523041834	6295867	15112235	169311	5	253	1	21
1677890156	51	1750351	1754520	0	3442660	9762290286	0	37360	0	10309594543	6815788	16309189	182766	5	272	1	21
1677890158	53	1768647	1772816	0	3508196	10570030270	0	37360	0	11165735785	7381619	17606325	197439	6	292	1	21
1677890160	55	1743795	1747964	0	3377124	11337982858	0	37360	0	11979997407	7919904	18888101	211854	6	312	1	21
1677890162	57	1764007	1768176	0	3442660	12095145134	0	37360	0	12782800548	8450528	20130134	225849	6	332	1	21
1677890164	59	1746551	1750720	0	3311588	12776636045	0	37360	0	13505369469	8928134	21232998	238251	7	350	1	21
1677890166	61	1761983	1766152	0	3442660	13512219233	0	37360	0	14285345271	9443632	22275788	250066	7	369	1	21
1677890168	63	1769663	1773832	0	3442660	14278916927	0	37360	0	15098209958	9980969	23428704	262923	7	390	1	21
1677890170	65	1753959	1758128	0	3311588	15122863149	0	37360	0	15993020186	10572358	24637090	276576	8	412	1	21
1677890172	67	1762071	1766240	0	3311588	15967318310	0	37360	0	16888390268	11164247	26036700	292229	8	434	1	21
1677890174	69	1770383	1774552	0	3377124	16798521649	0	37360	0	17769711297	11746768	27330707	306827	9	455	1	21
1677890176	71	1795071	1799240	0	3508196	17632564228	0	37360	0	18654003087	12331191	28665793	321749	9	478	1	21
1677890178	73	1833435	1837604	0	3508196	18364721083	0	37360	0	19430293255	12844294	29768973	334085	9	498	1	21
1677890180	75	1844391	1848560	0	3508196	19150750335	0	37360	0	20263699894	13395125	30941512	347286	10	520	1	21
1677890182	77	1847311	1851480	0	3508196	19841125467	0	37360	0	20996081921	13879210	32076949	360111	10	540	1	21
1677890184	79	1800419	1804588	0	3442660	20559181125	0	37360	0	21757161176	14382313	33140788	372020	11	561	1	21
1677890186	81	1776291	1780460	0	3389604	21336511359	0	37360	0	22581214859	14926964	34448261	386701	11	583	1	21
1677890188	83	1755579	1759748	0	3360308	22006046619	0	37360	0	23291105278	15396170	35488636	398401	12	603	1	21
1677890190	85	1731663	1735832	0	3231504	22786498817	0	37360	0	24118618326	15943162	36753272	412556	12	625	1	21
1677890192	87	1767195	1771364	0	3428112	23553504590	0	37360	0	24932005214	16480774	37918867	425681	12	646	1	21
1677890194	89	1810231	1814400	0	3428112	24279866367	0	37360	0	25701981285	16989673	39001392	437805	13	668	1	21
1677890196	91	1818787	1822956	0	3428112	25020022144	0	37360	0	26486835193	17508485	40145034	450560	13	690	1	21
1677890198	93	1791907	1796076	0	3297040	25701836000	0	37360	0	27209667772	17986247	41161597	461992	13	711	1	21
1677890200	95	1816407	1820576	0	3428112	26338705512	0	37360	0	27884928584	18432604	42188299	473445	14	731	1	21
1677890202	97	1815783	1819952	0	3428112	27088918959	0	37360	0	28680364937	18958376	43328868	486231	14	754	1	21
1677890204	99	1815451	1819620	0	3527248	27843819834	0	37360	0	29480770685	19487445	44410097	498265	14	776	1	21
1677890206	101	1859523	1863692	0	3527248	28587667722	0	37360	0	30269455750	20008745	45495799	510358	15	799	1	21
1677890208	103	1856647	1860816	0	3461712	29329286232	0	37360	0	31055774934	20528475	46614615	522852	15	822	1	21
1677890210	105	1823955	1828124	0	3330640	30022470278	0	37360	0	31790749146	21014330	47654150	534306	16	843	1	21
1677890212	107	1850211	1854380	0	3461712	30653537567	0	37360	0	32459856590	21456601	48597123	544877	16	863	1	21
1677890214	109	1821095	1825264	0	3411256	31377517051	0	37360	0	33227476643	21963996	49681840	556965	16	884	1	21
1677890216	111	1813355	1817524	0	3345720	32037158526	0	37360	0	33926888352	22426371	50678792	567946	17	905	1	21
1677890218	113	1810611	1814780	0	3413916	32735056393	0	37360	0	34666856065	22915493	51731840	579754	17	927	1	21
1677890220	115	1812671	1816840	0	3413916	33382260824	0	37360	0	35353076102	23369088	52682289	590338	17	948	1	21
1677890222	117	1823623	1827792	0	3413916	34073078403	0	37360	0	36085538401	23853278	53734635	602073	18	969	1	21
1677890224	119	1820939	1825108	0	3413916	34706340702	0	37360	0	36756981025	24297156	54716306	612923	18	989	1	21
1677890226	121	1823707	1827876	0	3413916	35444098636	0	37360	0	37539210373	24814212	55806062	625070	18	1012	1	21
1677890228	123	1825655	1829824	0	3348380	36165248537	0	37360	0	38303833742	25319637	56999789	638414	19	1034	1	21
1677890230	125	1837443	1841612	0	3413916	36791736260	0	37360	0	38968096827	25758787	58033589	649846	19	1054	1	21
1677890232	127	1819495	1823664	0	3348380	37517566731	0	37360	0	39737672694	26267422	59122749	662146	19	1076	1	21
1677890234	129	1831439	1835608	0	3413916	38218601436	0	37360	0	40480963607	26758727	60156236	673716	20	1098	1	21
1677890236	131	1817411	1821580	0	3414728	38721080705	0	37360	0	41014072860	27111143	60902899	681941	20	1115	1	21
1677890238	133	1804211	1808380	0	3349192	39398308307	0	37360	0	41731794618	27585613	61956672	693631	20	1135	1	21
1677890240	135	1814191	1818360	0	3414728	40125527100	0	37360	0	42502844448	28095239	63137005	706918	21	1158	1	21
1677890242	137	1812251	1816420	0	3414728	40854786377	0	37360	0	43276062176	28606333	64228541	719121	21	1179	1	21
1677890244	139	1779463	1783632	0	3152584	41565793806	0	37360	0	44029935911	29104706	65338519	731389	21	1202	1	21
1677890246	141	1818783	1822952	0	3414728	42276233206	0	37360	0	44783196224	29602581	66456786	743934	22	1223	1	21
1677890248	143	1792067	1796236	0	3283656	42952091999	0	37360	0	45499829644	30076264	67563482	756263	22	1243	1	21
1677890250	145	1802699	1806868	0	3349192	43673014468	0	37360	0	46264177839	30581525	68705138	768943	22	1266	1	21
1677890252	147	1810207	1814376	0	3349192	44373684124	0	37360	0	47007090742	31072639	69817014	781250	23	1288	1	21
1677890254	149	1810211	1814380	0	3349192	45089046010	0	37360	0	47765566216	31573936	70893682	793452	23	1309	1	21
1677890256	151	1827519	1831688	0	3414728	45791015287	0	37360	0	48509850360	32065916	72042583	806304	24	1331	1	21
1677890258	153	1828775	1832944	0	3349192	46498126418	0	37360	0	49259681809	32561583	73128795	818401	24	1353	1	21
1677890260	155	1818279	1822448	0	3414728	47133557966	0	37360	0	49933329431	33006900	74073056	828811	24	1372	1	21
1677890262	157	1818283	1822452	0	3414728	47843480129	0	37360	0	50686041915	33504419	75125309	840608	25	1393	1	21
1677890264	159	1806143	1810312	0	3349192	48570515466	0	37360	0	51456898920	34013928	76201865	852676	25	1416	1	21
1677890266	161	1815355	1819524	0	3349192	49241241016	0	37360	0	52168059289	34484034	77299293	864868	25	1437	1	21
1677890268	163	1826951	1831120	0	3414728	49913836522	0	37360	0	52881195615	34955398	78382072	877007	26	1457	1	21
1677890270	165	1817443	1821612	0	3414728	50621366741	0	37360	0	53631368143	35451204	79503614	889675	26	1478	1	21
1677890272	167	1817443	1821612	0	3414728	50854722055	0	37360	0	53878784510	35614705	79838029	893517	26	1488	1	21
1677890274	169	1817443	1821612	0	3414728	51015329587	0	37360	0	54049078929	35727308	80091199	896242	26	1493	1	21
1677890276	171	1817607	1821776	0	3414728	51692079686	0	37360	0	54766622945	36201613	81058900	907012	27	1512	1	21
1677890278	173	1822903	1827072	0	3414728	52321093804	0	37360	0	55433558111	36642477	82054174	918107	27	1531	1	21
1677890280	175	1831039	1835208	0	3349192	53035421254	0	37360	0	56191186056	37143278	83186911	930790	27	1553	1	21
1677890282	177	1831979	1836148	0	3420452	53720874397	0	37360	0	56917720630	37623539	84248598	942514	28	1574	1	21
1677890284	179	1831979	1836148	0	3420452	54411114651	0	37360	0	57649563188	38107249	85235274	953589	28	1596	1	21
1677890286	181	1822811	1826980	0	3354916	55052850004	0	37360	0	58329979661	38556984	86138973	963697	28	1616	1	21
1677890288	183	1828007	1832176	0	3420452	55646907848	0	37360	0	58959851377	38973379	87014001	973393	29	1634	1	21
1677890290	185	1837075	1841244	0	3420452	56302363042	0	37360	0	59654948687	39432841	87944986	983767	29	1654	1	21
1677890292	187	1825139	1829308	0	3354916	57006544425	0	37360	0	60401446284	39926281	88978048	995263	29	1677	1	21
1677890294	189	1832803	1836972	0	3420452	57705032991	0	37360	0	61142036948	40415795	90029356	1007044	30	1698	1	21
1677890296	191	1827735	1831904	0	3354916	58381627861	0	37360	0	61859428786	40890070	91042216	1018261	30	1719	1	21
1677890298	193	1842263	1846432	0	3420452	59009834721	0	37360	0	62525502596	41330335	91971306	1028648	30	1737	1	21
1677890300	195	1841883	1846052	0	3420452	59716359304	0	37360	0	63274616171	41825502	93051024	1040701	31	1759	1	21
1677890302	197	1841887	1846056	0	3420452	60425148310	0	37360	0	64026194055	42322293	94072594	1052093	31	1781	1	21
1677890304	199	1839099	1843268	0	3354916	61110553222	0	37360	0	64752847897	42802595	95199720	1064776	31	1802	1	21
1677890306	201	1845687	1849856	0	3420452	61830951369	0	37360	0	65516672998	43307501	96355596	1077664	32	1823	1	21
1677890308	203	1833503	1837672	0	3420452	62459418434	0	37360	0	66183024501	43747975	97253010	1087677	32	1843	1	21
1677890310	205	1840107	1844276	0	3420452	63147577690	0	37360	0	66912668449	44230295	98225322	1098444	32	1865	1	21
1677890312	207	1831319	1835488	0	3354916	63793121523	0	37360	0	67597127355	44682737	99176462	1108958	33	1884	1	21
1677890314	209	1832491	1836660	0	3354916	64522047380	0	37360	0	68370305274	45193834	100310684	1121668	33	1906	1	21
1677890316	211	1877183	1881352	0	3503724	65201827510	0	37360	0	69090978538	45670189	101323377	1132906	33	1928	1	21
1677890318	213	1857787	1861956	0	3472396	65907009172	0	37360	0	69838526935	46164373	102348969	1144276	34	1950	1	21
1677890320	215	1859027	1863196	0	3537932	66559481847	0	37360	0	70530241393	46621533	103242468	1154291	34	1971	1	21
1677890322	217	1855727	1859896	0	3472396	67247284890	0	37360	0	71259507748	47103603	104276174	1165700	34	1993	1	21
1677890324	219	1866307	1870476	0	3472396	67838501777	0	37360	0	71886359026	47517917	105160016	1175638	35	2013	1	21
1677890326	221	1854223	1858392	0	3406860	68354376795	0	37360	0	72433341353	47879563	105960838	1184350	35	2029	1	21
1677890328	223	1852691	1856860	0	3472396	69030362622	0	37360	0	73150071811	48353298	106925423	1195153	35	2051	1	21
1677890330	225	1862267	1866436	0	3472396	69541945858	0	37360	0	73692501916	48711921	107698050	1203604	36	2068	1	21
1677890332	227	1862351	1866520	0	3472396	70219448837	0	37360	0	74410836828	49186687	108728915	1215240	36	2089	1	21
1677890334	229	1851051	1855220	0	3406860	70831326958	0	37360	0	75059605293	49615585	109732753	1226363	36	2108	1	21
1677890336	231	1868099	1872268	0	3472396	71488695790	0	37360	0	75756596849	50076277	110816869	1238572	36	2129	1	21
1677890338	233	1863999	1868168	0	3406860	72090830534	0	37360	0	76395032270	50498322	111702365	1248362	37	2147	1	21
1677890340	235	1854843	1859012	0	3406860	72782227187	0	37360	0	77128167688	50982931	112752622	1259997	37	2169	1	21
1677890342	237	1863611	1867780	0	3472396	73416689985	0	37360	0	77800868006	51427674	113695199	1270355	37	2190	1	21
1677890344	239	1869867	1874036	0	3472396	74053853537	0	37360	0	78476397863	51874180	114628826	1280823	38	2210	1	21
1677890346	241	1869867	1874036	0	3472396	74484197302	0	37360	0	78932671193	52175684	115264604	1288106	38	2226	1	21
1677890348	243	1869867	1874036	0	3472396	74604653314	0	37360	0	79060384858	52260076	115422327	1289916	38	2232	1	21
1677890350	245	1869867	1874036	0	3472396	74661621709	0	37360	0	79120786469	52299997	115494569	1290744	38	2235	1	21
1677890352	247	1869871	1874040	0	3472396	74679115919	0	37360	0	79139342735	52312307	115533349	1291101	38	2236	1	21
1677890354	249	1840895	1845064	0	3275788	74688777185	0	37360	0	79149601648	52319223	115600231	1291541	38	2236	1	21
1677890356	251	1850399	1854568	0	3406860	75288794539	0	37360	0	79785779573	52739685	116487462	1301570	38	2254	1	21
1677890358	253	1857579	1861748	0	3472396	75937042654	0	37360	0	80473105540	53194017	117460154	1312435	39	2275	1	21
1677890360	255	1890355	1894524	0	3563328	76626093160	0	37360	0	81203687714	53676892	118402652	1323036	39	2297	1	21
1677890362	257	1871795	1875964	0	3577520	77226541517	0	37360	0	81840547731	54097971	119369925	1333710	39	2316	1	21
1677890364	259	1873923	1878092	0	3577520	77761437248	0	37360	0	82407475980	54472653	120149599	1342390	40	2333	1	21
1677890366	261	1884847	1889016	0	3577520	78370495567	0	37360	0	83053248147	54899515	121115393	1353196	40	2353	1	21
1677890368	263	1875187	1879356	0	3511984	79007083549	0	37360	0	83728209112	55345662	122100079	1364146	40	2374	1	21
1677890370	265	1867255	1871424	0	3446448	79654124505	0	37360	0	84414606404	55799392	123139667	1375678	41	2395	1	21
1677890372	267	1882791	1886960	0	3511984	80268373359	0	37360	0	85065555775	56229652	124050548	1385811	41	2415	1	21
1677890374	269	1879543	1883712	0	3577520	80906302470	0	37360	0	85741932560	56676686	124974030	1396206	41	2435	1	21
1677890376	271	1884791	1888960	0	3446448	81612957636	0	37360	0	86491636130	57172230	126080268	1408581	42	2458	1	21
1677890378	273	1916655	1920824	0	3643056	82317199772	0	37360	0	87237990283	57665521	127085496	1419844	42	2480	1	21
1677890380	275	1881799	1885968	0	3446448	83047346289	0	37360	0	88012148046	58177236	128129923	1431437	42	2504	1	21
1677890382	277	1907019	1911188	0	3511984	83703872879	0	37360	0	88708128641	58637244	129123455	1442624	43	2525	1	21
1677890384	279	1921331	1925500	0	3577520	84158844598	0	37360	0	89190531351	58956159	129816428	1450235	43	2539	1	21
1677890386	281	1917867	1922036	0	3643056	84819634507	0	37360	0	89891145332	59419203	130816694	1461557	43	2561	1	21
1677890388	283	1931095	1935264	0	3511984	85381549521	0	37360	0	90486937271	59813068	131751231	1471943	44	2580	1	21
1677890390	285	1898315	1902484	0	3439200	86081737364	0	37360	0	91229321829	60303701	132784627	1483636	44	2602	1	21
1677890392	287	1899907	1904076	0	3534032	86749533721	0	37360	0	91937371953	60771717	133803051	1494951	44	2623	1	21
1677890394	289	1904699	1908868	0	3534032	87466472001	0	37360	0	92697527093	61274188	134902701	1507247	45	2646	1	21
1677890396	291	1901399	1905568	0	3468496	88144925756	0	37360	0	93416873566	61749642	135880743	1518196	45	2669	1	21
1677890398	293	1918451	1922620	0	3534032	88780111590	0	37360	0	94090346119	62194791	136788146	1528300	45	2690	1	21
1677890400	295	1900835	1905004	0	3406792	89427766695	0	37360	0	94777038305	62648670	137701864	1538527	46	2711	1	21
1677890402	297	1903715	1907884	0	3603400	90100319281	0	37360	0	95490289174	63120144	138679206	1549427	46	2734	1	21
1677890404	299	1902235	1906404	0	3472328	90759853448	0	37360	0	96189423726	63582274	139677039	1560530	46	2756	1	21
1677890406	301	1910199	1914368	0	3537864	91362929911	0	37360	0	96828846765	64004882	140574436	1570668	47	2776	1	21
1677890408	303	1932259	1936428	0	3694400	91962358830	0	37360	0	97464406938	64424970	141452839	1580453	47	2797	1	21
1677890410	305	1934019	1938188	0	3567620	92646431411	0	37360	0	98189710148	64904359	142576407	1593082	47	2820	1	21
1677890412	307	1940527	1944696	0	3633156	93268546142	0	37360	0	98849598780	65340537	143619208	1604737	48	2841	1	21
1677890414	309	1931859	1936028	0	3567620	93955179321	0	37360	0	99577344315	65821545	144713404	1617004	48	2865	1	21
1677890416	311	1934487	1938656	0	3567620	94643396319	0	37360	0	100307059156	66303855	145835232	1629611	48	2888	1	21
1677890418	313	1930319	1934488	0	3502084	95262226001	0	37360	0	100963172966	66737529	146878147	1641333	49	2909	1	21
1677890420	315	1938407	1942576	0	3570728	95858571440	0	37360	0	101595625714	67155615	147839402	1652005	49	2929	1	21
1677890422	317	1931775	1935944	0	3505192	96468382271	0	37360	0	102242064507	67582878	148771422	1662505	49	2950	1	21
1677890424	319	1976223	1980392	0	3658164	97067226189	0	37360	0	102876970650	68002499	149743890	1673424	50	2970	1	21
1677890426	321	1970207	1974376	0	3662280	97578274030	0	37360	0	103419087457	68360800	150553002	1682541	50	2989	1	21
1677890428	323	1987243	1991412	0	3668536	97939385499	0	37360	0	103801705001	68613761	151136798	1688875	50	3003	1	21
1677890430	325	1988099	1992268	0	3734072	98544846885	0	37360	0	104443938821	69038240	152049300	1699126	50	3025	1	21
1677890432	327	2001531	2005700	0	3668536	99101906351	0	37360	0	105034287281	69428378	152874463	1708430	51	3047	1	21
1677890434	329	1956435	1960604	0	3471928	99602772651	0	37360	0	105565347184	69779421	153656575	1717117	51	3066	1	21
1677890436	331	1988875	1993044	0	3668536	99855740672	0	37360	0	105833557221	69956654	154005131	1721120	51	3076	1	21
1677890438	333	1974383	1978552	0	3598468	100353355911	0	37360	0	106361221375	70305519	154832676	1730193	51	3093	1	21
1677890440	335	2000975	2005144	0	3606128	100941237269	0	37360	0	106984492706	70717472	155725250	1740189	52	3115	1	21
1677890442	337	2030267	2034436	0	3606128	101522354319	0	37360	0	107600634145	71124696	156567868	1749700	52	3138	1	21
1677890444	339	2026391	2030560	0	3606128	102076944567	0	37360	0	108188877087	71513534	157421034	1759202	53	3161	1	21
1677890446	341	2053979	2058148	0	3737200	102557219749	0	37360	0	108697875631	71849935	158209262	1768150	53	3180	1	21
1677890448	343	2012767	2016936	0	3753112	103093302275	0	37360	0	109266274683	72225665	159033878	1777348	53	3202	1	21
1677890450	345	2064723	2068892	0	3818648	103654317556	0	37360	0	109861105424	72618831	159893032	1786946	53	3224	1	21
1677890452	347	2126763	2130932	0	3818648	104143962709	0	37360	0	110380457761	72962123	160610276	1794974	54	3246	1	21
1677890454	349	2101459	2105628	0	3753112	104677077111	0	37360	0	110945514375	73335610	161391345	1803673	54	3270	1	21
1677890456	351	2125855	2130024	0	3818648	105215706323	0	37360	0	111516607951	73713076	162180034	1812543	54	3295	1	21
1677890458	353	2140423	2144592	0	3818648	105807205153	0	37360	0	112144146119	74127860	163006723	1821801	54	3318	1	21
1677890460	355	2140423	2144592	0	3818648	106252729135	0	37360	0	112616134518	74439811	163641578	1828990	55	3340	1	21
1677890462	357	2134999	2139168	0	3753112	106689973190	0	37360	0	113079741107	74746304	164266328	1835832	55	3361	1	21
1677890464	359	2149087	2153256	0	3818648	107143715611	0	37360	0	113560831179	75064278	164935895	1843339	55	3380	1	21
1677890466	361	2132895	2137064	0	3753112	107618608158	0	37360	0	114064346602	75397076	165629642	1851135	55	3402	1	21
1677890468	363	2123731	2127900	0	3753112	108114103861	0	37360	0	114589710675	75744345	166340304	1859043	56	3424	1	21
1677890470	365	2145203	2149372	0	3818648	108587050955	0	37360	0	115091170544	76075831	167100494	1867501	56	3445	1	21
1677890472	367	2155351	2159520	0	3818648	108946759020	0	37360	0	115472596695	76327890	167655608	1873889	56	3464	1	21
1677890474	369	2101495	2105664	0	3796176	109402085792	0	37360	0	115955325634	76646969	168352057	1881610	56	3483	1	21
1677890476	371	2106987	2111156	0	3796176	109865854237	0	37360	0	116447050978	76972012	169073707	1889660	57	3504	1	21
1677890478	373	2106991	2111160	0	3796176	110390682104	0	37360	0	117003511225	77339804	169897077	1898956	57	3526	1	21
1677890480	375	2108675	2112844	0	3861712	110895684903	0	37360	0	117538950679	77693692	170645172	1907406	57	3548	1	21
1677890482	377	2126151	2130320	0	3796176	111427584368	0	37360	0	118102917200	78066511	171489883	1916771	57	3569	1	21
1677890484	379	2140751	2144920	0	3861712	111830546355	0	37360	0	118530164380	78348878	172079596	1923457	58	3587	1	21
1677890486	381	2136591	2140760	0	3796176	112213772017	0	37360	0	118936493891	78617495	172675550	1930070	58	3605	1	21
1677890488	383	2147363	2151532	0	3796176	112748804104	0	37360	0	119503974096	78992608	173463440	1938859	58	3626	1	21
1677890490	385	2129687	2133856	0	3730640	113236181639	0	37360	0	120020538023	79334109	174188148	1946904	58	3646	1	21
1677890492	387	2146583	2150752	0	3799344	113767097542	0	37360	0	120583457628	79706219	174970200	1955672	59	3670	1	21
1677890494	389	2146919	2151088	0	3799344	114309400671	0	37360	0	121158445689	80086257	175768701	1964642	59	3694	1	21
1677890496	391	2120831	2125000	0	3800272	114814096889	0	37360	0	121693997215	80440322	176550299	1973325	59	3717	1	21
1677890498	393	2104223	2108392	0	3734736	115380351871	0	37360	0	122293957317	80836876	177313548	1981838	59	3741	1	21
1677890500	395	2104231	2108400	0	3739308	115969649855	0	37360	0	122918773395	81249845	178158350	1991331	60	3765	1	21
1677890502	397	2104231	2108400	0	3739308	116303811764	0	37360	0	123273074630	81484001	178633780	1996662	60	3783	1	21
1677890504	399	2100987	2105156	0	3739308	116728788175	0	37360	0	123723674346	81781899	179299966	2003857	60	3800	1	21
1677890506	401	2107043	2111212	0	3739308	117217099451	0	37360	0	124241416584	82124095	180015373	2011912	60	3822	1	21
1677890508	403	2109379	2113548	0	3739308	117769630849	0	37360	0	124827250722	82511307	180876325	2021531	60	3845	1	21
1677890510	405	2080227	2084396	0	3673772	118298028793	0	37360	0	125387498479	82881619	181641302	2030094	61	3868	1	21
1677890512	407	2083619	2087788	0	3673772	118874931536	0	37360	0	125999181387	83285978	182466829	2039169	61	3892	1	21
1677890514	409	2088423	2092592	0	3673772	119449976324	0	37360	0	126608882507	83688937	183309234	2048707	61	3917	1	21
1677890516	411	2088423	2092592	0	3673772	119926199406	0	37360	0	127113809334	84022675	184034047	2056862	62	3937	1	21
1677890518	413	2083419	2087588	0	3673772	120505055450	0	37360	0	127727564508	84428420	184964546	2067174	62	3961	1	21
1677890520	415	2083419	2087588	0	3673772	121087879801	0	37360	0	128345520658	84836887	185855456	2077129	62	3984	1	21
1677890522	417	2093943	2098112	0	3673772	121677929514	0	37360	0	128971134705	85250395	186701035	2086626	62	4008	1	21
1677890524	419	2082299	2086468	0	3608236	122244833689	0	37360	0	129572222250	85647802	187668373	2097257	63	4031	1	21
1677890526	421	2062295	2066464	0	3608236	122824249413	0	37360	0	130186585526	86053845	188474461	2106327	63	4055	1	21
1677890528	423	2064343	2068512	0	3608236	123332894733	0	37360	0	130725859828	86410257	189162708	2114051	63	4075	1	21
1677890530	425	2066391	2070560	0	3608236	123903179818	0	37360	0	131330521827	86809945	190016292	2123565	64	4099	1	21
1677890532	427	2056527	2060696	0	3542700	124507824938	0	37360	0	131971617422	87233730	190894139	2133277	64	4122	1	21
1677890534	429	2074251	2078420	0	3608236	125091444558	0	37360	0	132590500751	87642855	191773911	2143037	64	4145	1	21
1677890536	431	2075955	2080124	0	3608236	125633687567	0	37360	0	133165348805	88022820	192595211	2152190	65	4167	1	21
1677890538	433	2057571	2061740	0	3542700	126220667359	0	37360	0	133787714134	88434227	193520399	2162470	65	4191	1	21
1677890540	435	2079135	2083304	0	3608236	126810160518	0	37360	0	134412739279	88847352	194396145	2172315	65	4215	1	21
1677890542	437	2079135	2083304	0	3608236	127341892556	0	37360	0	134976522504	89220003	195205047	2181369	65	4236	1	21
1677890544	439	2079135	2083304	0	3608236	127906858901	0	37360	0	135575545829	89615959	196016904	2190409	66	4259	1	21
1677890546	441	2070083	2074252	0	3608236	128474223195	0	37360	0	136177113680	90013624	196820640	2199300	66	4282	1	21
1677890548	443	2071147	2075316	0	3608236	129090411532	0	37360	0	136830439357	90445424	197682510	2208958	66	4306	1	21
1677890550	445	2071147	2075316	0	3608236	129627295996	0	37360	0	137399691791	90821742	198438016	2217271	67	4328	1	21
1677890552	447	2061647	2065816	0	3542700	130207063821	0	37360	0	138014563045	91228211	199281906	2226577	67	4351	1	21
1677890554	449	2076639	2080808	0	3608236	130659632719	0	37360	0	138494253143	91545215	199881913	2233358	67	4371	1	21
1677890556	451	2076639	2080808	0	3608236	131214980779	0	37360	0	139083078862	91934426	200685633	2242320	67	4393	1	21
1677890558	453	2076830	2080812	0	3608236	131685324402	0	37360	0	139581781492	92264126	201426121	2250463	68	4414	1	21
1677890560	455	2077146	2081128	0	3608236	132270742172	0	37360	0	140202485436	92674393	202257324	2259765	68	4438	1	21
1677890562	457	2081494	2085476	0	3608236	132785349855	0	37360	0	140748105443	93034987	203027378	2268476	68	4461	1	21
1677890564	459	2084314	2088296	0	3599568	133321138881	0	37360	0	141316192293	93410500	203839130	2277510	69	4483	1	21
1677890566	461	2102370	2106352	0	3599568	133913632852	0	37360	0	141944401384	93825744	204717462	2287287	69	4508	1	21
1677890568	463	2103322	2107304	0	3603712	134426041911	0	37360	0	142487754522	94184882	205494532	2296022	69	4530	1	21
1677890570	465	2104466	2108448	0	3603712	135003058860	0	37360	0	143099492553	94589226	206315662	2305205	69	4554	1	21
1677890572	467	2105278	2109260	0	3603712	135579647094	0	37360	0	143710842489	94993373	207182254	2314764	70	4578	1	21
1677890574	469	2118426	2122408	0	3603712	136113355141	0	37360	0	144276717071	95367376	207964495	2323573	70	4601	1	21
1677890576	471	2129518	2133500	0	3603712	136672265131	0	37360	0	144869315957	95759070	208833767	2333314	70	4625	1	21
1677890578	473	2136058	2140040	0	3603712	137179407622	0	37360	0	145407034682	96114554	209633736	2342150	70	4648	1	21
1677890580	475	2136058	2140040	0	3603712	137693187896	0	37360	0	145951782887	96474614	210357880	2350258	71	4670	1	21
1677890582	477	2139130	2143112	0	3603712	138237587280	0	37360	0	146529173041	96856217	211154265	2359266	71	4694	1	21
1677890584	479	2175574	2179556	0	3696388	138757878839	0	37360	0	147080646594	97220726	211895338	2367575	71	4719	1	21
1677890586	481	2175574	2179556	0	3696388	139293953548	0	37360	0	147652973844	97599065	212729466	2376724	71	4744	1	21
1677890588	483	2175574	2179556	0	3696388	139766001421	0	37360	0	148149535305	97927240	213509263	2385530	72	4767	1	21
1677890590	485	2166470	2170452	0	3647988	140330358492	0	37360	0	148747908955	98322745	214422396	2395782	72	4792	1	21
1677890592	487	2172622	2176604	0	3651772	140855541770	0	37360	0	149304751691	98690828	215282720	2405360	72	4817	1	21
1677890594	489	2178766	2182748	0	3651772	141363746236	0	37360	0	149843579812	99046910	215960897	2413074	73	4840	1	21
1677890596	491	2189210	2193192	0	3788748	141879445293	0	37360	0	150390359823	99408289	216761142	2422107	73	4866	1	21
1677890598	493	2209474	2213456	0	3788748	142406848250	0	37360	0	150949688841	99777992	217559434	2431041	73	4892	1	21
1677890600	495	2209826	2213808	0	3788748	142924372577	0	37360	0	151498276221	100140610	218397967	2440412	73	4917	1	21
1677890602	497	2150218	2154200	0	3665104	143434070666	0	37360	0	152039052700	100498024	219192121	2449369	74	4942	1	21
1677890604	499	2184274	2188256	0	3702600	143965964308	0	37360	0	152602646275	100870527	219954342	2457928	74	4967	1	21
1677890606	501	2189174	2193156	0	3702600	144340349005	0	37360	0	152999595183	101132883	220527918	2464389	74	4986	1	21
1677890608	503	2194118	2198100	0	3702600	144800774031	0	37360	0	153487774235	101455570	221195828	2471842	74	5006	1	21
1677890610	505	2193042	2197024	0	3702900	145312529408	0	37360	0	154030381174	101814261	221960468	2480315	75	5030	1	21
1677890612	507	2193370	2197352	0	3702900	145818939925	0	37360	0	154567313130	102169135	222715023	2488773	75	5055	1	21
1677890614	509	2193370	2197352	0	3702900	146308801675	0	37360	0	155086697098	102512395	223444160	2497013	75	5079	1	21
1677890616	511	2188550	2192532	0	3669292	146792540145	0	37360	0	155599597085	102851437	224170966	2505066	75	5102	1	21
1677890618	513	2201646	2205628	0	3745540	147300361300	0	37360	0	156138178826	103207440	224885426	2513086	76	5125	1	21
1677890620	515	2206034	2210016	0	3811076	147771015887	0	37360	0	156637045066	103537113	225567288	2520791	76	5146	1	21
1677890622	517	2179878	2183860	0	3825472	148337955863	0	37360	0	157238256352	103934542	226433225	2530478	76	5171	1	21
1677890624	519	2205678	2209660	0	3891008	148882501514	0	37360	0	157815529870	104316091	227213468	2539159	76	5195	1	21
1677890626	521	2203694	2207676	0	3825472	149406351332	0	37360	0	158370954168	104683204	227976823	2547696	77	5219	1	21
1677890628	523	2201754	2205736	0	3764176	149973507240	0	37360	0	158972412266	105080762	228831889	2557244	77	5243	1	21
1677890630	525	2184018	2188000	0	3766160	150519127882	0	37360	0	159550804251	105463051	229680777	2566775	77	5267	1	21
1677890632	527	2201326	2205308	0	3766160	151021969781	0	37360	0	160083960572	105815499	230434226	2575132	77	5289	1	21
1677890634	529	2201326	2205308	0	3766160	151608202577	0	37360	0	160705526010	106226312	231356736	2585531	78	5314	1	21
1677890636	531	2190250	2194232	0	3759936	152154839062	0	37360	0	161285385456	106609596	232217107	2595166	78	5339	1	21
1677890638	533	2190330	2194312	0	3759936	152700143854	0	37360	0	161863290693	106991607	233068045	2604612	78	5363	1	21
1677890640	535	2202754	2206736	0	3759936	153297686551	0	37360	0	162496851902	107410387	233977466	2614758	79	5387	1	21
1677890642	537	2204654	2208636	0	3770232	153860876232	0	37360	0	163093983804	107805049	234790865	2623928	79	5412	1	21
1677890644	539	2221042	2225024	0	3770232	154377939154	0	37360	0	163642219110	108167459	235584545	2632729	79	5434	1	21
1677890646	541	2200014	2203996	0	3701344	154896280968	0	37360	0	164191810914	108530777	236372588	2641350	79	5456	1	21
1677890648	543	2206370	2210352	0	3796176	155482357949	0	37360	0	164813210039	108941473	237262486	2651398	80	5480	1	21
1677890650	545	2182890	2186872	0	3708696	156055672779	0	37360	0	165421086273	109343313	238112884	2660820	80	5503	1	21
1677890652	547	2195186	2199168	0	3719580	156616181215	0	37360	0	166015499893	109736177	238921357	2669920	80	5529	1	21
1677890654	549	2209746	2213728	0	3785116	157206046247	0	37360	0	166640799785	110149507	239748714	2679104	80	5552	1	21
1677890656	551	2195194	2199176	0	3719580	157803415228	0	37360	0	167274178253	110568174	240630193	2688908	81	5576	1	21
1677890658	553	2199206	2203188	0	3719580	158274611538	0	37360	0	167773776432	110898399	241316232	2696590	81	5597	1	21
1677890660	555	2199210	2203192	0	3725428	158671177051	0	37360	0	168194325708	111176516	241920738	2703146	81	5613	1	21
1677890662	557	2201258	2205240	0	3725428	159224031890	0	37360	0	168780433377	111563852	242709338	2712012	81	5637	1	21
1677890664	559	2203306	2207288	0	3725428	159798391201	0	37360	0	169389413641	111966384	243557943	2721491	82	5661	1	21
1677890666	561	2203306	2207288	0	3725428	160353887923	0	37360	0	169978396503	112355715	244367747	2730497	82	5684	1	21
1677890668	563	2203774	2207756	0	3725428	160828481981	0	37360	0	170481593447	112688288	245060939	2738331	82	5703	1	21
1677890670	565	2221318	2225300	0	3790964	161269576243	0	37360	0	170949290350	112997554	245724051	2745505	82	5719	1	21
1677890672	567	2238102	2242084	0	3856500	161856781407	0	37360	0	171571889693	113409077	246586258	2755139	83	5742	1	21
1677890674	569	2239750	2243732	0	3856500	162336486327	0	37360	0	172080509657	113745269	247283626	2762901	83	5762	1	21
1677890676	571	2210018	2214000	0	3725428	162756850126	0	37360	0	172526422437	114040063	247989706	2770715	83	5779	1	21
1677890678	573	2214338	2218320	0	3858312	163289495998	0	37360	0	173090973059	114413247	248794944	2779680	83	5800	1	21
1677890680	575	2225942	2229924	0	3858312	163830432816	0	37360	0	173664516173	114792358	249598838	2788643	84	5822	1	21
1677890682	577	2195186	2199168	0	3834060	164401483733	0	37360	0	174270056994	115192591	250420550	2797867	84	5845	1	21
1677890684	579	2197710	2201692	0	3715016	164884331092	0	37360	0	174781945969	115531011	251183677	2806296	84	5865	1	21
1677890686	581	2198482	2202464	0	3715016	165456087258	0	37360	0	175388164397	115931703	251975747	2815093	85	5889	1	21
1677890688	583	2206674	2210656	0	3715016	166008449310	0	37360	0	175973819429	116318799	252808076	2824378	85	5914	1	21
1677890690	585	2231882	2235864	0	3791180	166527965555	0	37360	0	176524656817	116682945	253597457	2833096	85	5937	1	21
1677890692	587	2244978	2248960	0	3856716	167061302285	0	37360	0	177090269662	117056806	254356403	2841564	85	5962	1	21
1677890694	589	2246554	2250536	0	3856716	167573681731	0	37360	0	177633399607	117415749	255095096	2849949	86	5987	1	21
1677890696	591	2246874	2250856	0	3791180	168022247289	0	37360	0	178109139297	117730192	255848022	2858424	86	6007	1	21
1677890698	593	2253410	2257392	0	3791180	168548944046	0	37360	0	178667446328	118099224	256664697	2867568	86	6032	1	21
1677890700	595	2258534	2262516	0	3791180	169064918599	0	37360	0	179214525994	118460869	257429769	2876065	86	6057	1	21
1677890702	597	2267938	2271920	0	3791180	169552429126	0	37360	0	179731410433	118802421	258103152	2883780	87	6085	1	21
1677890704	599	2227554	2231536	0	3650552	170060485056	0	37360	0	180270086109	119158428	258840931	2892092	87	6111	1	21
1677890706	601	2178650	2182632	0	3614312	170521677820	0	37360	0	180759085653	119481704	259543134	2899820	87	6138	1	21
1677890708	603	2187698	2191680	0	3679848	171022179026	0	37360	0	181289743715	119832360	260275569	2908204	88	6164	1	21
1677890710	605	2218634	2222616	0	3745384	171472873068	0	37360	0	181767598211	120148158	260964124	2915994	88	6188	1	21
1677890712	607	2212358	2216340	0	3679848	171947926128	0	37360	0	182271283223	120481050	261655026	2923768	88	6214	1	21
1677890714	609	2226110	2230092	0	3745384	172444101332	0	37360	0	182797364151	120828759	262380276	2931901	88	6241	1	21
1677890716	611	2217834	2221816	0	3745384	172932654889	0	37360	0	183315360935	121171101	263063817	2939604	88	6267	1	21
1677890718	613	2230070	2234052	0	3745384	173421468731	0	37360	0	183833632948	121513617	263790470	2947820	89	6293	1	21
1677890720	615	2229634	2233616	0	3679848	173906871032	0	37360	0	184348293081	121853787	264570726	2956565	89	6320	1	21
1677890722	617	2240302	2244284	0	3745384	174328053436	0	37360	0	184794853224	122148872	265188263	2963639	89	6343	1	21
1677890724	619	2225858	2229840	0	3745384	174780415561	0	37360	0	185274683768	122465999	265860862	2971200	89	6370	1	21
1677890726	621	2218566	2222548	0	3745384	175267721723	0	37360	0	185791156849	122807359	266562608	2979067	90	6395	1	21
1677890728	623	2218566	2222548	0	3745384	175723646108	0	37360	0	186274559866	123126851	267222851	2986483	90	6421	1	21
1677890730	625	2239126	2243108	0	3745384	176204708032	0	37360	0	186784611948	123463930	267910818	2994292	90	6446	1	21
1677890732	627	2230078	2234060	0	3679848	176618396879	0	37360	0	187223233650	123753823	268523843	3001191	90	6471	1	21
1677890734	629	2230078	2234060	0	3679848	176902837328	0	37360	0	187524811802	123953099	268959838	3006211	90	6486	1	21
1677890736	631	2227326	2231308	0	3679848	177175599054	0	37360	0	187814014711	124144257	269407782	3011212	91	6501	1	21
1677890738	633	2227326	2231308	0	3679848	177413844169	0	37360	0	188066614139	124311168	269741379	3015051	91	6515	1	21
1677890740	635	2227326	2231308	0	3679848	177561446432	0	37360	0	188223109715	124414579	269934472	3017270	91	6523	1	21
1677890742	637	2227326	2231308	0	3679848	177608841005	0	37360	0	188273360354	124447789	269999486	3018014	92	6529	1	21
1677890744	639	2227326	2231308	0	3679848	177630377326	0	37360	0	188296194895	124462884	270026181	3018317	92	6532	1	21
1677890746	641	2318514	2322496	0	3755248	177639742553	0	137903	102400	188306193068	124469521	270043926	3018506	92	6535	1	21
1677890748	643	2318546	2322528	0	3755296	177639742553	0	434169	401408	188306193293	124469524	270044733	3018512	92	6536	1	21
