Time	wtime	pss	rss	swap	vmem	rchar	read_bytes	wchar	write_bytes	rx_bytes	rx_packets	tx_bytes	tx_packets	stime	utime	nprocs	nthreads
1677888922	1	241683	244084	0	458100	2600671	0	34640	0	0	0	0	0	0	0	1	1
1677888924	3	517666	521760	0	1132032	37276981	0	36385	0	65676	136	20534	151	0	1	1	6
1677888926	5	584622	588716	0	1259768	39441605	0	36431	0	65916	139	21703	161	0	3	1	6
1677888928	7	608930	613024	0	1284080	39441605	0	36431	0	66141	142	22510	167	0	5	1	6
1677888930	9	635254	639348	0	1311932	39441605	0	36431	0	66461	146	23352	173	0	7	1	6
1677888932	11	649798	653892	0	1323416	39441605	0	36477	0	66686	149	24159	179	0	9	1	6
1677888934	13	654762	658856	0	1416536	39554886	0	36771	0	207851	348	48696	346	0	11	1	6
1677888936	15	671098	675192	0	1520072	39665446	0	37093	0	334015	486	61533	437	0	12	1	6
1677888938	17	687298	691392	0	1594864	39739733	0	37293	0	421712	593	73532	519	0	14	1	6
1677888940	19	1037802	1041896	0	2476684	352338090	0	37343	0	331957317	219887	644822	6778	0	22	1	13
1677888942	21	1095718	1099812	0	2502392	698057609	0	37343	0	698457647	462137	1153727	12554	0	32	1	13
1677888944	23	1108014	1112108	0	2502392	1074037480	0	37343	0	1097119962	725737	1797513	19772	0	42	1	13
1677888946	25	1102870	1106964	0	2447152	1461687525	0	37343	0	1508149501	997476	2512222	27844	1	52	1	13
1677888948	27	1122954	1127048	0	2447152	1846740678	0	37343	0	1916428932	1267410	3168398	35230	1	62	1	13
1677888950	29	1127106	1131200	0	2451220	2218481818	0	37343	0	2310585128	1527960	3759660	41906	1	72	1	13
1677888952	31	1131390	1135484	0	2516756	2622502818	0	37343	0	2739129413	1811295	4358114	48582	1	83	1	13
1677888954	33	1117954	1122048	0	2385684	3013232163	0	37343	0	3153405193	2085116	4920963	54884	1	93	1	13
1677888956	35	1132642	1136736	0	2451220	3414752771	0	37359	0	3578988735	2366452	5508864	61513	2	104	1	13
1677888958	37	1140114	1144208	0	2516756	3807542596	0	37359	0	3995456499	2641725	6067110	67779	2	114	1	13
1677888960	39	1148466	1152560	0	2516756	4169965671	0	37359	0	4379738398	2895784	6624453	74028	2	124	1	13
1677888962	41	1139962	1144056	0	2516756	4551701395	0	37359	0	4784491957	3163355	7252448	81064	2	134	1	13
1677888964	43	1149454	1153548	0	2516756	4960288622	0	37359	0	5217738812	3449860	7999377	89441	2	145	1	13
1677888966	45	1149906	1154000	0	2454964	5336483724	0	37359	0	5616609750	3713492	8676346	97130	3	154	1	13
1677888968	47	1149966	1154060	0	2461148	5728371701	0	37359	0	6032130613	3988184	9350041	104724	3	165	1	13
1677888970	49	1158798	1162892	0	2526684	6117459405	0	37359	0	6444678612	4260898	10014529	112221	3	175	1	13
1677888972	51	1158798	1162892	0	2526684	6372913377	0	37359	0	6715524808	4439875	10387152	116492	3	183	1	13
1677888974	53	1114558	1118652	0	2413920	6521885314	0	37359	0	6873679907	4544529	10656770	119375	3	186	1	13
1677888976	55	1141326	1145420	0	2512992	6924149728	0	37359	0	7300010692	4826315	11273656	126351	3	198	1	13
1677888978	57	1141962	1146056	0	2447456	7357306759	0	37359	0	7759570250	5130081	11869256	133089	4	208	1	13
1677888980	59	1132022	1136116	0	2512992	7723912000	0	37359	0	8147986669	5386816	12453173	139572	4	218	1	13
1677888982	61	1149586	1153680	0	2517440	8127931139	0	37359	0	8576367769	5670001	13098695	146825	4	229	1	13
1677888984	63	1147922	1152016	0	2517440	8550541194	0	37359	0	9024450848	5966161	13766098	154376	4	240	1	13
1677888986	65	1133078	1137172	0	2451904	8960363121	0	37359	0	9458975351	6253368	14443207	161999	4	250	1	13
1677888988	67	1144746	1148840	0	2517440	9352858788	0	37359	0	9875130898	6528437	15052404	168863	4	261	1	13
1677888990	69	1148082	1152176	0	2451904	9761380957	0	37359	0	10308279616	6814736	15691392	176072	5	272	1	13
1677888992	71	1147374	1151468	0	2517440	10177197825	0	37359	0	10749170368	7106207	16355654	183518	5	283	1	13
1677888994	73	1146590	1150684	0	2517440	10614071877	0	37359	0	11212378263	7412346	17068554	191580	5	294	1	13
1677888996	75	1146590	1150684	0	2517440	11003271697	0	37359	0	11625031921	7685052	17683788	198576	5	304	1	13
1677888998	77	1139966	1144060	0	2517440	11403506216	0	37359	0	12049394872	7965565	18245332	204829	5	314	1	13
1677889000	79	1156302	1160396	0	2517440	11796763618	0	37359	0	12466579530	8241322	18777376	210827	6	325	1	13
1677889002	81	1147950	1152044	0	2518228	12185914263	0	37359	0	12878999909	8513964	19343151	217137	6	336	1	13
1677889004	83	1145174	1149268	0	2518228	12571403927	0	37359	0	13287694765	8784035	19923106	223743	6	345	1	13
1677889006	85	1161398	1165492	0	2518228	12973356561	0	37359	0	13713878261	9065744	20598547	231340	6	356	1	13
1677889008	87	1145102	1149196	0	2452692	13374528585	0	37359	0	14139234281	9346902	21216074	238238	6	367	1	13
1677889010	89	1160342	1164436	0	2518228	13807969491	0	37359	0	14598801707	9650646	21825704	245100	7	377	1	13
1677889012	91	1151282	1155376	0	2456680	14167643915	0	37359	0	14980152236	9902678	22300660	250454	7	387	1	13
1677889014	93	1140346	1144440	0	2414392	14474275148	0	37359	0	15305267931	10117587	22790492	255911	7	396	1	13
1677889016	95	1153566	1157660	0	2509224	14865779563	0	37359	0	15720366839	10391925	23394023	262749	7	407	1	13
1677889018	97	1151590	1155684	0	2509224	15302101393	0	37359	0	16182989301	10697701	24060974	270245	7	418	1	13
1677889020	99	1143986	1148080	0	2513388	15748197996	0	37359	0	16655970642	11010293	24712015	277591	8	429	1	13
1677889022	101	1147618	1151712	0	2517656	16163808683	0	37359	0	17096644748	11301613	25313657	284315	8	440	1	13
1677889024	103	1156270	1160364	0	2517656	16551355177	0	37359	0	17507555474	11573217	25862556	290506	8	451	1	13
1677889026	105	1163034	1167128	0	2583192	16926020876	0	37359	0	17904805914	11835790	26405812	296604	8	461	1	13
1677889028	107	1127974	1132068	0	2531056	17347230904	0	37359	0	18351408205	12130994	27024567	303540	8	472	1	13
1677889030	109	1138710	1142804	0	2494816	17779911387	0	37359	0	18810287003	12434284	27700473	311146	9	483	1	13
1677889032	111	1196614	1200708	0	2578376	18164409810	0	37359	0	19217836024	12703632	28301680	317977	9	495	1	13
1677889034	113	1198630	1202724	0	2582772	18524407689	0	37359	0	19599543018	12955966	28915906	324835	9	505	1	13
1677889036	115	1205362	1209456	0	2582772	18894954898	0	37359	0	19992419693	13215601	29454456	330957	9	516	1	13
1677889038	117	1186790	1190884	0	2517236	19252931037	0	37359	0	20371976462	13466507	30001987	337038	9	527	1	13
1677889040	119	1198230	1202324	0	2517236	19608823863	0	37359	0	20749320374	13715917	30484677	342435	9	537	1	13
1677889042	121	1196474	1200568	0	2517236	19921712097	0	37359	0	21081066848	13935183	30929770	347441	9	547	1	13
1677889044	123	1199974	1204068	0	2517236	20294506147	0	37359	0	21476339407	14196484	31507547	353888	10	558	1	13
1677889046	125	1186542	1190636	0	2517236	20548485883	0	37359	0	21745634013	14374508	32094381	360509	10	566	1	13
1677889048	127	1208358	1212452	0	2517236	20917050352	0	37359	0	22136412377	14632788	32755551	367974	10	577	1	13
1677889050	129	1187814	1191908	0	2507744	21279729791	0	37359	0	22520952842	14886959	33359055	374739	10	588	1	13
1677889052	131	1189862	1193956	0	2507744	21677303217	0	37359	0	22942485572	15165540	33974422	381713	10	599	1	13
1677889054	133	1185370	1189464	0	2507744	22042920875	0	37359	0	23330141590	15421774	34518262	387786	10	610	1	13
1677889056	135	1187430	1191524	0	2507744	22360210649	0	37359	0	23666556915	15644123	34955793	392736	11	618	1	13
1677889058	137	1190602	1194696	0	2509696	22729050540	0	37359	0	24057628132	15902603	35526801	399147	11	629	1	13
1677889060	139	1158742	1162836	0	2438800	23014560475	0	37359	0	24360687749	16102977	35938505	403688	11	637	1	13
1677889062	141	1182838	1186932	0	2473464	23360353303	0	37359	0	24726986433	16345054	36479893	409792	11	647	1	13
1677889064	143	1191754	1195848	0	2502764	23740672243	0	37359	0	25130227489	16611569	37069533	416397	11	658	1	13
1677889066	145	1191246	1195340	0	2504936	24068143052	0	37359	0	25477438478	16841079	37654932	422957	11	667	1	13
1677889068	147	1208522	1212616	0	2506308	24446891168	0	37359	0	25879052263	17106511	38261134	429795	12	678	1	13
1677889070	149	1208522	1212616	0	2506308	24634506183	0	37359	0	26077972961	17237970	38513126	432673	12	684	1	13
1677889072	151	1192146	1196240	0	2513532	24821069693	0	37359	0	26275982259	17368919	38826829	436078	12	690	1	13
1677889074	153	1192146	1196240	0	2513532	25132822527	0	37359	0	26606327499	17587217	39213048	440468	12	698	1	13
1677889076	155	1192154	1196248	0	2513532	25437296894	0	37359	0	26929544231	17800918	39632736	445081	12	707	1	13
1677889078	157	1192158	1196252	0	2513532	25780682464	0	37359	0	27293241432	18041263	40122653	450597	12	717	1	13
1677889080	159	1198226	1202320	0	2518868	26108248447	0	37359	0	27640554225	18270834	40629883	456301	12	727	1	13
1677889082	161	1198234	1202328	0	2518868	26434098567	0	37359	0	27986042419	18499167	41101493	461619	13	737	1	13
1677889084	163	1201998	1206092	0	2518868	26807554749	0	37359	0	28382007705	18760880	41728717	468696	13	748	1	13
1677889086	165	1193274	1197368	0	2483360	27195167702	0	37359	0	28792986910	19032528	42287184	474971	13	759	1	13
1677889088	167	1193238	1197332	0	2512656	27477786669	0	37359	0	29092646996	19230628	42743850	480056	13	768	1	13
1677889090	169	1202282	1206376	0	2512656	27863571867	0	37359	0	29501681535	19500959	43317822	486566	13	778	1	13
1677889092	171	1197206	1201300	0	2512656	28209891321	0	37359	0	29868882983	19743714	43884186	492858	13	788	1	13
1677889094	173	1212638	1216732	0	2512656	28549671566	0	37359	0	30229141635	19981819	44389260	498558	14	798	1	13
1677889096	175	1206342	1210436	0	2512656	28884113148	0	37359	0	30583739885	20216183	44871225	503991	14	807	1	13
1677889098	177	1207122	1211216	0	2513456	29280651802	0	37359	0	31004437197	20494237	45448689	510487	14	818	1	13
1677889100	179	1202974	1207068	0	2494272	29651918955	0	37359	0	31397825955	20754272	45982868	516418	14	829	1	13
1677889102	181	1213522	1217616	0	2577048	30024778071	0	37359	0	31793219521	21015602	46537278	522724	14	840	1	13
1677889104	183	1221838	1225932	0	2577048	30355346079	0	37359	0	32143654813	21247237	47072797	528702	14	850	1	13
1677889106	185	1185330	1189424	0	2510736	30737706638	0	37359	0	32549060857	21515181	47621449	534869	15	860	1	13
1677889108	187	1198754	1202848	0	2567480	31101977816	0	37359	0	32935287081	21770451	48138464	540671	15	871	1	13
1677889110	189	1200802	1204896	0	2567480	31510070842	0	37359	0	33367971311	22056385	48673035	546741	15	883	1	13
1677889112	191	1205222	1209316	0	2567480	31872533859	0	37359	0	33752283255	22310413	49187721	552461	15	893	1	13
1677889114	193	1195674	1199768	0	2480808	32249664774	0	37359	0	34152143501	22574689	49718269	558435	15	904	1	13
1677889116	195	1197582	1201676	0	2511908	32633652529	0	37359	0	34559274854	22843779	50285568	564819	15	915	1	13
1677889118	197	1197582	1201676	0	2511908	32964054459	0	37359	0	34909589212	23075303	50792592	570543	16	925	1	13
1677889120	199	1180202	1184296	0	2414912	33320421284	0	37359	0	35287439254	23325076	51379192	577080	16	936	1	13
1677889122	201	1193986	1198080	0	2571036	33645770557	0	37359	0	35632396638	23553061	51916658	583122	16	945	1	13
1677889124	203	1197094	1201188	0	2509284	33901971674	0	37359	0	35904037893	23732587	52354086	588083	16	954	1	13
1677889126	205	1190870	1194964	0	2443748	34114276479	0	37359	0	36129146193	23881433	52702486	591870	16	961	1	13
1677889128	207	1199274	1203368	0	2509284	34488189854	0	37359	0	36525592298	24143431	53271011	598343	16	972	1	13
1677889130	209	1199910	1204004	0	2517100	34868878424	0	37359	0	36929227698	24410228	53952144	606006	16	983	1	13
1677889132	211	1201838	1205932	0	2517100	35238284654	0	37359	0	37320976893	24669175	54639483	613783	17	995	1	13
1677889134	213	1204414	1208508	0	2451564	35547378711	0	37359	0	37648632602	24885766	55174693	619755	17	1004	1	13
1677889136	215	1205982	1210076	0	2517100	35883832103	0	37359	0	38005629019	25121723	55647016	625107	17	1015	1	13
1677889138	217	1208150	1212244	0	2517100	36264228653	0	37359	0	38408682255	25388062	56219042	631574	17	1026	1	13
1677889140	219	1206590	1210684	0	2451564	36639172984	0	37359	0	38806226492	25650825	56793884	638004	17	1037	1	13
1677889142	221	1213150	1217244	0	2517100	36990302615	0	37359	0	39178524132	25896922	57297289	643604	18	1048	1	13
1677889144	223	1213150	1217244	0	2517100	37338893013	0	37359	0	39548122641	26141189	57848507	649873	18	1059	1	13
1677889146	225	1150810	1154904	0	2378952	37726969673	0	37359	0	39959593508	26413180	58428312	656310	18	1070	1	13
1677889148	227	1192506	1196600	0	2507788	38064217635	0	37359	0	40317165521	26649498	58917928	661884	18	1080	1	13
1677889150	229	1191646	1195740	0	2573324	38437302281	0	37359	0	40712746373	26911006	59524649	668631	18	1092	1	13
1677889152	231	1233086	1237180	0	2507788	38846373001	0	37359	0	41146471754	27197667	60218152	676472	18	1103	1	13
1677889154	233	1230450	1234544	0	2560180	39206784383	0	37359	0	41528604853	27450224	60795450	682975	19	1115	1	13
1677889156	235	1232974	1237068	0	2501296	39597915615	0	37359	0	41943309307	27724310	61455056	690427	19	1126	1	13
1677889158	237	1252463	1256568	0	2638456	39973747910	0	37359	0	42341798082	27987703	62010434	696667	19	1137	1	13
1677889160	239	1229731	1233836	0	2560392	40374238568	0	37359	0	42766429417	28268377	62606957	703310	19	1149	1	13
1677889162	241	1247623	1251728	0	2506584	40765554453	0	37359	0	43181485823	28542677	63218956	710246	19	1160	1	13
1677889164	243	1237015	1241120	0	2506584	41104573354	0	37359	0	43540780856	28780159	63748261	716191	19	1171	1	13
1677889166	245	1241083	1245188	0	2507796	41498347088	0	37359	0	43958288046	29056103	64330913	722746	20	1182	1	13
1677889168	247	1229603	1233708	0	2501676	41885172852	0	37359	0	44368429494	29327189	64905705	729179	20	1193	1	13
1677889170	249	1241655	1245760	0	2505176	42254863625	0	37359	0	44760400495	29586246	65453329	735367	20	1204	1	13
1677889172	251	1241339	1245444	0	2505176	42597081386	0	37359	0	45123250366	29826103	65950994	740904	20	1214	1	13
1677889174	253	1232707	1236812	0	2505176	42996749532	0	37359	0	45547002671	30106141	66548122	747701	20	1225	1	13
1677889176	255	1234255	1238360	0	2596784	43371815675	0	37359	0	45944676191	30368991	67141177	754349	21	1236	1	13
1677889178	257	1232371	1236476	0	2504508	43730878156	0	37359	0	46325380248	30620616	67683381	760447	21	1247	1	13
1677889180	259	1241799	1245904	0	2635580	44117845422	0	37359	0	46735674378	30891806	68300474	767394	21	1258	1	13
1677889182	261	1241515	1245620	0	2570044	44450603650	0	37359	0	47088586761	31125026	68782456	772877	21	1269	1	13
1677889184	263	1241519	1245624	0	2570044	44581801502	0	37359	0	47227591545	31216914	68978374	775039	21	1274	1	13
1677889186	265	1226367	1230472	0	2469632	44946555502	0	37359	0	47614332174	31472546	69495280	780801	21	1284	1	13
1677889188	267	1246147	1250252	0	2564468	45317967550	0	37359	0	48008127084	31732796	70030993	786848	22	1295	1	13
1677889190	269	1247095	1251200	0	2568516	45714815684	0	37359	0	48428891720	32010879	70606466	793314	22	1307	1	13
1677889192	271	1221387	1225492	0	2403064	46062369692	0	37359	0	48797398787	32254482	71081012	798517	22	1317	1	13
1677889194	273	1236075	1240180	0	2506192	46427522956	0	37359	0	49184558740	32510358	71667118	805152	22	1328	1	13
1677889196	275	1234659	1238764	0	2571728	46781584799	0	37359	0	49559957229	32758448	72196236	811093	22	1339	1	13
1677889198	277	1244627	1248732	0	2506192	47116514056	0	37359	0	49915075038	32993177	72810743	818029	22	1350	1	13
1677889200	279	1233387	1237492	0	2503684	47498398175	0	37359	0	50319975197	33260784	73463049	825402	22	1361	1	13
1677889202	281	1233395	1237500	0	2503684	47880486158	0	37359	0	50725140614	33528581	74089227	832456	23	1372	1	13
1677889204	283	1235331	1239436	0	2503684	48233326796	0	37359	0	51099205030	33775837	74654127	838761	23	1383	1	13
1677889206	285	1240627	1244732	0	2474408	48554012748	0	37359	0	51439217949	34000556	75142623	844295	23	1394	1	13
1677889208	287	1240463	1244568	0	2539944	48907830631	0	37359	0	51814359509	34248490	75630646	849793	23	1405	1	13
1677889210	289	1229595	1233700	0	2438168	49271491350	0	37359	0	52199942460	34503368	76150271	855550	23	1417	1	13
1677889212	291	1240243	1244348	0	2503704	49589972365	0	37359	0	52537615218	34726520	76576568	860392	23	1428	1	13
1677889214	293	1245479	1249584	0	2541660	49956250125	0	37359	0	52925968827	34983197	77124498	866559	24	1440	1	13
1677889216	295	1245415	1249520	0	2570956	50304661778	0	37359	0	53295381807	35227372	77634636	872244	24	1452	1	13
1677889218	297	1239215	1243320	0	2505420	50643009665	0	37375	0	53654120610	35464460	78157456	878149	24	1464	1	13
1677889220	299	1249155	1253260	0	2472748	51009640520	0	37375	0	54042850668	35721401	78708545	884276	24	1475	1	13
1677889222	301	1249155	1253260	0	2472748	51336372475	0	37375	0	54389270441	35950324	79157634	889406	24	1486	1	13
1677889224	303	1240687	1244792	0	2502048	51649039528	0	37375	0	54720788090	36169485	79638076	894717	24	1497	1	13
1677889226	305	1243371	1247476	0	2444976	52013056937	0	37375	0	55106749991	36424601	80218240	901236	25	1509	1	13
1677889228	307	1241319	1245424	0	2436328	52327046972	0	37375	0	55439665722	36644646	80878254	908703	25	1521	1	13
1677889230	309	1244591	1248696	0	2508320	52651207790	0	37375	0	55783365316	36871819	81445812	915097	25	1533	1	13
1677889232	311	1252159	1256264	0	2573856	52934486269	0	37375	0	56083717581	37070336	81917349	920405	25	1545	1	13
1677889234	313	1245719	1249824	0	2568160	53230964722	0	37375	0	56398067026	37278117	82473981	926679	25	1557	1	13
1677889236	315	1240139	1244244	0	2502624	53491286446	0	37375	0	56674081168	37460566	82868139	931063	25	1568	1	13
1677889238	317	1243771	1247876	0	2568160	53775978170	0	37375	0	56975928358	37660041	83263789	935574	25	1579	1	13
1677889240	319	1236939	1241044	0	2437088	54050643014	0	37375	0	57267147674	37852519	83647765	939870	26	1589	1	13
1677889242	321	1245051	1249156	0	2473768	54314287498	0	37375	0	57546686375	38037309	84063781	944474	26	1601	1	13
1677889244	323	1240695	1244800	0	2503064	54604255746	0	37375	0	57854133541	38240531	84504875	949399	26	1613	1	13
1677889246	325	1246403	1250508	0	2568600	54913641108	0	37375	0	58182163820	38457322	84987209	954874	26	1625	1	13
1677889248	327	1239107	1243212	0	2503064	55207106250	0	37375	0	58493316430	38662974	85453609	960132	26	1637	1	13
1677889250	329	1236227	1240332	0	2407068	55506939285	0	37375	0	58811223595	38873112	85951989	965690	26	1649	1	13
1677889252	331	1253543	1257648	0	2501900	55731208547	0	37375	0	59049011787	39030293	86311514	969694	26	1659	1	13
1677889254	333	1253547	1257652	0	2508156	56005853817	0	37375	0	59340208906	39222746	86704575	974135	27	1671	1	13
1677889256	335	1245471	1249576	0	2442620	56296172969	0	37375	0	59648032912	39426257	87216789	979855	27	1683	1	13
1677889258	337	1251099	1255204	0	2501948	56591704565	0	37375	0	59961379273	39633362	87672821	984950	27	1695	1	13
1677889260	339	1251099	1255204	0	2501948	56866029637	0	37375	0	60252235619	39825581	88129166	990163	27	1708	1	13
1677889262	341	1254431	1258536	0	2567484	57151545963	0	37375	0	60554960850	40025666	88543782	994798	27	1720	1	13
1677889264	343	1244559	1248664	0	2501948	57449867024	0	37375	0	60871265799	40234754	89013820	1000028	27	1732	1	13
1677889266	345	1234415	1238520	0	2462504	57717466199	0	37375	0	61155059377	40422306	89423758	1004687	27	1743	1	13
1677889268	347	1249651	1253756	0	2500272	58000560327	0	37375	0	61455149160	40620656	89864030	1009608	27	1755	1	13
1677889270	349	1249935	1254040	0	2506204	58252983926	0	37375	0	61722787426	40797555	90223709	1013624	28	1767	1	13
1677889272	351	1249935	1254040	0	2506204	58505909611	0	37375	0	61990958147	40974807	90575514	1017558	28	1778	1	13
1677889274	353	1255751	1259856	0	2570296	58781816937	0	37375	0	62283496302	41168173	90942691	1021664	28	1790	1	13
1677889276	355	1242939	1247044	0	2504760	59062557504	0	37375	0	62581159737	41364930	91340820	1026094	28	1802	1	13
1677889278	357	1253099	1257204	0	2504760	59332344764	0	37375	0	62867372203	41554083	91735778	1030560	28	1814	1	13
1677889280	359	1253099	1257204	0	2504760	59630549723	0	37375	0	63183381351	41762925	92161385	1035382	28	1826	1	13
1677889282	361	1256671	1260776	0	2501764	59880152297	0	37375	0	63448032601	41937883	92536094	1039509	28	1837	1	13
1677889284	363	1246979	1251084	0	2501764	60175865409	0	37375	0	63761568513	42145109	92966294	1044350	29	1850	1	13
1677889286	365	1252095	1256200	0	2567300	60460516793	0	37375	0	64063380518	42344604	93380073	1048986	29	1862	1	13
1677889288	367	1241715	1245820	0	2558968	60706420532	0	37375	0	64324106476	42516934	93724858	1052838	29	1873	1	13
1677889290	369	1248795	1252900	0	2558968	60938272311	0	37375	0	64569940359	42679464	94069135	1056643	29	1885	1	13
1677889292	371	1251875	1255980	0	2500344	61249200311	0	37375	0	64899606242	42897336	94499434	1061516	29	1897	1	13
1677889294	373	1244983	1249088	0	2472896	61507899164	0	37375	0	65173898689	43078641	94857002	1065517	29	1909	1	13
1677889296	375	1244983	1249088	0	2472896	61759671874	0	37375	0	65440843013	43255050	95209082	1069525	29	1920	1	13
1677889298	377	1250995	1255100	0	2502192	62051237497	0	37375	0	65749985228	43459402	95652634	1074445	29	1932	1	13
1677889300	379	1252535	1256640	0	2567728	62351650933	0	37375	0	66068502813	43669905	96058992	1079037	30	1944	1	13
1677889302	381	1241611	1245716	0	2494852	62629643740	0	37375	0	66363253503	43864743	96463175	1083538	30	1956	1	13
1677889304	383	1238847	1242952	0	2560388	62904326482	0	37375	0	66654495855	44057270	96863045	1087950	30	1968	1	13
1677889306	385	1251247	1255352	0	2572172	63198753857	0	37375	0	66966666972	44263583	97273201	1092573	30	1980	1	13
1677889308	387	1248111	1252216	0	2539988	63500365532	0	37375	0	67286543378	44475002	97705899	1097437	30	1992	1	13
1677889310	389	1246871	1250976	0	2503748	63773270057	0	37375	0	67575815456	44666237	98090748	1101644	30	2005	1	13
1677889312	391	1252163	1256268	0	2569284	64040456854	0	37375	0	67859103169	44853451	98425852	1105449	30	2016	1	13
1677889314	393	1244891	1248996	0	2530908	64332462263	0	37375	0	68168707738	45058077	98846759	1110177	31	2029	1	13
1677889316	395	1259311	1263416	0	2560204	64602584020	0	37375	0	68455111931	45247386	99212843	1114237	31	2040	1	13
1677889318	397	1254259	1258364	0	2494668	64799473003	0	37375	0	68663864062	45385327	99441809	1116845	31	2050	1	13
1677889320	399	1255399	1259504	0	2574516	65049295664	0	37375	0	68928746219	45560419	99767358	1120449	31	2061	1	13
1677889322	401	1253763	1257868	0	2493480	65336699975	0	37375	0	69233477174	45761865	100163018	1124816	31	2073	1	13
1677889324	403	1256999	1261104	0	2568308	65630463748	0	37375	0	69544944766	45967713	100578328	1129519	31	2085	1	13
1677889326	405	1254523	1258628	0	2508816	65899944867	0	37375	0	69830671287	46156578	100993013	1134172	31	2097	1	13
1677889328	407	1256571	1260676	0	2508816	66144367333	0	37375	0	70089823445	46327848	101327645	1137974	31	2108	1	13
1677889330	409	1240203	1244308	0	2494760	66410726535	0	37375	0	70372243462	46514567	101696508	1141976	32	2119	1	13
1677889332	411	1254527	1258632	0	2494760	66690162125	0	37375	0	70668517914	46710360	102066774	1146172	32	2131	1	13
1677889334	413	1259495	1263600	0	2574120	66989608521	0	37375	0	70986012333	46920205	102508488	1151131	32	2144	1	13
1677889336	415	1254415	1258520	0	2508584	67291284653	0	37375	0	71305874163	47131640	102976956	1156330	32	2156	1	13
1677889338	417	1256463	1260568	0	2508584	67564865116	0	37375	0	71595940638	47323333	103369286	1160804	32	2169	1	13
1677889340	419	1255907	1260012	0	2508584	67856741929	0	37375	0	71905412318	47527898	103809640	1165684	32	2181	1	13
1677889342	421	1243403	1247508	0	2465068	68120333146	0	37375	0	72184890894	47712619	104201568	1170085	32	2193	1	13
1677889344	423	1243407	1247512	0	2494364	68374067241	0	37375	0	72453916261	47890414	104549724	1174011	32	2204	1	13
1677889346	425	1248095	1252200	0	2428828	68593657365	0	37375	0	72686743267	48044315	104834897	1177144	33	2214	1	13
1677889348	427	1260207	1264312	0	2494364	68776772696	0	37375	0	72880892469	48172614	105097713	1180148	33	2224	1	13
1677889350	429	1253315	1257420	0	2536740	69051611047	0	37375	0	73172302084	48365263	105536627	1184995	33	2235	1	13
1677889352	431	1251627	1255732	0	2500500	69341696073	0	37375	0	73479869294	48568534	105982597	1190048	33	2248	1	13
1677889354	433	1266575	1270680	0	2566036	69637508328	0	37375	0	73793510369	48775830	106419506	1194968	33	2260	1	13
1677889356	435	1260907	1265012	0	2534012	69944795391	0	37375	0	74119594379	48991409	106845829	1199684	33	2273	1	13
1677889358	437	1268995	1273100	0	2497772	70187181457	0	37375	0	74376318111	49161067	107184478	1203461	33	2284	1	13
1677889360	439	1258379	1262484	0	2573352	70512354859	0	37375	0	74721086657	49388906	107666597	1208931	33	2297	1	13
1677889362	441	1244415	1248520	0	2468964	70805809423	0	37375	0	75032233848	49594602	108148772	1214264	34	2309	1	13
1677889364	443	1253487	1257592	0	2502260	71077854361	0	37375	0	75320675620	49785247	108597206	1219305	34	2321	1	13
1677889366	445	1245467	1249572	0	2502260	71337099072	0	37375	0	75595554869	49966910	109018523	1224119	34	2333	1	13
1677889368	447	1256267	1260372	0	2502260	71633771342	0	37375	0	75910098940	50174824	109440161	1228786	34	2346	1	13
1677889370	449	1256267	1260372	0	2502260	71900948323	0	37375	0	76193379249	50362056	109762106	1232359	34	2358	1	13
1677889372	451	1246023	1250128	0	2436724	72149903693	0	37375	0	76457338038	50536504	110103022	1236202	34	2368	1	13
1677889374	453	1259765	1263688	0	2502260	72406751217	0	37375	0	76729667061	50716505	110448765	1240066	34	2380	1	13
1677889376	455	1249141	1253064	0	2473256	72627132689	0	37375	0	76963334263	50870969	110769458	1243607	34	2390	1	13
1677889378	457	1249145	1253068	0	2502552	72928470372	0	37375	0	77282832164	51082123	111169633	1248126	35	2403	1	13
1677889380	459	1258733	1262656	0	2502552	73220257614	0	37375	0	77592206424	51286602	111584856	1252788	35	2415	1	13
1677889382	461	1267317	1271240	0	2511032	73508159516	0	37375	0	77897460045	51488353	111985341	1257282	35	2427	1	13
1677889384	463	1250813	1254736	0	2465336	73799077882	0	37375	0	78205913148	51692227	112396115	1261865	35	2440	1	13
1677889386	465	1250221	1254144	0	2494632	74050910431	0	37375	0	78472926378	51868728	112756323	1265875	35	2452	1	13
1677889388	467	1257521	1261444	0	2504196	74333142191	0	37375	0	78772168840	52066511	113149986	1270291	35	2463	1	13
1677889390	469	1250865	1254788	0	2469040	74618397711	0	37375	0	79074618607	52266423	113566099	1274926	35	2475	1	13
1677889392	471	1251765	1255688	0	2504348	74858798501	0	37375	0	79329660581	52434993	113911232	1278782	35	2487	1	13
1677889394	473	1258557	1262480	0	2508016	75139001127	0	37375	0	79626600523	52631255	114309754	1283233	36	2499	1	13
1677889396	475	1258561	1262484	0	2509940	75436423291	0	37375	0	79942213888	52839879	114712582	1287802	36	2511	1	13
1677889398	477	1246508	1250432	0	2564652	75745455270	0	37375	0	80269613446	53056289	115160399	1292723	36	2523	1	13
1677889400	479	1249220	1253144	0	2499116	76026471741	0	37375	0	80567566107	53253209	115561735	1297243	36	2536	1	13
1677889402	481	1249224	1253148	0	2499116	76310042506	0	37375	0	80868228011	53451930	115918932	1301248	36	2548	1	13
1677889404	483	1250636	1254560	0	2465024	76595563095	0	37375	0	81170956404	53652008	116364770	1306289	36	2560	1	13
1677889406	485	1252708	1256632	0	2508120	76838854973	0	37375	0	81428917752	53822554	116774340	1310837	36	2570	1	13
1677889408	487	1259964	1263888	0	2573656	77089402101	0	37375	0	81694566554	53998139	117119947	1314696	37	2581	1	13
1677889410	489	1255856	1259780	0	2539316	77371284016	0	37375	0	81993437497	54195670	117514291	1319154	37	2593	1	13
1677889412	491	1252716	1256640	0	2503080	77662432772	0	37375	0	82302133713	54399694	117953577	1324096	37	2605	1	13
1677889414	493	1255044	1258968	0	2503080	77936876995	0	37375	0	82593123689	54592060	118396394	1329011	37	2617	1	13
1677889416	495	1259356	1263280	0	2503080	78217367298	0	37375	0	82890518280	54788611	118825509	1333872	37	2629	1	13
1677889418	497	1254496	1258420	0	2560244	78487445252	0	37375	0	83176875791	54977887	119212453	1338204	37	2641	1	13
1677889420	499	1267416	1271340	0	2505308	78798587906	0	37375	0	83506774323	55195952	119695220	1343576	37	2653	1	13
1677889422	501	1259184	1263108	0	2509552	79094228491	0	37375	0	83820234295	55403133	120148447	1348679	38	2666	1	13
1677889424	503	1267640	1271564	0	2509552	79348582801	0	37375	0	84090075319	55581474	120491973	1352546	38	2677	1	13
1677889426	505	1251296	1255220	0	2465500	79629468156	0	37375	0	84387732983	55778212	120904983	1357190	38	2690	1	13
1677889428	507	1259408	1263332	0	2494796	79926542666	0	37375	0	84702837099	55986492	121359727	1362274	38	2702	1	13
1677889430	509	1259408	1263332	0	2494796	80222446198	0	37375	0	85016450569	56193756	121809791	1367378	38	2714	1	13
1677889432	511	1244956	1248880	0	2465336	80521604571	0	37375	0	85333643280	56403431	122255640	1372285	38	2727	1	13
1677889434	513	1255316	1259240	0	2494632	80814477026	0	37375	0	85644167298	56608666	122647804	1376678	38	2739	1	13
1677889436	515	1264556	1268480	0	2504128	81107999045	0	37375	0	85955380440	56814361	123058802	1381291	38	2751	1	13
1677889438	517	1253984	1257908	0	2467096	81408553970	0	37375	0	86274053381	57025009	123519794	1386412	39	2764	1	13
1677889440	519	1268720	1272644	0	2500192	81676798867	0	37375	0	86558466169	57212992	123911585	1390806	39	2777	1	13
1677889442	521	1266220	1270144	0	2574112	81957703912	0	37375	0	86856299754	57409825	124283576	1395006	39	2788	1	13
1677889444	523	1264800	1268724	0	2574112	82219701171	0	37375	0	87134088063	57593426	124653552	1399091	39	2800	1	13
1677889446	525	1247636	1251560	0	2495712	82512067119	0	37375	0	87444078318	57798338	125069144	1403726	39	2812	1	13
1677889448	527	1262296	1266220	0	2569320	82782057637	0	37375	0	87730342518	57987551	125493918	1408464	39	2824	1	13
1677889450	529	1259148	1263072	0	2503784	83082003782	0	37375	0	88048368684	58197763	125999556	1414118	39	2836	1	13
1677889452	531	1253276	1257200	0	2471868	83374706835	0	37375	0	88358714919	58402895	126446901	1419121	40	2849	1	13
1677889454	533	1265832	1269756	0	2566700	83667558555	0	37375	0	88669214999	58608098	126824825	1423383	40	2862	1	13
1677889456	535	1258948	1262872	0	2509412	83970310717	0	37375	0	88990216015	58820273	127224767	1427829	40	2874	1	13
1677889458	537	1269328	1273252	0	2509412	84233859916	0	37375	0	89269652608	59004985	127584012	1431803	40	2886	1	13
1677889460	539	1260732	1264656	0	2475292	84541004907	0	37375	0	89595310522	59220233	127993244	1436376	40	2898	1	13
1677889462	541	1254356	1258280	0	2504588	84806545970	0	37375	0	89876856576	59406324	128339522	1440256	40	2911	1	13
1677889464	543	1254356	1258280	0	2504588	85101884807	0	37375	0	90189997691	59613306	128787414	1445240	40	2922	1	13
1677889466	545	1253896	1257820	0	2474836	85373834080	0	37375	0	90478339397	59803890	129205056	1449935	41	2935	1	13
1677889468	547	1257972	1261896	0	2504132	85663600450	0	37375	0	90785572548	60006971	129651519	1454921	41	2947	1	13
1677889470	549	1254188	1258112	0	2504132	85958706571	0	37375	0	91098468507	60213803	130078651	1459683	41	2959	1	13
1677889472	551	1230036	1233960	0	2507204	86258538875	0	37375	0	91416372570	60423924	130490280	1464304	41	2972	1	13
1677889474	553	1257432	1261356	0	2503340	86521048580	0	37375	0	91694703221	60607878	130886786	1468789	41	2983	1	13
1677889476	555	1255044	1258968	0	2437804	86818190436	0	37375	0	92009756317	60816127	131327962	1473717	41	2995	1	13
1677889478	557	1263320	1267244	0	2507540	87106949538	0	37375	0	92315920022	61018490	131764564	1478629	41	3008	1	13
1677889480	559	1248884	1252808	0	2465356	87378655057	0	37375	0	92604070209	61208944	132118992	1482586	42	3020	1	13
1677889482	561	1262580	1266504	0	2560188	87685595739	0	37375	0	92929444133	61424010	132542364	1487306	42	3032	1	13
1677889484	563	1264344	1268268	0	2569764	87938386755	0	37375	0	93197472274	61601170	132908265	1491403	42	3044	1	13
1677889486	565	1248816	1252740	0	2496396	88186415246	0	37375	0	93460452831	61775010	133265212	1495356	42	3054	1	13
1677889488	567	1261500	1265424	0	2506296	88472724939	0	37375	0	93764015323	61975617	133663484	1499880	42	3067	1	13
1677889490	569	1264052	1267976	0	2506296	88752469111	0	37375	0	94060624515	62171685	134129991	1505084	42	3078	1	13
1677889492	571	1237880	1241804	0	2511988	89030715105	0	37375	0	94355643109	62366694	134553059	1509804	42	3090	1	13
1677889494	573	1264756	1268680	0	2568068	89325804096	0	37375	0	94668513760	62573452	134992925	1514827	42	3102	1	13
1677889496	575	1261484	1265408	0	2502532	89625797926	0	37375	0	94986587676	62783670	135471503	1520220	43	3114	1	13
1677889498	577	1248516	1252440	0	2436996	89899991891	0	37375	0	95277312094	62975859	135922234	1525226	43	3127	1	13
1677889500	579	1258328	1262252	0	2470868	90209353026	0	37375	0	95605318066	63192644	136402855	1530649	43	3139	1	13
1677889502	581	1267248	1271172	0	2500164	90494951178	0	37375	0	95908129708	63392785	136840385	1535571	43	3151	1	13
1677889504	583	1255068	1258992	0	2435488	90751911832	0	37375	0	96180580863	63572886	137265645	1540320	43	3163	1	13
1677889506	585	1253904	1257828	0	2464988	91023131819	0	37375	0	96468150588	63762978	137652578	1544616	43	3174	1	13
1677889508	587	1253904	1257828	0	2464988	91279932820	0	37375	0	96740426955	63942919	138012131	1548710	43	3186	1	13
1677889510	589	1258260	1262184	0	2494288	91565189837	0	37375	0	97042879025	64142840	138481075	1553957	44	3198	1	13
1677889512	591	1227684	1231608	0	2440160	91844671415	0	37375	0	97339210033	64338737	138873977	1558285	44	3210	1	13
1677889514	593	1262684	1266608	0	2496552	92114518474	0	37375	0	97625319906	64527829	139205702	1562016	44	3222	1	13
1677889516	595	1264412	1268336	0	2563748	92419170437	0	37375	0	97948492808	64741454	139564521	1566021	44	3234	1	13
1677889518	597	1262692	1266616	0	2498212	92673714617	0	37375	0	98218222745	64919728	139953320	1570277	44	3246	1	13
1677889520	599	1266076	1270000	0	2501812	92960188557	0	37375	0	98521963876	65120491	140323187	1574397	44	3259	1	13
1677889522	601	1266080	1270004	0	2501812	93232858400	0	37375	0	98811064803	65311545	140677844	1578430	44	3271	1	13
1677889524	603	1275408	1279332	0	2510188	93510052254	0	37375	0	99104967273	65505810	141064355	1582726	45	3282	1	13
1677889526	605	1268156	1272080	0	2503880	93802761460	0	37375	0	99415321210	65710957	141521012	1587813	45	3294	1	13
1677889528	607	1268156	1272080	0	2503880	94078971404	0	37375	0	99708177937	65904511	141925986	1592401	45	3307	1	13
1677889530	609	1268160	1272084	0	2503880	94378596429	0	37375	0	100025864518	66114503	142373968	1597406	45	3319	1	13
1677889532	611	1268164	1272088	0	2503880	94655683919	0	37375	0	100319654620	66308701	142766321	1601787	45	3332	1	13
1677889534	613	1274516	1278440	0	2570500	94968758251	0	37375	0	100651598947	66528101	143202600	1606670	45	3344	1	13
1677889536	615	1282720	1286644	0	2577208	95263791811	0	37375	0	100964414774	66734853	143605967	1611179	45	3357	1	13
1677889538	617	1281096	1285020	0	2577208	95542010994	0	37375	0	101259404509	66929841	144007235	1615664	45	3369	1	13
1677889540	619	1268752	1272676	0	2502172	95818559041	0	37375	0	101552620623	67123640	144388363	1619926	46	3382	1	13
1677889542	621	1278756	1282680	0	2567708	96082195405	0	37375	0	101832146303	67308389	144761222	1624138	46	3393	1	13
1677889544	623	1276996	1280920	0	2575392	96380867905	0	37375	0	102148822439	67517712	145245439	1629564	46	3405	1	13
1677889546	625	1259012	1262936	0	2465380	96672430800	0	37375	0	102457959884	67722046	145669678	1634295	46	3417	1	13
1677889548	627	1270712	1274636	0	2504324	96942127074	0	37375	0	102743916182	67911041	146027434	1638312	46	3430	1	13
1677889550	629	1270720	1274644	0	2504324	97241919353	0	37375	0	103061772034	68121126	146440306	1642929	46	3442	1	13
1677889552	631	1276300	1280224	0	2569860	97537602673	0	37375	0	103375276165	68328329	146841421	1647427	46	3454	1	13
1677889554	633	1273808	1277732	0	2507408	97828444177	0	37375	0	103683649318	68532164	147232562	1651772	47	3467	1	13
1677889556	635	1273808	1277732	0	2507408	98101780883	0	37375	0	103973462354	68723728	147649870	1656424	47	3479	1	13
1677889558	637	1275856	1279780	0	2507408	98364903683	0	37375	0	104252442134	68908101	148004979	1660424	47	3490	1	13
1677889560	639	1264396	1268320	0	2530576	98662656788	0	37375	0	104568143061	69116775	148467220	1665568	47	3502	1	13
1677889562	641	1276564	1280488	0	2559872	98941460479	0	37375	0	104863749549	69312146	148851354	1669907	47	3515	1	13
1677889564	643	1276572	1280496	0	2569308	99252456366	0	37375	0	105193490764	69530094	149386391	1675924	47	3527	1	13
1677889566	645	1282028	1285952	0	2545064	99526166625	0	37375	0	105483769518	69721980	149836719	1680961	47	3540	1	13
1677889568	647	1277284	1281208	0	2508824	99811829343	0	37375	0	105786580124	69922108	150294326	1686114	48	3552	1	13
1677889570	649	1277288	1281212	0	2508824	100115701648	0	37375	0	106108768804	70135068	150727164	1690942	48	3565	1	13
1677889572	651	1268920	1272844	0	2468952	100413505546	0	37375	0	106424525329	70343793	151138862	1695486	48	3577	1	13
1677889574	653	1275272	1279196	0	2475304	100659517050	0	37375	0	106685361695	70516170	151453964	1699060	48	3589	1	13
1677889576	655	1278628	1282552	0	2565072	100933988988	0	37375	0	106976375487	70708506	151830999	1703320	48	3600	1	13
1677889578	657	1244528	1248452	0	2504924	101234621408	0	37375	0	107295130739	70919210	152249731	1707944	48	3613	1	13
1677889580	659	1278660	1282584	0	2559924	101501310815	0	37375	0	107577894480	71106105	152637944	1712302	48	3624	1	13
1677889582	661	1286268	1290192	0	2573340	101800199115	0	37375	0	107894795070	71315540	153068512	1717177	48	3637	1	13
1677889584	663	1248944	1252868	0	2509836	102093414389	0	37375	0	108205686724	71521053	153553399	1722573	49	3649	1	13
1677889586	665	1271320	1275244	0	2559588	102391159800	0	37375	0	108521384549	71729750	153999725	1727554	49	3661	1	13
1677889588	667	1275680	1279604	0	2501252	102669177702	0	37375	0	108816157294	71924564	154454083	1732709	49	3674	1	13
1677889590	669	1257224	1261148	0	2435716	102964004885	0	37375	0	109128756971	72131192	154911478	1737805	49	3686	1	13
1677889592	671	1247908	1251832	0	2494472	103251347274	0	37375	0	109433703013	72332740	155326885	1742486	49	3698	1	13
1677889594	673	1267928	1271852	0	2625544	103505694399	0	37375	0	109703097563	72510821	155707139	1746713	49	3709	1	13
1677889596	675	1259272	1263196	0	2440760	103776925725	0	37375	0	109990675209	72700884	156104198	1751201	49	3721	1	13
1677889598	677	1277152	1281076	0	2571832	104057528697	0	37375	0	110288188392	72897504	156522812	1755944	50	3732	1	13
1677889600	679	1271016	1274940	0	2479088	104331314998	0	37375	0	110578480725	73089408	156967210	1760873	50	3745	1	13
1677889602	681	1279476	1283400	0	2573920	104622797931	0	37375	0	110887529286	73293649	157356063	1765265	50	3757	1	13
1677889604	683	1267840	1271764	0	2573920	104914754878	0	37375	0	111197084669	73498261	157696485	1769021	50	3769	1	13
1677889606	685	1267840	1271764	0	2573920	105164048313	0	37375	0	111461403093	73672957	158035066	1772822	50	3780	1	13
1677889608	687	1259392	1263316	0	2494036	105460813074	0	37375	0	111776057739	73880955	158457030	1777504	50	3792	1	13
1677889610	689	1261180	1265104	0	2503120	105694634997	0	37375	0	112023975630	74044840	158785504	1781133	50	3803	1	13
1677889612	691	1269800	1273724	0	2503120	105986242545	0	37375	0	112333157406	74249181	159213307	1785979	50	3814	1	13
1677889614	693	1269804	1273728	0	2506472	106253745451	0	37375	0	112616960458	74436789	159611309	1790468	51	3827	1	13
1677889616	695	1263304	1267228	0	2504628	106550694818	0	37375	0	112931633361	74644763	160032714	1795086	51	3839	1	13
1677889618	697	1252788	1256712	0	2439092	106854362742	0	37375	0	113253604519	74857570	160466558	1799959	51	3851	1	13
1677889620	699	1267376	1271300	0	2504628	107127131016	0	37375	0	113542809714	75048692	160861907	1804463	51	3864	1	13
1677889622	701	1267024	1270948	0	2474984	107414801081	0	37375	0	113847822140	75250318	161314091	1809450	51	3877	1	13
1677889624	703	1260608	1264532	0	2502016	107721069219	0	37375	0	114172552396	75464970	161739922	1814180	51	3888	1	13
1677889626	705	1271196	1275120	0	2505180	108000206885	0	37375	0	114468638000	75660689	162191400	1819302	51	3901	1	13
1677889628	707	1256804	1260728	0	2465400	108263911868	0	37375	0	114748110507	75845361	162574591	1823632	52	3912	1	13
1677889630	709	1256812	1260736	0	2494696	108542758906	0	37375	0	115043767931	76040804	162988961	1828216	52	3924	1	13
1677889632	711	1257592	1261516	0	2494696	108824766287	0	37375	0	115342773017	76238436	163383326	1832636	52	3936	1	13
1677889634	713	1249264	1253188	0	2465316	109107746341	0	37375	0	115642809584	76436749	163781266	1837080	52	3949	1	13
1677889636	715	1266688	1270612	0	2560148	109398513144	0	37375	0	115951122894	76640569	164220316	1841986	52	3961	1	13
1677889638	717	1267316	1271240	0	2574432	109663811788	0	37375	0	116232397999	76826485	164605113	1846261	52	3973	1	13
1677889640	719	1270344	1274268	0	2574432	109977249628	0	37375	0	116564727171	77046137	165070713	1851506	52	3985	1	13
1677889642	721	1263796	1267720	0	2494540	110259089159	0	37375	0	116863589468	77243684	165476695	1856063	53	3997	1	13
1677889644	723	1261984	1265908	0	2494540	110554358508	0	37375	0	117176619827	77450567	165891367	1860721	53	4010	1	13
1677889646	725	1266352	1270276	0	2574364	110819464586	0	37375	0	117457704854	77636353	166293201	1865215	53	4021	1	13
1677889648	727	1230252	1234176	0	2446124	111087162266	0	37375	0	117741541083	77823984	166741205	1870209	53	4034	1	13
1677889650	729	1249456	1253380	0	2474216	111386745914	0	37375	0	118059180534	78033912	167189130	1875276	53	4046	1	13
1677889652	731	1250652	1254576	0	2559564	111678186026	0	37375	0	118368327822	78238283	167667460	1880563	53	4058	1	13
1677889654	733	1261188	1265112	0	2494028	111961096762	0	37375	0	118668152173	78436437	168048762	1884865	53	4070	1	13
1677889656	735	1275220	1279144	0	2571276	112252656464	0	37375	0	118977407481	78640814	168476955	1889734	54	4081	1	13
1677889658	737	1264940	1268864	0	2571276	112519790764	0	37375	0	119260522210	78827981	168870149	1894051	54	4093	1	13
1677889660	739	1269036	1272960	0	2571276	112772328684	0	37375	0	119528281992	79004964	169235986	1898143	54	4103	1	13
1677889662	741	1274972	1278896	0	2576964	113042693126	0	37375	0	119814939864	79194412	169603281	1902280	54	4116	1	13
1677889664	743	1276480	1280404	0	2511428	113322894946	0	37375	0	120112030203	79390775	170030380	1907077	54	4127	1	13
1677889666	745	1271232	1275156	0	2544824	113601700354	0	37375	0	120407645250	79586204	170418875	1911357	54	4138	1	13
1677889668	747	1271464	1275388	0	2574124	113895655427	0	37375	0	120719317574	79792200	170841118	1916092	54	4150	1	13
1677889670	749	1269700	1273624	0	2508588	114204705850	0	37375	0	121046995547	80008781	171287060	1921067	54	4162	1	13
1677889672	751	1255628	1259552	0	2465220	114480805782	0	37375	0	121339741184	80202298	171739397	1926137	55	4173	1	13
1677889674	753	1258852	1262776	0	2474424	114772188181	0	37375	0	121648687840	80406515	172207431	1931396	55	4184	1	13
1677889676	755	1262244	1266168	0	2539960	115038569934	0	37375	0	121931123518	80593175	172607350	1935895	55	4196	1	13
1677889678	757	1254036	1257960	0	2531748	115355127547	0	37375	0	122266761987	80815027	173080895	1941211	55	4207	1	13
1677889680	759	1253152	1257076	0	2495508	115634379160	0	37375	0	122562847077	81010744	173490594	1945768	55	4219	1	13
1677889682	761	1265392	1269316	0	2564300	115887556203	0	37375	0	122831286130	81188188	173873415	1950022	55	4229	1	13
1677889684	763	1263664	1267588	0	2498764	116193209418	0	37375	0	123155359614	81402364	174315496	1955005	55	4241	1	13
1677889686	765	1245052	1248976	0	2463856	116512325755	0	37375	0	123493866087	81626135	174768871	1960089	56	4253	1	13
1677889688	767	1251364	1255288	0	2493152	116839106175	0	37375	0	123840189164	81855026	175241525	1965337	56	4265	1	13
1677889690	769	1251364	1255288	0	2493152	117155367007	0	37375	0	124175510628	82076646	175688406	1970362	56	4278	1	13
1677889692	771	1245276	1249200	0	2427616	117489993917	0	37375	0	124530306654	82311149	176143798	1975444	56	4290	1	13
1677889694	773	1259116	1263040	0	2560128	117802092952	0	37375	0	124861219359	82529886	176600077	1980502	56	4302	1	13
1677889696	775	1240588	1244512	0	2533632	118119326347	0	37375	0	125197572681	82752195	177052581	1985590	56	4315	1	13
1677889698	777	1254464	1258388	0	2474960	118388703955	0	37375	0	125483188904	82940995	177479196	1990351	56	4325	1	13
1677889700	779	1256512	1260436	0	2504256	118686182764	0	37375	0	125798594251	83149438	177909928	1995265	57	4337	1	13
1677889702	781	1276024	1279948	0	2635328	119006077462	0	37375	0	126137966218	83373800	178396544	2000675	57	4349	1	13
1677889704	783	1257464	1261388	0	2413996	119297234940	0	37375	0	126446482040	83577706	178841359	2005602	57	4361	1	13
1677889706	785	1269548	1273472	0	2508828	119613769794	0	37375	0	126782309948	83799642	179284892	2010625	57	4373	1	13
1677889708	787	1269552	1273476	0	2508828	119914346534	0	37375	0	127100788773	84010170	179696427	2015165	57	4385	1	13
1677889710	789	1269616	1273540	0	2541976	120225552348	0	37375	0	127430812581	84228305	180133532	2020067	57	4397	1	13
1677889712	791	1254380	1258304	0	2440200	120499560344	0	37375	0	127721278273	84420305	180537514	2024565	57	4408	1	13
1677889714	793	1269636	1273560	0	2507984	120780914160	0	37375	0	128019595765	84617525	180945645	2029064	58	4419	1	13
1677889716	795	1268224	1272148	0	2540528	121043060429	0	37375	0	128297538782	84801203	181277542	2032838	58	4429	1	13
1677889718	797	1263360	1267284	0	2504288	121338519289	0	37375	0	128610807391	85008272	181687470	2037397	58	4440	1	13
1677889720	799	1264920	1268844	0	2569824	121630413654	0	37375	0	128920295871	85212839	182107383	2042112	58	4451	1	13
1677889722	801	1269732	1273656	0	2569824	121920300469	0	37375	0	129227656960	85416007	182496079	2046430	58	4463	1	13
1677889724	803	1259308	1263232	0	2494472	122216417569	0	37375	0	129541623439	85623539	182891520	2050845	58	4475	1	13
1677889726	805	1264296	1268220	0	2508664	122521326843	0	37375	0	129864915164	85837259	183338580	2055845	58	4487	1	13
1677889728	807	1264296	1268220	0	2508664	122841778578	0	37375	0	130204818177	86061921	183768884	2060640	59	4499	1	13
1677889730	809	1256696	1260620	0	2501484	123120908248	0	37375	0	130500635475	86257442	184180133	2065189	59	4510	1	13
1677889732	811	1255496	1259420	0	2501484	123416989816	0	37375	0	130814565799	86464959	184579295	2069619	59	4522	1	13
1677889734	813	1263560	1267484	0	2567020	123687310038	0	37375	0	131101183014	86654435	184977776	2074034	59	4532	1	13
1677889736	815	1262228	1266152	0	2474384	123977251610	0	37375	0	131408734708	86857713	185386287	2078636	59	4543	1	13
1677889738	817	1252340	1256264	0	2438144	124295249837	0	37375	0	131745763707	87080463	185887658	2084290	59	4555	1	13
1677889740	819	1260520	1264444	0	2569216	124587409651	0	37375	0	132055532758	87285205	186347942	2089473	59	4567	1	13
1677889742	821	1262308	1266232	0	2569216	124894778642	0	37375	0	132381515847	87500718	186820835	2094728	60	4579	1	13
1677889744	823	1263544	1267468	0	2504416	125222776292	0	37375	0	132729196231	87730475	187257579	2099633	60	4592	1	13
1677889746	825	1258252	1262176	0	2504416	125538954883	0	37375	0	133064431195	87952045	187702253	2104633	60	4604	1	13
1677889748	827	1267152	1271076	0	2504416	125842215814	0	37375	0	133385973198	88164589	188162449	2109742	60	4616	1	13
1677889750	829	1275064	1278988	0	2564520	126150796602	0	37375	0	133713152581	88380836	188722458	2116081	60	4628	1	13
1677889752	831	1267700	1271624	0	2505040	126406128641	0	37375	0	133983877167	88559798	189151981	2120872	60	4639	1	13
1677889754	833	1273140	1277064	0	2570576	126718287290	0	37375	0	134314852808	88778579	189608779	2125983	60	4650	1	13
1677889756	835	1270920	1274844	0	2569736	127021910767	0	37375	0	134636777925	88991368	190057843	2130991	61	4662	1	13
1677889758	837	1252868	1256792	0	2438664	127331218196	0	37375	0	134964729862	89208143	190521359	2136168	61	4674	1	13
1677889760	839	1269728	1273652	0	2504200	127639755478	0	37375	0	135291864234	89424367	190942937	2140865	61	4686	1	13
1677889762	841	1267992	1271916	0	2535456	127922355786	0	37375	0	135591499076	89622422	191328309	2145138	61	4697	1	13
1677889764	843	1264744	1268668	0	2499216	128201784462	0	37375	0	135887770238	89818249	191713276	2149446	61	4707	1	13
1677889766	845	1263320	1267244	0	2499216	128534125222	0	37375	0	136240141880	90051145	192222146	2155157	61	4719	1	13
1677889768	847	1273184	1277108	0	2499216	128703414479	0	37375	0	136419631048	90169749	192437901	2157633	61	4728	1	13
1677889770	849	1273184	1277108	0	2499216	128816462495	0	37375	0	136539638810	90249086	192583793	2159304	61	4733	1	13
1677889772	851	1269528	1273452	0	2474812	129069752771	0	37375	0	136808184037	90426606	192989270	2163744	62	4745	1	13
1677889774	853	1275884	1279808	0	2569648	129368184503	0	37375	0	137124473955	90635659	193417713	2168558	62	4757	1	13
1677889776	855	1275884	1279808	0	2569648	129666581087	0	37375	0	137440851945	90844740	193876408	2173798	62	4770	1	13
1677889778	857	1258404	1262328	0	2530944	129950655550	0	37375	0	137742138014	91043931	194315589	2178595	62	4782	1	13
1677889780	859	1276152	1280076	0	2640064	130246218366	0	37375	0	138055432063	91250999	194735816	2183315	62	4795	1	13
1677889782	861	1282476	1286400	0	2640064	130539122265	0	37375	0	138365987267	91456230	195140106	2187923	62	4807	1	13
1677889784	863	1270444	1274368	0	2508992	130816987746	0	37375	0	138660604530	91650989	195555660	2192502	62	4819	1	13
1677889786	865	1256412	1260336	0	2503924	131075531333	0	37375	0	138934733428	91832195	195983049	2197294	63	4831	1	13
1677889788	867	1267824	1271748	0	2503924	131375078731	0	37375	0	139252331926	92042087	196420603	2202289	63	4843	1	13
1677889790	869	1267836	1271760	0	2508252	131658502414	0	37375	0	139552842431	92240744	196835450	2206868	63	4855	1	13
1677889792	871	1255804	1259728	0	2503408	131963754449	0	37375	0	139876495755	92454686	197303131	2212051	63	4868	1	13
1677889794	873	1255804	1259728	0	2503408	132255910696	0	37375	0	140186258996	92659408	197781527	2217451	63	4880	1	13
1677889796	875	1257560	1261484	0	2568944	132554386524	0	37375	0	140502725861	92868585	198243757	2222623	63	4893	1	13
1677889798	877	1260332	1264256	0	2503408	132852222517	0	37375	0	140818514202	93077312	198669685	2227377	63	4906	1	13
1677889800	879	1265660	1269584	0	2625628	133143880402	0	37375	0	141127750131	93281692	199101333	2232228	64	4918	1	13
1677889802	881	1272592	1276516	0	2509200	133429168470	0	37375	0	141430233263	93481619	199503287	2236733	64	4930	1	13
1677889804	883	1279856	1283780	0	2640272	133704330610	0	37375	0	141721977967	93674428	199950038	2241804	64	4942	1	13
1677889806	885	1267948	1271872	0	2574736	133985901712	0	37375	0	142020522049	93871767	200502893	2248030	64	4954	1	13
1677889808	887	1276448	1280372	0	2613140	134273784568	0	37375	0	142325756199	94073510	200928617	2252816	64	4966	1	13
1677889810	889	1278560	1282484	0	2635004	134570972634	0	37375	0	142640855903	94281769	201374014	2257828	64	4979	1	13
1677889812	891	1272388	1276312	0	2570748	134833879681	0	37375	0	142919613393	94466050	201745837	2261920	64	4991	1	13
1677889814	893	1245396	1249320	0	2533632	135120367859	0	37375	0	143223367392	94666805	202079487	2265672	64	5002	1	13
1677889816	895	1273508	1277432	0	2625452	135377033028	0	37375	0	143495502487	94846672	202460399	2269932	65	5013	1	13
1677889818	897	1260568	1264492	0	2508228	135660119381	0	37375	0	143795657419	95045112	202900124	2274772	65	5025	1	13
1677889820	899	1274900	1278824	0	2639300	135929217149	0	37375	0	144081041001	95233731	203237771	2278612	65	5037	1	13
1677889822	901	1270876	1274800	0	2508228	136226344442	0	37375	0	144396007192	95441890	203644931	2283173	65	5049	1	13
1677889824	903	1280664	1284588	0	2544636	136509867258	0	37375	0	144696619652	95640588	204069835	2287938	65	5061	1	13
1677889826	905	1282252	1286176	0	2573932	136801669175	0	37375	0	145006012529	95845098	204505712	2292818	65	5073	1	13
1677889828	907	1273824	1277748	0	2508396	137074964633	0	37375	0	145295779314	96036615	204883325	2297073	65	5085	1	13
1677889830	909	1276944	1280868	0	2631220	137344615138	0	37375	0	145581684097	96225597	205292150	2301630	66	5098	1	13
1677889832	911	1274860	1278784	0	2631220	137647358726	0	37375	0	145902680461	96437798	205788902	2307163	66	5110	1	13
1677889834	913	1274860	1278784	0	2631220	137908200095	0	37375	0	146179240148	96620564	206178723	2311609	66	5122	1	13
1677889836	915	1266572	1270496	0	2494768	138208988505	0	37375	0	146498162140	96831393	206654232	2316896	66	5134	1	13
1677889838	917	1260404	1264328	0	2443136	138469131287	0	37375	0	146773985032	97013704	207012166	2320900	66	5145	1	13
1677889840	919	1274464	1278388	0	2508672	138751210535	0	37375	0	147073065984	97211382	207411853	2325381	66	5157	1	13
1677889842	921	1253732	1257656	0	2459060	138992160989	0	37375	0	147328542116	97380264	207744387	2329055	66	5168	1	13
1677889844	923	1259396	1263320	0	2476732	139249159423	0	37375	0	147601026752	97560331	208072953	2332793	66	5179	1	13
1677889846	925	1276104	1280028	0	2637100	139527270635	0	37375	0	147895900534	97755229	208451900	2337031	67	5192	1	13
1677889848	927	1283280	1287204	0	2571564	139767941075	0	37375	0	148151077931	97923896	208780239	2340674	67	5202	1	13
1677889850	929	1276108	1280032	0	2544952	140041031057	0	37375	0	148440627629	98115275	209156888	2344914	67	5213	1	13
1677889852	931	1262092	1266016	0	2508716	140308356942	0	37375	0	148724066294	98302617	209544579	2349260	67	5226	1	13
1677889854	933	1271808	1275732	0	2508716	140545623236	0	37375	0	148975634204	98468899	209873946	2352928	67	5237	1	13
1677889856	935	1259844	1263768	0	2560240	140837896471	0	37375	0	149285530157	98673765	210309678	2357752	67	5249	1	13
1677889858	937	1261556	1265480	0	2569700	141146534104	0	37375	0	149612771336	98890064	210789111	2363155	67	5262	1	13
1677889860	939	1268392	1272316	0	2510312	141431210783	0	37375	0	149914606755	99089563	211241343	2368217	68	5274	1	13
1677889862	941	1272644	1276568	0	2560496	141671164565	0	37375	0	150169024424	99257732	211603034	2372261	68	5287	1	13
1677889864	943	1274996	1278920	0	2494960	141947355689	0	37375	0	150461862897	99451287	212001155	2376721	68	5299	1	13
1677889866	945	1280724	1284648	0	2572484	142219189327	0	37375	0	150750076121	99641745	212388749	2381155	68	5312	1	13
1677889868	947	1258168	1262092	0	2501012	142481583933	0	37375	0	151028432096	99825755	212757083	2385207	68	5324	1	13
1677889870	949	1281012	1284936	0	2566548	142738559450	0	37375	0	151300902363	100005833	213087710	2388929	68	5337	1	13
1677889872	951	1272724	1276648	0	2566548	142975563679	0	37375	0	151552042670	100171834	213385846	2392242	68	5348	1	13
1677889874	953	1266696	1270620	0	2566548	143230621069	0	37375	0	151822474219	100350580	213760282	2396431	68	5360	1	13
1677889876	955	1259864	1263788	0	2530240	143499870410	0	37375	0	152107952511	100539273	214191987	2401288	69	5372	1	13
1677889878	957	1267804	1271728	0	2503456	143769693986	0	37375	0	152394213413	100728529	214622542	2406058	69	5384	1	13
1677889880	959	1260964	1264888	0	2503456	144040598602	0	37375	0	152681304331	100918290	215011434	2410416	69	5396	1	13
1677889882	961	1282364	1286288	0	2545516	144320184958	0	37375	0	152977720154	101114210	215378021	2414497	69	5408	1	13
1677889884	963	1281292	1285216	0	2574316	144605814400	0	37375	0	153280568790	101314410	215735356	2418433	69	5420	1	13
1677889886	965	1269480	1273404	0	2508780	144890237384	0	37375	0	153582136571	101513747	216095518	2422419	69	5432	1	13
1677889888	967	1240448	1244372	0	2512656	145166409682	0	37375	0	153874956841	101707306	216487125	2426767	69	5443	1	13
1677889890	969	1282012	1285936	0	2567784	145452309659	0	37375	0	154178086610	101907643	216859467	2430938	69	5455	1	13
1677889892	971	1272692	1276616	0	2503824	145751305868	0	37375	0	154495108900	102117217	217328500	2436150	70	5467	1	13
1677889894	973	1278248	1282172	0	2569360	146015250514	0	37375	0	154774962835	102302193	217681912	2440090	70	5480	1	13
1677889896	975	1259884	1263808	0	2494644	146284624907	0	37375	0	155060579450	102491024	218134187	2445080	70	5490	1	13
1677889898	977	1262920	1266844	0	2494644	146560316130	0	37375	0	155352890010	102684251	218564062	2449879	70	5501	1	13
1677889900	979	1278808	1282732	0	2560180	146846864768	0	37375	0	155656708081	102885048	218965354	2454387	70	5513	1	13
1677889902	981	1278304	1282228	0	2530384	147112485654	0	37375	0	155938341155	103071215	219345779	2458611	70	5525	1	13
1677889904	983	1269848	1273772	0	2559680	147376502483	0	37375	0	156218538974	103256449	219686982	2462410	70	5537	1	13
1677889906	985	1275192	1279116	0	2508120	147651520760	0	37375	0	156509894315	103449054	220097849	2466961	71	5547	1	13
1677889908	987	1286760	1290684	0	2573656	147921031763	0	37375	0	156795885365	103638102	220486685	2471313	71	5559	1	13
1677889910	989	1290580	1294504	0	2569272	148208934250	0	37375	0	157100883681	103839670	220873170	2475598	71	5570	1	13
1677889912	991	1295496	1299420	0	2569272	148505913056	0	37375	0	157415877768	104047920	221303739	2480343	71	5582	1	13
1677889914	993	1324184	1328108	0	2570752	148848659267	0	37375	0	157779175724	104288063	221785892	2485699	71	5593	1	13
1677889916	995	1322968	1326892	0	2569036	149176828148	0	37375	0	158127137470	104518144	222255534	2490821	71	5602	1	13
1677889918	997	1331388	1335312	0	2569036	149492618519	0	37375	0	158461969894	104739526	222686608	2495518	71	5612	1	13
1677889920	999	1331688	1335612	0	2569036	149853227006	0	37375	0	158844322162	104992300	223164797	2500767	72	5622	1	13
1677889922	1001	1331688	1335612	0	2569036	149987206690	0	37375	0	158986379292	105086207	223317569	2502451	72	5626	1	13
1677889924	1003	1323056	1326980	0	2530920	150327313199	0	37375	0	159346991532	105324617	223755607	2507202	72	5635	1	13
1677889926	1005	1338652	1342576	0	2560216	150669361695	0	37375	0	159709669109	105564424	224260537	2512746	72	5645	1	13
1677889928	1007	1299444	1303368	0	2504764	151000003357	0	37375	0	160060249659	105796237	224748343	2518084	72	5654	1	13
1677889930	1009	1241824	1245748	0	2373692	151282342195	0	37375	0	160359682557	105994247	225136326	2522284	73	5663	1	13
1677889932	1011	1241828	1245752	0	2373692	151584473562	0	37375	0	160679964682	106205992	225539246	2526657	73	5672	1	13
1677889934	1013	1241828	1245752	0	2373692	151918514483	0	37375	0	161034144909	106440138	226034866	2532119	74	5682	1	13
1677889936	1015	1243876	1247800	0	2439228	152244858985	0	37375	0	161380170482	106668942	226515094	2537361	74	5692	1	13
1677889938	1017	1241828	1245752	0	2373692	152565919308	0	37375	0	161720587470	106893996	226944129	2542080	75	5702	1	13
1677889940	1019	1241828	1245752	0	2373692	152870765601	0	37375	0	162043882732	107107751	227359634	2546618	75	5711	1	13
1677889942	1021	1241828	1245752	0	2373692	153219460445	0	37375	0	162413538366	107352169	227878489	2552269	76	5722	1	13
1677889944	1023	1241832	1245756	0	2373692	153550615648	0	37375	0	162764661842	107584321	228385060	2557819	76	5732	1	13
1677889946	1025	1241832	1245756	0	2373692	153822863408	0	37375	0	163053326903	107775185	228748589	2561761	77	5741	1	13
1677889948	1027	1241832	1245756	0	2373692	153963742358	0	37375	0	163202701042	107873953	228959117	2564030	77	5746	1	13
1677889950	1029	1241832	1245756	0	2373692	154302278392	0	37375	0	163561651248	108111290	229446529	2569357	77	5756	1	13
1677889952	1031	1241832	1245756	0	2373692	154628789857	0	37375	0	163907849516	108340166	229909768	2574427	78	5766	1	13
1677889954	1033	1241832	1245756	0	2373692	154972463427	0	37375	0	164272242217	108581056	230457960	2580515	78	5776	1	13
1677889956	1035	1241832	1245756	0	2373692	155293671664	0	37375	0	164612929284	108806329	230915039	2585487	79	5786	1	13
1677889958	1037	1241832	1245756	0	2373692	155597836138	0	37375	0	164935324083	109019463	231369144	2590454	79	5796	1	13
1677889960	1039	1241832	1245756	0	2373692	155927995654	0	37375	0	165285391258	109250913	231855791	2595797	80	5806	1	13
1677889962	1041	1241832	1245756	0	2373692	156230597568	0	37375	0	165606237748	109463038	232322602	2600998	80	5815	1	13
1677889964	1043	1241832	1245756	0	2373692	156524448076	0	37375	0	165917807460	109669043	232778683	2606004	81	5825	1	13
1677889966	1045	1241832	1245756	0	2373692	156863292396	0	37375	0	166277082682	109906577	233290829	2611641	81	5835	1	13
1677889968	1047	1241832	1245756	0	2373692	157201880430	0	37375	0	166636085625	110143925	233804198	2617286	82	5845	1	13
1677889970	1049	1241832	1245756	0	2373692	157528226305	0	37375	0	166982110469	110372756	234253231	2622173	82	5855	1	13
1677889972	1051	1241832	1245756	0	2373692	157750455021	0	37375	0	167217742917	110528538	234568713	2625560	82	5863	1	13
1677889974	1053	1241832	1245756	0	2373692	158045592892	0	37375	0	167530674756	110735418	235002985	2630355	83	5871	1	13
1677889976	1055	1241832	1245756	0	2373692	158371978476	0	37375	0	167876735956	110964183	235423620	2635012	83	5882	1	13
1677889978	1057	1241832	1245756	0	2373692	158701908517	0	37375	0	168226559450	111195465	235895352	2640159	84	5892	1	13
1677889980	1059	1241832	1245756	0	2373692	159023398595	0	37375	0	168567743364	111421055	236378585	2645444	84	5901	1	13
1677889982	1061	1241832	1245756	0	2373692	159330922005	0	37375	0	168893502126	111636433	236825420	2650345	85	5911	1	13
1677889984	1063	1241832	1245756	0	2373692	159596622597	0	37375	0	169175226010	111822713	237215049	2654550	85	5919	1	13
1677889986	1065	1241832	1245756	0	2373692	159874369110	0	37375	0	169469718851	112017411	237609821	2658885	86	5928	1	13
1677889988	1067	1241832	1245756	0	2373692	160187938796	0	37375	0	169802196011	112237233	238072241	2663963	86	5938	1	13
1677889990	1069	1241832	1245756	0	2373692	160522613552	0	37375	0	170157049633	112471839	238555007	2669276	87	5948	1	13
1677889992	1071	1241832	1245756	0	2373692	160832890692	0	37375	0	170486036694	112689359	239018050	2674330	87	5957	1	13
1677889994	1073	1241832	1245756	0	2373692	161151204903	0	37375	0	170823543184	112912493	239469640	2679301	88	5968	1	13
1677889996	1075	1241832	1245756	0	2373692	161430994099	0	37375	0	171120204326	113108652	239893041	2683948	88	5976	1	13
1677889998	1077	1241832	1245756	0	2373692	161700849163	0	37375	0	171406332515	113297843	240283421	2688201	88	5985	1	13
1677890000	1079	1241832	1245756	0	2373692	162003884355	0	37375	0	171727638925	113510267	240700601	2692759	89	5994	1	13
1677890002	1081	1241832	1245756	0	2373692	162294349645	0	37375	0	172035620596	113713914	241129974	2697455	89	6003	1	13
1677890004	1083	1241832	1245756	0	2373692	162614969306	0	37375	0	172375572141	113938671	241580292	2702392	90	6013	1	13
1677890006	1085	1241832	1245756	0	2373692	162920108653	0	37375	0	172699108230	114152560	242031761	2707379	90	6022	1	13
1677890008	1087	1241832	1245756	0	2373692	163182874912	0	37375	0	172977719225	114336769	242410758	2711492	91	6031	1	13
1677890010	1089	1241832	1245756	0	2373692	163468926580	0	37375	0	173281022649	114537317	242805306	2715801	91	6040	1	13
1677890012	1091	1241852	1245776	0	2373692	163781577458	0	37375	0	173612658314	114756567	243217913	2720354	92	6049	1	13
1677890014	1093	1241852	1245776	0	2373692	164108610532	0	37375	0	173959275347	114985724	243678942	2725378	92	6059	1	13
1677890016	1095	1241852	1245776	0	2373692	164423399148	0	37375	0	174293046762	115206417	244138410	2730386	92	6069	1	13
1677890018	1097	1241852	1245776	0	2373692	164763664856	0	37375	0	174653829004	115444944	244631982	2735781	93	6079	1	13
1677890020	1099	1241852	1245776	0	2373692	165091951153	0	37375	0	175001909045	115675071	245120357	2741159	93	6089	1	13
1677890022	1101	1241852	1245776	0	2373692	165415248049	0	37375	0	175344706711	115901756	245591093	2746255	94	6099	1	13
1677890024	1103	1241852	1245776	0	2373692	165745572545	0	37375	0	175694945752	116133294	246067868	2751531	94	6109	1	13
1677890026	1105	1241852	1245776	0	2373692	166058797926	0	37375	0	176027056720	116352862	246597689	2757313	95	6119	1	13
1677890028	1107	1241852	1245776	0	2373692	166385814056	0	37375	0	176373848876	116582125	247095607	2762749	95	6129	1	13
1677890030	1109	1241852	1245776	0	2373692	166713220333	0	37375	0	176720997601	116811651	247597719	2768248	96	6139	1	13
1677890032	1111	1241852	1245776	0	2373692	167043934622	0	37375	0	177071651063	117043470	248048100	2773186	96	6149	1	13
1677890034	1113	1241852	1245776	0	2373692	167332909935	0	37375	0	177378061235	117246064	248481328	2777931	97	6158	1	13
1677890036	1115	1241852	1245776	0	2373692	167636685291	0	37375	0	177700145505	117459026	248899887	2782504	97	6168	1	13
1677890038	1117	1241852	1245776	0	2373692	167945659830	0	37375	0	178027751834	117675637	249381017	2787766	98	6177	1	13
1677890040	1119	1241852	1245776	0	2373692	168276850088	0	37375	0	178378909656	117907786	249892729	2793418	98	6187	1	13
1677890042	1121	1241852	1245776	0	2373692	168619707066	0	37375	0	178742716421	118148340	250379092	2798764	99	6198	1	13
1677890044	1123	1241852	1245776	0	2373692	168898970918	0	37375	0	179038540979	118343873	250779208	2803180	99	6207	1	13
1677890046	1125	1241852	1245776	0	2373692	169222613974	0	37375	0	179381955164	118570956	251276403	2808591	100	6216	1	13
1677890048	1127	1241852	1245776	0	2373692	169559636986	0	37375	0	179739065483	118807011	251777488	2814022	100	6227	1	13
1677890050	1129	1241852	1245776	0	2373692	169866408655	0	37375	0	180064333256	119022050	252228231	2818967	100	6236	1	13
1677890052	1131	1242788	1246712	0	2373692	170196542823	0	37375	0	180414373616	119253480	252679644	2823871	101	6246	1	13
1677890054	1133	1242788	1246712	0	2373692	170537021140	0	37375	0	180775382162	119492166	253173688	2829276	101	6256	1	13
1677890056	1135	1242788	1246712	0	2373692	170874924589	0	37375	0	181133656886	119729012	253666343	2834723	102	6267	1	13
1677890058	1137	1242788	1246712	0	2373692	171216285781	0	37375	0	181495599741	119968299	254194547	2840537	102	6277	1	13
1677890060	1139	1242788	1246712	0	2373692	171543322288	0	37375	0	181842355101	120197556	254712576	2846261	103	6287	1	13
1677890062	1141	1242788	1246712	0	2373692	171826527813	0	37375	0	182142638393	120396094	255144895	2850997	103	6296	1	13
1677890064	1143	1242788	1246712	0	2373692	172149340223	0	37375	0	182484913289	120622365	255589824	2855875	104	6306	1	13
1677890066	1145	1242788	1246712	0	2373692	172490931164	0	37375	0	182847103182	120861824	256058973	2861017	104	6316	1	13
1677890068	1147	1242788	1246712	0	2373692	172828582526	0	37375	0	183205112666	121098509	256620334	2867208	105	6327	1	13
1677890070	1149	1242788	1246712	0	2373692	173138935421	0	37375	0	183534179277	121316078	257114801	2872664	105	6336	1	13
1677890072	1151	1242788	1246712	0	2373692	173401099971	0	37375	0	183812157536	121499903	257475976	2876564	106	6345	1	13
1677890074	1153	1251848	1255772	0	2373692	173742442779	0	37375	0	184174085991	121739205	258029150	2882669	106	6355	1	13
1677890076	1155	1251848	1255772	0	2373692	174081560836	0	37375	0	184533798050	121977071	258556408	2888418	107	6365	1	13
1677890078	1157	1251848	1255772	0	2373692	174349186243	0	37375	0	184817410379	122164517	258930901	2892635	107	6374	1	13
1677890080	1159	1251848	1255772	0	2373692	174541755733	0	37375	0	185021596451	122299559	259219979	2895704	107	6380	1	13
1677890082	1161	1251848	1255772	0	2373692	174864620329	0	37375	0	185363929169	122525894	259671267	2900612	108	6390	1	13
1677890084	1163	1251848	1255772	0	2373692	175169390625	0	37375	0	185687077867	122739559	260127413	2905581	108	6399	1	13
1677890086	1165	1251848	1255772	0	2373692	175499726079	0	37375	0	186037323964	122971063	260625090	2911176	109	6409	1	13
1677890088	1167	1251848	1255772	0	2373692	175829479545	0	37375	0	186386958770	123202209	261128500	2916718	109	6420	1	13
1677890090	1169	1251848	1255772	0	2373692	176150906199	0	37375	0	186727955453	123427660	261616083	2922082	110	6430	1	13
1677890092	1171	1251848	1255772	0	2373692	176503717185	0	37375	0	187101849116	123674843	262202881	2928543	110	6440	1	13
1677890094	1173	1251848	1255772	0	2373692	176832085188	0	37375	0	187450020434	123905060	262706375	2934052	111	6451	1	13
1677890096	1175	1251848	1255772	0	2373692	177134277319	0	37375	0	187770433076	124116892	263152065	2938919	111	6460	1	13
1677890098	1177	1251848	1255772	0	2373692	177484822956	0	37375	0	188142112120	124362600	263636558	2944261	112	6470	1	13
1677890100	1179	1253924	1257848	0	2379388	177592310353	0	39616	4096	188256152857	124437977	263764846	2945716	112	6476	1	13
1677890102	1181	1351388	1355312	0	2514628	177592319440	0	335669	303104	188256153557	124437986	263766483	2945729	112	6478	1	13
