Time	wtime	pss	rss	swap	vmem	rchar	read_bytes	wchar	write_bytes	rx_bytes	rx_packets	tx_bytes	tx_packets	stime	utime	nprocs	nthreads
1677698245	1	354378	358488	0	507800	2671090	0	34504	0	60	1	0	0	0	0	1	1
1677698247	3	534891	540060	0	1138408	45850465	0	36373	0	170296	151	12043	69	0	1	1	6
1677698249	5	599311	604480	0	1263780	48015089	0	36419	0	170812	159	13087	77	0	3	1	6
1677698251	7	621343	626512	0	1285740	48015089	0	36419	0	171136	162	13883	82	0	5	1	6
1677698253	9	652427	657596	0	1315416	48015089	0	36465	0	171427	166	15018	90	0	7	1	6
1677698255	11	659431	664600	0	1322388	48015089	0	36465	0	171652	169	15825	96	0	9	1	6
1677698257	13	680619	685788	0	1519160	48836196	0	37065	0	1050085	849	48342	315	0	11	1	6
1677698259	15	697107	702276	0	1594240	49110111	0	37265	0	1343912	1085	61120	406	0	13	1	6
1677698261	17	1288627	1293796	0	3036168	192885068	0	37347	0	153814405	102253	565595	5385	0	16	1	21
1677698263	19	1376399	1381568	0	3042892	355214484	0	37347	0	325969024	216574	1163308	11275	0	19	1	21
1677698265	21	1394775	1399944	0	2679440	573624788	0	37347	0	557594362	370328	1947146	19007	0	22	1	21
1677698267	23	1455935	1461104	0	2911476	1005313668	0	37363	0	1015368665	673781	3350400	32974	1	30	1	21
1677698269	25	1513127	1518296	0	2913568	1430465627	0	37379	0	1466211368	972648	4662144	45795	1	38	1	21
1677698271	27	1587891	1593060	0	3102256	1870643166	0	37379	0	1932967963	1281825	5838710	57379	1	45	1	21
1677698273	29	1626163	1631332	0	3090356	2329798589	0	37379	0	2419917256	1604356	7035960	69210	2	52	1	21
1677698275	31	1617863	1623032	0	3269256	2682826493	0	37379	0	2794188604	1852236	7908181	77768	2	59	1	21
1677698277	33	1453959	1459128	0	2712624	3071088270	0	37395	0	3205902644	2125057	8938486	87671	2	66	1	21
1677698279	35	1504823	1509992	0	2997672	3579887267	0	37395	0	3745551266	2482310	9947212	97509	3	72	1	21
1677698281	37	1484311	1489480	0	2872992	3849797408	0	37395	0	4031620238	2671856	10583337	103348	3	79	1	21
1677698283	39	1620415	1625584	0	3160852	4190311077	0	37395	0	4392685690	2910902	11279054	110050	3	85	1	21
1677698285	41	1620415	1625584	0	3160852	4190311698	0	37395	0	4392686955	2910910	11280410	110062	3	85	1	21
1677698287	43	1604451	1609620	0	3194056	4347502680	0	37395	0	4559370736	3021347	11615229	113121	3	87	1	21
1677698289	45	1534367	1539536	0	2940736	4873080969	0	37395	0	5116735575	3390412	12752752	124041	4	95	1	21
1677698291	47	1610455	1615624	0	3191436	5250519017	0	37395	0	5516900718	3655447	13595237	132060	4	102	1	21
1677698293	49	1499419	1504588	0	2850504	5469080248	0	37395	0	5748666079	3809057	14111104	136715	4	107	1	21
1677698295	51	1551091	1556260	0	3018124	5821920193	0	37395	0	6122796728	4056691	14809452	143549	4	111	1	21
1677698297	53	1549715	1554884	0	2868440	6326923329	0	37395	0	6658288050	4411337	15920618	154114	5	120	1	21
1677698299	55	1560883	1566052	0	3026836	6893329713	0	37411	0	7258886149	4809059	17182774	166234	5	131	1	21
1677698301	57	1542807	1547976	0	3010280	6981796078	0	37411	0	7352698787	4871260	17421873	168412	5	132	1	21
1677698303	59	1578779	1583948	0	3042488	7456539256	0	37411	0	7856091726	5204498	18387233	177823	5	141	1	21
1677698305	61	1574315	1579484	0	2942660	7832569539	0	37411	0	8254826903	5468612	19254033	185981	6	148	1	21
1677698307	63	1521411	1526580	0	2873540	8094795841	0	37411	0	8532884911	5652763	19816428	191291	6	152	1	21
1677698309	65	1521067	1526236	0	2843696	8380194554	0	37411	0	8835512485	5853175	20445076	197373	6	158	1	21
1677698311	67	1521067	1526236	0	2843696	8380194554	0	37411	0	8835516103	5853189	20447173	197391	6	158	1	21
1677698313	69	1521067	1526236	0	2843696	8380194554	0	37411	0	8835516808	5853200	20448508	197405	6	158	1	21
1677698315	71	1580619	1585788	0	3061124	8545117645	0	37411	0	9010392092	5968958	20770721	200496	6	161	1	21
1677698317	73	1587631	1592800	0	3043320	8956867783	0	37411	0	9446998025	6258088	21680220	209190	6	168	1	21
1677698319	75	1600951	1606120	0	3055492	9360632191	0	37411	0	9875152925	6541558	22559360	217554	7	176	1	21
1677698321	77	1561123	1566292	0	2955260	9631580476	0	37411	0	10162489953	6731871	23167221	223291	7	180	1	21
1677698323	79	1560059	1565228	0	2949364	10195298331	0	37411	0	10760204871	7127645	24401295	235214	7	190	1	21
1677698325	81	1592911	1598080	0	3043200	10729258023	0	37411	0	11326388079	7502452	25559617	246614	8	199	1	21
1677698327	83	1531327	1536496	0	2843696	10734383639	0	37411	0	11331838273	7506264	25655481	247186	8	200	1	21
1677698329	85	1562483	1567652	0	2873192	11132534013	0	37411	0	11754023726	7785839	26436026	254487	8	207	1	21
1677698331	87	1606455	1611624	0	3073220	11570044496	0	37411	0	12217946200	8093011	27433543	264163	8	215	1	21
1677698333	89	1601067	1606236	0	3141104	12147214215	0	37427	0	12830002018	8498209	28594642	275306	9	225	1	21
1677698335	91	1601219	1606388	0	3202752	12560304003	0	37427	0	13267977499	8788264	29477873	283625	9	233	1	21
1677698337	93	1612311	1617480	0	3202752	12683816220	0	37427	0	13398949480	8875045	29772697	286378	9	235	1	21
1677698339	95	1566307	1571476	0	2887960	13160973501	0	37427	0	13904957192	9210046	30842302	296743	9	244	1	21
1677698341	97	1564847	1570016	0	2891364	13601196094	0	37427	0	14372021058	9519257	31717439	305098	10	251	1	21
1677698343	99	1548547	1553716	0	2877096	13937219239	0	37427	0	14728059423	9755077	32454821	312071	10	258	1	21
1677698345	101	1533435	1538604	0	2843696	14304616199	0	37427	0	15117626937	10012945	33197717	319327	10	264	1	21
1677698347	103	1590463	1595632	0	3004960	14770682342	0	37427	0	15611827398	10340207	34163745	328408	10	273	1	21
1677698349	105	1603303	1608472	0	3175572	15234253683	0	37427	0	16103368885	10665536	35070053	337362	11	281	1	21
1677698351	107	1559011	1564180	0	2942824	15774816954	0	37427	0	16676561681	11045075	36176972	347848	11	290	1	21
1677698353	109	1574183	1579352	0	3141752	16005151158	0	37427	0	16920829364	11206898	36714109	352869	11	294	1	21
1677698355	111	1584575	1589744	0	3162892	16471669175	0	37427	0	17415480311	11534395	37662277	361972	11	303	1	21
1677698357	113	1594611	1599780	0	3007588	16887298559	0	37427	0	17856555283	11826595	38566797	370361	12	311	1	21
1677698359	115	1555247	1560416	0	2975852	17505608707	0	37427	0	18511886318	12260363	39855292	383007	12	321	1	21
1677698361	117	1569899	1575068	0	2974540	17689061390	0	37427	0	18706364889	12389275	40269974	386675	12	326	1	21
1677698363	119	1592571	1597740	0	3003676	18103613579	0	37427	0	19145939302	12680330	41148034	395033	12	333	1	21
1677698365	121	1592575	1597744	0	3011952	18588663499	0	37427	0	19660408167	13020980	42136159	404392	13	342	1	21
1677698367	123	1596203	1601372	0	2981244	19114032875	0	37427	0	20217342075	13389670	43224051	414998	13	351	1	21
1677698369	125	1595087	1600256	0	3004596	19480718992	0	37427	0	20606168285	13647219	44020756	422498	13	359	1	21
1677698371	127	1542859	1548028	0	2873540	20021042995	0	37443	0	21179099224	14026416	45114618	433167	14	367	1	21
1677698373	129	1587279	1592448	0	2977132	20374858286	0	37443	0	21554271697	14274840	45775302	439303	14	375	1	21
1677698375	131	1548387	1553556	0	2876884	20384763746	0	37443	0	21564788330	14281984	45867763	439880	14	376	1	21
1677698377	133	1688587	1693756	0	3231572	20774636816	0	37443	0	21978182669	14555556	46645642	447647	14	383	1	21
1677698379	135	1688587	1693756	0	3231572	20774636816	0	37443	0	21978182894	14555559	46652547	447658	14	383	1	21
1677698381	137	1654731	1659900	0	3017916	21066445571	0	37443	0	22287613586	14760545	47296138	453651	14	388	1	21
1677698383	139	1680379	1685548	0	3148988	21391299278	0	37443	0	22632083261	14988724	47988030	460028	15	394	1	21
1677698385	141	1634299	1639468	0	3017916	21955524278	0	37443	0	23232510078	15386229	49201384	471687	15	403	1	21
1677698387	143	1682667	1687836	0	3085984	22452930173	0	37443	0	23757886983	15734202	50301354	482067	15	414	1	21
1677698389	145	1673499	1678668	0	3079180	22907319284	0	37443	0	24239700154	16053184	51193530	490598	16	421	1	21
1677698391	147	1686331	1691500	0	3275788	23319300947	0	37443	0	24676557871	16342561	52086080	498812	16	431	1	21
1677698393	149	1697203	1702372	0	3278136	23605447772	0	37443	0	24979975395	16543457	52642345	504172	16	437	1	21
1677698395	151	1693159	1698328	0	3151144	23972417914	0	37443	0	25369093673	16801067	53374642	511118	16	444	1	21
1677698397	153	1697675	1702844	0	3216680	24382403627	0	37443	0	25803830421	17088975	54221493	519030	16	452	1	21
1677698399	155	1686447	1691616	0	3085608	24550143827	0	37443	0	25981696068	17206756	54549652	522098	17	454	1	21
1677698401	157	1688619	1693788	0	3216680	24945462340	0	37443	0	26400885572	17484437	55393981	529859	17	462	1	21
1677698403	159	1684395	1689564	0	2992792	25120626011	0	37443	0	26586626807	17607482	55773717	533351	17	466	1	21
1677698405	161	1686447	1691616	0	3022088	25613681064	0	37443	0	27109436037	17953561	56732313	542663	17	475	1	21
1677698407	163	1690759	1695928	0	3087624	25613795567	0	37443	0	27109557934	17953648	56733888	542678	17	476	1	21
1677698409	165	1690891	1696060	0	3087624	25792284941	0	37443	0	27298827156	18079052	57117566	546172	17	479	1	21
1677698411	167	1690547	1695716	0	3153160	26438841289	0	37443	0	27984405082	18532932	58438214	558914	18	489	1	21
1677698413	169	1678035	1683204	0	3015656	26957957666	0	37443	0	28534856752	18897424	59557561	569648	18	500	1	21
1677698415	171	1680219	1685388	0	3015920	27305881062	0	37443	0	28903792365	19141860	60365023	577113	18	507	1	21
1677698417	173	1692691	1697860	0	3085920	27825701295	0	37443	0	29454980962	19506710	61370164	586882	18	516	1	21
1677698419	175	1688503	1693672	0	3020384	28366757953	0	37459	0	30028757602	19886698	62491340	597483	19	527	1	21
1677698421	177	1696915	1702084	0	3151456	28838604493	0	37459	0	30529033012	20218005	63494578	606848	19	537	1	21
1677698423	179	1692703	1697872	0	3088204	28871231456	0	37459	0	30563634261	20240978	63587138	607631	19	538	1	21
1677698425	181	1692731	1697900	0	3088204	29084955916	0	37459	0	30790258070	20391019	64040191	612074	19	542	1	21
1677698427	183	1698971	1704140	0	3219276	29122144151	0	37459	0	30829689639	20417113	64108621	612761	19	543	1	21
1677698429	185	1692739	1697908	0	3088204	29395532649	0	37459	0	31120138652	20609492	64699502	618343	19	547	1	21
1677698431	187	1700823	1705992	0	3153740	29857627819	0	37459	0	31609566703	20933489	65644945	627358	20	555	1	21
1677698433	189	1698787	1703956	0	3088204	30236908066	0	37459	0	32012010659	21199987	66412466	634579	20	562	1	21
1677698435	191	1698795	1703964	0	3088204	30639922164	0	37459	0	32439085079	21482797	67279230	642778	20	570	1	21
1677698437	193	1707619	1712788	0	3153740	31068427495	0	37459	0	32893456687	21783671	68189703	651487	20	579	1	21
1677698439	195	1718107	1723276	0	3350348	31477866435	0	37459	0	33327619149	22071273	69075501	659631	21	588	1	21
1677698441	197	1700867	1706036	0	3088204	32039293215	0	37459	0	33923062757	22465499	70285300	671371	21	597	1	21
1677698443	199	1711439	1716608	0	3284812	32419487273	0	37459	0	34326076590	22732385	71133671	679477	21	605	1	21
1677698445	201	1690567	1695736	0	3022668	32722741306	0	37459	0	34647641243	22945393	71813463	685918	22	611	1	21
1677698447	203	1692615	1697784	0	3088204	33209214488	0	37459	0	35163473112	23286871	72791472	695314	22	620	1	21
1677698449	205	1698979	1704148	0	3219276	33676021030	0	37459	0	35658452027	23614558	73730047	704303	22	629	1	21
1677698451	207	1703319	1708488	0	3219276	33864876157	0	37459	0	35858706730	23747155	74085553	707642	22	634	1	21
1677698453	209	1703319	1708488	0	3219276	33864876157	0	37459	0	35858706955	23747158	74086360	707648	22	634	1	21
1677698455	211	1703319	1708488	0	3219276	33865016625	0	37459	0	35858857920	23747296	74092749	707701	22	634	1	21
1677698457	213	1682287	1687456	0	3017856	34221055028	0	37459	0	36236390464	23997304	74805432	714329	22	639	1	21
1677698459	215	1690723	1695892	0	3214464	34477543329	0	37475	0	36508359713	24177375	75342076	719499	23	646	1	21
1677698461	217	1682299	1687468	0	3017856	34493133538	0	37475	0	36524901632	24188476	75438018	720197	23	646	1	21
1677698463	219	1699387	1704556	0	3214464	34884679470	0	37475	0	36940074773	24463290	76184445	727401	23	653	1	21
1677698465	221	1684347	1689516	0	3017856	35037027710	0	37491	0	37101619305	24570252	76506939	730460	23	655	1	21
1677698467	223	1698003	1703172	0	3148928	35553467114	0	37507	0	37649238628	24932944	77629724	741079	23	665	1	21
1677698469	225	1684347	1689516	0	3017856	35862493261	0	37507	0	37978830729	25151175	78334712	747725	23	670	1	21
1677698471	227	1610103	1615272	0	3044816	36254544394	0	37507	0	38392750947	25425205	79149773	755622	24	679	1	21
1677698473	229	1628503	1633672	0	3044816	36254544394	0	37507	0	38392751539	25425212	79151189	755631	24	680	1	21
1677698475	231	1628503	1633672	0	3044816	36254544394	0	37507	0	38392751764	25425215	79151996	755637	24	680	1	21
1677698477	233	1628503	1633672	0	3044816	36254544394	0	37507	0	38392751989	25425218	79152803	755643	24	680	1	21
1677698479	235	1647203	1652372	0	3248888	36428247555	0	37507	0	38576948110	25547289	79540579	759034	24	683	1	21
1677698481	237	1591571	1596740	0	2974768	36590845628	0	37507	0	38749369953	25661576	79904615	762276	24	686	1	21
1677698483	239	1654511	1659680	0	3366568	37115556907	0	37507	0	39305747052	26029894	80942007	772326	24	696	1	21
1677698485	241	1609007	1614176	0	3008444	37551636148	0	37507	0	39768171304	26336380	81955377	781386	25	706	1	21
1677698487	243	1624399	1629568	0	3021912	38101285337	0	37507	0	40350995214	26722256	83014456	791432	25	717	1	21
1677698489	245	1654947	1660116	0	3196644	38446498404	0	37507	0	40717058728	26964820	83796300	798625	25	725	1	21
1677698491	247	1593619	1598788	0	2974768	38866923918	0	37507	0	41162870977	27260129	84703273	806995	25	734	1	21
1677698493	249	1645599	1650768	0	3203480	38996076506	0	37507	0	41299821526	27350837	84960797	809356	26	737	1	21
1677698495	251	1642247	1647416	0	3039760	39496496721	0	37507	0	41830450165	27702216	86018987	819403	26	747	1	21
1677698497	253	1648587	1653756	0	3046056	39898358147	0	37507	0	42256583262	27984577	86942082	827813	26	757	1	21
1677698499	255	1593623	1598792	0	2974768	40085505653	0	37507	0	42455031790	28116036	87365220	831759	26	761	1	21
1677698501	257	1630199	1635368	0	3031804	40439042469	0	37523	0	42829907089	28364142	87994572	837854	26	767	1	21
1677698503	259	1647443	1652612	0	3135156	40856271808	0	37523	0	43272327795	28657271	88949607	846661	27	777	1	21
1677698505	261	1634927	1640096	0	3032436	41259191962	0	37523	0	43699571997	28940216	89807627	854755	27	786	1	21
1677698507	263	1641147	1646316	0	3132588	41657822361	0	37523	0	44122272552	29220214	90644011	862341	27	795	1	21
1677698509	265	1640595	1645764	0	3130808	42122274846	0	37523	0	44614767676	29546415	91624270	871453	28	805	1	21
1677698511	267	1635127	1640296	0	3096080	42562349076	0	37523	0	45081411745	29855481	92583763	880427	28	814	1	21
1677698513	269	1649347	1654516	0	3135156	42961971680	0	37523	0	45505158351	30136090	93431933	888503	28	823	1	21
1677698515	271	1605051	1610220	0	3004612	43474181652	0	37523	0	46048294502	30495835	94548723	898971	28	833	1	21
1677698517	273	1650399	1655568	0	3201828	43881556643	0	37523	0	46480272913	30782048	95531601	908116	29	843	1	21
1677698519	275	1593623	1598792	0	2974768	44264611409	0	37523	0	46886455082	31051075	96361840	915863	29	851	1	21
1677698521	277	1659599	1664768	0	3306620	44589928550	0	37523	0	47231414749	31279561	97041648	922199	29	859	1	21
1677698523	279	1595767	1600936	0	3040304	44955053696	0	37523	0	47618616743	31536058	97878914	929968	29	867	1	21
1677698525	281	1643995	1649164	0	3134172	45522403340	0	37523	0	48220177796	31934304	99045723	941277	30	878	1	21
1677698527	283	1641567	1646736	0	3167976	45851021368	0	37539	0	48568640157	32165129	99814740	948402	30	887	1	21
1677698529	285	1611219	1616388	0	3008604	46231448315	0	37539	0	48972039110	32432355	100702671	956716	30	894	1	21
1677698531	287	1593623	1598792	0	2974768	46471634929	0	37555	0	49226735399	32601153	101308902	962306	31	899	1	21
1677698533	289	1627699	1632868	0	3029308	46964333420	0	37555	0	49749168998	32947014	102295679	971733	31	908	1	21
1677698535	291	1611295	1616464	0	3008676	47251840561	0	37555	0	50054046292	33149094	103016409	978341	31	916	1	21
1677698537	293	1637219	1642388	0	3102316	47760549471	0	37571	0	50593462614	33506282	104144210	989162	31	927	1	21
1677698539	295	1602187	1607356	0	3074340	48222933463	0	37571	0	51083763461	33831015	105204885	999248	32	936	1	21
1677698541	297	1646199	1651368	0	3133904	48607315010	0	37571	0	51491355082	34101009	106054249	1007164	32	946	1	21
1677698543	299	1640579	1645748	0	3101584	49026197377	0	37571	0	51935533293	34395270	106948791	1015337	32	955	1	21
1677698545	301	1653307	1658476	0	3112188	49349235711	0	37587	0	52278072994	34622110	107610218	1021577	32	962	1	21
1677698547	303	1597811	1602980	0	3008288	49837804516	0	37587	0	52796134242	34965166	108688936	1031938	33	970	1	21
1677698549	305	1638387	1643556	0	3033996	50299864889	0	37603	0	53286094203	35289708	109699908	1041407	33	980	1	21
1677698551	307	1621147	1626316	0	3016628	50302206337	0	37603	0	53288592037	35291525	109766895	1041791	33	981	1	21
1677698553	309	1661371	1666540	0	3240572	50677515520	0	37603	0	53686551951	35554989	110588130	1049794	33	989	1	21
1677698555	311	1634019	1639188	0	3062872	51088187885	0	37603	0	54122024744	35843482	111486564	1058008	34	998	1	21
1677698557	313	1600043	1605212	0	3135136	51435587346	0	37603	0	54490398294	36087460	112262841	1065362	34	1005	1	21
1677698559	315	1650811	1655980	0	3202484	51922212469	0	37603	0	55006402302	36429202	113295158	1075121	34	1015	1	21
1677698561	317	1616299	1621468	0	3140484	52382992226	0	37603	0	55495002097	36752810	114315948	1084752	34	1025	1	21
1677698563	319	1636315	1641484	0	3033908	52539763557	0	37603	0	55661560197	36863117	114614156	1087636	35	1026	1	21
1677698565	321	1593631	1598800	0	2974768	53010294243	0	37603	0	56160183858	37193453	115675955	1097377	35	1038	1	21
1677698567	323	1632623	1637792	0	3032172	53399202788	0	37619	0	56572563317	37466451	116466344	1104975	35	1045	1	21
1677698569	325	1636895	1642064	0	3126332	53770966706	0	37619	0	56966838441	37727758	117340380	1112893	35	1055	1	21
1677698571	327	1593631	1598800	0	2974768	54198943108	0	37619	0	57420604490	38028337	118281803	1121624	36	1064	1	21
1677698573	329	1646371	1651540	0	3234084	54432643435	0	37619	0	57668415261	38192472	118798353	1126496	36	1069	1	21
1677698575	331	1635155	1640324	0	3034704	54576105818	0	37619	0	57820533952	38293154	119087122	1129382	36	1072	1	21
1677698577	333	1648907	1654076	0	3131108	54981907157	0	37619	0	58250843252	38578259	120007641	1137851	36	1082	1	21
1677698579	335	1639015	1644184	0	3101940	55153567456	0	37619	0	58432860635	38698716	120319878	1140873	36	1086	1	21
1677698581	337	1639015	1644184	0	3101940	55153567456	0	37619	0	58432860785	38698718	120320937	1140879	36	1086	1	21
1677698583	339	1639015	1644184	0	3101940	55153567456	0	37619	0	58432861010	38698721	120321744	1140885	36	1086	1	21
1677698585	341	1639015	1644184	0	3101940	55153567456	0	37619	0	58432861160	38698723	120322410	1140889	36	1086	1	21
1677698587	343	1655795	1660964	0	3266500	55344224754	0	37619	0	58635033924	38832683	120732074	1144614	36	1090	1	21
1677698589	345	1614871	1620040	0	3073564	55705750499	0	37619	0	59018393771	39086681	121552520	1152119	37	1098	1	21
1677698591	347	1609859	1615028	0	3072700	56140524159	0	37619	0	59479517416	39392153	122489447	1160717	37	1107	1	21
1677698593	349	1630731	1635900	0	3032332	56661398173	0	37619	0	60031736944	39757804	123608458	1171355	37	1117	1	21
1677698595	351	1663635	1668804	0	3305828	57028102444	0	37619	0	60420581037	40015341	124396540	1178733	37	1126	1	21
1677698597	353	1652363	1657532	0	3199964	57445523156	0	37619	0	60863205462	40308525	125269631	1186827	38	1135	1	21
1677698599	355	1650487	1655656	0	3137460	57861406304	0	37619	0	61304204103	40600684	126191150	1195281	38	1144	1	21
1677698601	357	1646263	1651432	0	3194464	58131598532	0	37635	0	61590710714	40790460	126763001	1200676	38	1150	1	21
1677698603	359	1665451	1670620	0	3170004	58700207712	0	37635	0	62193643151	41189699	127942484	1211867	39	1160	1	21
1677698605	361	1613487	1618656	0	3072656	59062565618	0	37635	0	62577886185	41444295	128742850	1219114	39	1170	1	21
1677698607	363	1612899	1618068	0	3008596	59463720891	0	37651	0	63003260706	41726017	129594357	1227095	39	1177	1	21
1677698609	365	1595307	1600476	0	2974768	59771990471	0	37651	0	63330154786	41942688	130319613	1233629	39	1185	1	21
1677698611	367	1649203	1654372	0	3199068	60165521733	0	37651	0	63747434810	42218924	131069445	1240835	40	1193	1	21
1677698613	369	1646755	1651924	0	3167352	60532452563	0	37651	0	64136524119	42476685	131889192	1248409	40	1201	1	21
1677698615	371	1655131	1660300	0	3203292	60916708409	0	37651	0	64543982334	42746587	132683869	1255723	40	1210	1	21
1677698617	373	1660831	1666000	0	3333560	61085144830	0	37651	0	64722588161	42864879	133046551	1259096	40	1214	1	21
1677698619	375	1652439	1657608	0	3136872	61597421385	0	37651	0	65265795447	43224677	134170720	1269654	41	1223	1	21
1677698621	377	1611879	1617048	0	3007580	61647021052	0	37651	0	65318395236	43259591	134304457	1270849	41	1225	1	21
1677698623	379	1648239	1653408	0	3195852	61849714415	0	37651	0	65533320501	43401859	134709509	1274732	41	1229	1	21
1677698625	381	1644139	1649308	0	3071788	62292756683	0	37651	0	66003117502	43713090	135700745	1283936	41	1238	1	21
1677698627	383	1619031	1624200	0	3014912	62714163121	0	37651	0	66449972514	44009125	136636637	1292648	41	1247	1	21
1677698629	385	1651687	1656856	0	3043564	63253372164	0	37651	0	67021841070	44387787	137754063	1303250	42	1258	1	21
1677698631	387	1653667	1658836	0	3176404	63656812485	0	37651	0	67449617679	44671114	138654029	1311749	42	1266	1	21
1677698633	389	1649323	1654492	0	3197148	64024690934	0	37651	0	67839839243	44929622	139412647	1318659	42	1275	1	21
1677698635	391	1650279	1655448	0	3063300	64444222995	0	37667	0	68284485235	45224156	140300034	1326822	42	1284	1	21
1677698637	393	1650235	1655404	0	3236348	64613042556	0	37667	0	68463497647	45342725	140671949	1330375	43	1288	1	21
1677698639	395	1650235	1655404	0	3236348	64613042556	0	37667	0	68463497797	45342727	140672615	1330379	43	1288	1	21
1677698641	397	1650235	1655404	0	3236348	64613042556	0	37667	0	68463498022	45342730	140673422	1330385	43	1288	1	21
1677698643	399	1649115	1654284	0	3235320	64767247560	0	37667	0	68627013534	45451027	140994748	1333355	43	1291	1	21
1677698645	401	1595715	1600884	0	3004612	65191520444	0	37667	0	69077428439	45749400	141882966	1341435	43	1300	1	21
1677698647	403	1650743	1655912	0	3200744	65310688922	0	37667	0	69203267184	45832712	142122484	1343730	43	1303	1	21
1677698649	405	1612783	1617952	0	3008484	65389224913	0	37667	0	69286548369	45887914	142310606	1345427	43	1304	1	21
1677698651	407	1660179	1665348	0	3237816	65492655997	0	37667	0	69396213310	45960407	142455611	1347022	43	1307	1	21
1677698653	409	1660179	1665348	0	3237816	65492655997	0	37667	0	69396213977	45960415	142457499	1347034	43	1307	1	21
1677698655	411	1612879	1618048	0	3008580	65556541151	0	37667	0	69463967275	46005442	142642767	1348481	43	1308	1	21
1677698657	413	1654379	1659548	0	3077924	65921495517	0	37667	0	69850954120	46261716	143427218	1355930	43	1316	1	21
1677698659	415	1667839	1673008	0	3207180	66326079934	0	37667	0	70279959781	46545780	144271564	1364002	44	1324	1	21
1677698661	417	1678483	1683652	0	3338252	66326518354	0	37667	0	70280424839	46546090	144273004	1364015	44	1325	1	21
1677698663	419	1595311	1600480	0	3004064	66520274378	0	37667	0	70485890373	46682323	144738282	1368105	44	1330	1	21
1677698665	421	1644455	1649624	0	3103768	66844395008	0	37667	0	70829570248	46909820	145356447	1374069	44	1337	1	21
1677698667	423	1644455	1649624	0	3103768	66844395008	0	37667	0	70829570398	46909822	145357113	1374073	44	1337	1	21
1677698669	425	1612527	1617696	0	3008224	66873093530	0	37667	0	70860012923	46930133	145490900	1375079	44	1337	1	21
1677698671	427	1612527	1617696	0	3008224	66873093530	0	37667	0	70860013205	46930137	145491698	1375085	44	1337	1	21
1677698673	429	1640615	1645784	0	3099860	67040680799	0	37667	0	71037758179	47047684	145734871	1377614	44	1339	1	21
1677698675	431	1663879	1669048	0	3366360	67042102031	0	37667	0	71039214753	47048691	145752013	1377729	44	1341	1	21
1677698677	433	1663879	1669048	0	3366360	67042102031	0	37667	0	71039214903	47048693	145752679	1377733	44	1341	1	21
1677698679	435	1640551	1645720	0	3192184	67197993381	0	37667	0	71204519349	47158184	146064503	1380561	44	1345	1	21
1677698681	437	1654491	1659660	0	3139924	67601492331	0	37667	0	71632378234	47441549	146930238	1388704	44	1353	1	21
1677698683	439	1639179	1644348	0	3098496	68000095568	0	37667	0	72055047205	47721485	147764166	1396510	45	1362	1	21
1677698685	441	1609271	1614440	0	3007016	68436711570	0	37667	0	72518032109	48028232	148732756	1405397	45	1372	1	21
1677698687	443	1648443	1653612	0	3105372	68783420214	0	37667	0	72885659732	48271539	149358409	1411446	45	1380	1	21
1677698689	445	1648443	1653612	0	3105372	68783420214	0	37667	0	72885659882	48271541	149359075	1411450	45	1380	1	21
1677698691	447	1615519	1620688	0	3074704	69014570372	0	37667	0	73130777571	48434039	149918812	1416421	45	1384	1	21
1677698693	449	1612783	1617952	0	3008480	69470637227	0	37667	0	73614375007	48754275	150923327	1426085	46	1394	1	21
1677698695	451	1644627	1649796	0	3036020	69904306037	0	37667	0	74074228073	49058862	151872151	1434980	46	1402	1	21
1677698697	453	1641731	1646728	0	3102788	70377139924	0	37667	0	74575760444	49390990	152856223	1444165	46	1411	1	21
1677698699	455	1641043	1646040	0	3098028	70773871488	0	37667	0	74996297117	49669611	153719778	1451998	47	1422	1	21
1677698701	457	1656979	1661976	0	3302016	71119961030	0	37667	0	75363275842	49912584	154387435	1458308	47	1428	1	21
1677698703	459	1611247	1616244	0	3006776	71421482590	0	37667	0	75683009180	50124441	155061823	1464453	47	1434	1	21
1677698705	461	1615107	1620104	0	3010632	71697855846	0	37667	0	75976080730	50318708	155711937	1470276	47	1442	1	21
1677698707	463	1659579	1664576	0	3239160	72032823183	0	37667	0	76331259105	50553779	156325189	1476206	47	1449	1	21
1677698709	465	1653539	1658536	0	3236708	72376068553	0	37667	0	76695225676	50794811	157049118	1483040	48	1457	1	21
1677698711	467	1653443	1658440	0	3110404	72662892228	0	37667	0	76999369263	50996288	157683524	1488912	48	1463	1	21
1677698713	469	1635511	1640508	0	3096700	72994183131	0	37683	0	77350659557	51228924	158394339	1495617	48	1469	1	21
1677698715	471	1656887	1661884	0	3195872	73208324699	0	37683	0	77577730413	51379327	158854084	1499943	48	1476	1	21
1677698717	473	1632923	1637920	0	3032548	73388090411	0	37683	0	77768360353	51505719	159308517	1503935	48	1480	1	21
1677698719	475	1613015	1618012	0	3008544	73653342410	0	37683	0	78049619520	51691901	159856821	1509345	49	1484	1	21
1677698721	477	1646847	1651844	0	3189704	73689031627	0	37683	0	78087466972	51717013	159951712	1510179	49	1487	1	21
1677698723	479	1646847	1651844	0	3189704	73690122522	0	37683	0	78088627939	51717838	159980694	1510343	49	1487	1	21
1677698725	481	1646847	1651844	0	3189704	73690122522	0	37683	0	78088628344	51717844	159981681	1510352	49	1487	1	21
1677698727	483	1646847	1651844	0	3189704	73690122522	0	37683	0	78088628569	51717847	159982488	1510358	49	1487	1	21
1677698729	485	1595479	1600476	0	2974768	73706027293	0	37683	0	78105496997	51729063	160036355	1510859	49	1487	1	21
1677698731	487	1595479	1600476	0	2974768	73932196081	0	37683	0	78345323534	51887936	160585438	1516055	49	1491	1	21
1677698733	489	1595891	1600888	0	3004612	73950162108	0	37683	0	78364373533	51900545	160617260	1516388	49	1491	1	21
1677698735	491	1661075	1666072	0	3200332	74473734832	0	37699	0	78919553679	52268203	161752168	1527191	49	1502	1	21
1677698737	493	1595803	1600800	0	3004612	74928290022	0	37699	0	79402179386	52587979	162793019	1536812	49	1511	1	21
1677698739	495	1650527	1655524	0	3136820	75389670338	0	37699	0	79890792575	52911521	163767452	1545905	50	1522	1	21
1677698741	497	1659043	1664040	0	3198676	75775072681	0	37699	0	80299462295	53182172	164570341	1553417	50	1530	1	21
1677698743	499	1674679	1679676	0	3139180	76264133538	0	37699	0	80818043864	53525551	165596755	1563238	50	1540	1	21
1677698745	501	1644535	1649532	0	3189332	76584743744	0	37699	0	81158011204	53750719	166292941	1569731	50	1547	1	21
1677698747	503	1640991	1645988	0	3104232	76961556099	0	37699	0	81557572115	54015334	167136159	1577813	51	1556	1	21
1677698749	505	1621299	1626296	0	3103552	77308494073	0	37699	0	81925472067	54259085	167926525	1585091	51	1564	1	21
1677698751	507	1655831	1660828	0	3205656	77654111427	0	37699	0	82291959369	54501854	168685017	1592148	51	1572	1	21
1677698753	509	1617679	1622676	0	3033908	78073555541	0	37699	0	82736724812	54796389	169577166	1600583	51	1578	1	21
1677698755	511	1613131	1618128	0	3008652	78216745809	0	37699	0	82888671410	54897094	169888388	1603340	52	1582	1	21
1677698757	513	1649607	1654604	0	3167864	78688230748	0	37699	0	83388510701	55228072	170910582	1613151	52	1593	1	21
1677698759	515	1644327	1649324	0	3131836	79113114242	0	37699	0	83839047278	55526479	171875288	1622309	52	1602	1	21
1677698761	517	1642011	1647008	0	3226068	79507503359	0	37699	0	84257248301	55803470	172773751	1630837	52	1611	1	21
1677698763	519	1595891	1600888	0	3004612	79815626646	0	37699	0	84583979350	56019924	173452213	1637083	53	1616	1	21
1677698765	521	1646083	1651080	0	3071024	79894887883	0	37699	0	84668036905	56075744	173700655	1639217	53	1620	1	21
1677698767	523	1624307	1629304	0	3112736	80039887592	0	37699	0	84821782734	56177459	173949963	1641734	53	1622	1	21
1677698769	525	1657875	1662872	0	3178660	80411974514	0	37699	0	85216333964	56438770	174741449	1649156	53	1631	1	21
1677698771	527	1643167	1648164	0	3192488	80767601764	0	37715	0	85593440460	56688641	175521536	1656289	53	1639	1	21
1677698773	529	1648091	1653088	0	3195792	81184716292	0	37715	0	86035753255	56981645	176477946	1665144	54	1648	1	21
1677698775	531	1639671	1644668	0	3160208	81658948802	0	37715	0	86538611003	57314605	177403198	1673875	54	1658	1	21
1677698777	533	1612975	1617972	0	3008492	82039954453	0	37715	0	86942626667	57582281	178309479	1682344	54	1666	1	21
1677698779	535	1602819	1607816	0	3004612	82322294923	0	37715	0	87242409304	57780853	178914014	1688027	54	1671	1	21
1677698781	537	1595487	1600484	0	2974768	82616338422	0	37715	0	87553822119	57987240	179611304	1694235	55	1679	1	21
1677698783	539	1636055	1641052	0	3164980	83133661533	0	37715	0	88102366277	58350386	180636555	1704138	55	1690	1	21
1677698785	541	1652999	1657996	0	3048644	83518036659	0	37715	0	88509953724	58620337	181454472	1711785	55	1697	1	21
1677698787	543	1646743	1651740	0	3105776	83854198812	0	37715	0	88866413069	58856521	182190372	1718435	55	1706	1	21
1677698789	545	1675627	1680624	0	3134192	84282082521	0	37715	0	89320135533	59157100	183139043	1727236	56	1715	1	21
1677698791	547	1718543	1723540	0	3329332	84489583098	0	37715	0	89540156032	59302719	183543461	1731094	56	1719	1	21
1677698793	549	1718543	1723540	0	3329332	84489855602	0	37715	0	89540449882	59302943	183552589	1731153	56	1719	1	21
1677698795	551	1679811	1684808	0	3144964	84822299852	0	37715	0	89892996615	59536368	184213270	1737417	56	1725	1	21
1677698797	553	1702907	1707904	0	3167296	85206262701	0	37715	0	90300109075	59806057	185039631	1745044	56	1735	1	21
1677698799	555	1689031	1694028	0	3201220	85507844589	0	37715	0	90619902474	60017907	185672316	1750820	57	1739	1	21
1677698801	557	1738331	1743328	0	3367248	85867655760	0	37715	0	91001436908	60270596	186377435	1757320	57	1748	1	21
1677698803	559	1738331	1743328	0	3367248	85867655760	0	37715	0	91001437058	60270598	186378101	1757324	57	1749	1	21
1677698805	561	1681319	1686316	0	3171376	85873433876	0	37715	0	91007576791	60274836	186455736	1757789	57	1749	1	21
1677698807	563	1732679	1737676	0	3301784	86007103151	0	37715	0	91149308490	60368598	186696268	1760205	57	1751	1	21
1677698809	565	1724887	1729884	0	3265544	86035706269	0	37715	0	91179643232	60388757	186790180	1761007	57	1753	1	21
1677698811	567	1742843	1747840	0	3369588	86424395350	0	37715	0	91591798482	60661713	187600847	1768598	57	1761	1	21
1677698813	569	1742843	1747840	0	3369588	86424395350	0	37715	0	91591798707	60661716	187601654	1768604	57	1761	1	21
1677698815	571	1726431	1731428	0	3237808	86564896295	0	37715	0	91740785972	60760439	187894198	1771214	57	1763	1	21
1677698817	573	1726431	1731428	0	3237808	86571912260	0	37715	0	91748225153	60765360	187904184	1771326	57	1764	1	21
1677698819	575	1674287	1679284	0	3105840	86730393387	0	37715	0	91916286968	60876837	188304254	1774858	57	1767	1	21
1677698821	577	1742291	1747288	0	3399716	87078571156	0	37715	0	92285491490	61121430	189056593	1781769	58	1774	1	21
1677698823	579	1733695	1738692	0	3396332	87419030119	0	37715	0	92646505051	61360522	189794309	1788638	58	1781	1	21
1677698825	581	1726655	1731652	0	3325352	87792737214	0	37715	0	93042775093	61622969	190649254	1796869	58	1788	1	21
1677698827	583	1757887	1762884	0	3400000	88147097826	0	37715	0	93418536282	61871917	191409159	1803769	58	1796	1	21
1677698829	585	1699379	1704376	0	3205084	88602610046	0	37715	0	93901613397	62191836	192390563	1813104	59	1804	1	21
1677698831	587	1750511	1755508	0	3375180	88891447286	0	37715	0	94207822302	62394625	193053280	1819505	59	1812	1	21
1677698833	589	1727971	1732968	0	3292036	89228118794	0	37715	0	94564821324	62631080	193786482	1826374	59	1818	1	21
1677698835	591	1732279	1737276	0	3239972	89624442190	0	37715	0	94985077268	62909478	194629360	1834095	59	1827	1	21
1677698837	593	1736483	1741480	0	3428628	90009303528	0	37715	0	95393177423	63179801	195466259	1841895	60	1833	1	21
1677698839	595	1701363	1706360	0	3211260	90409759360	0	37715	0	95817813533	63461078	196278565	1849329	60	1842	1	21
1677698841	597	1751095	1756092	0	3308592	90763101220	0	37715	0	96192489791	63709253	197034097	1856355	60	1850	1	21
1677698843	599	1760811	1765808	0	3443088	91049521142	0	37715	0	96496205820	63910454	197642222	1861916	60	1856	1	21
1677698845	601	1760811	1765808	0	3443088	91049521142	0	37715	0	96496206431	63910463	197643513	1861929	60	1856	1	21
1677698847	603	1726463	1731460	0	3224880	91384389071	0	37715	0	96851291430	64145638	198383877	1868902	61	1861	1	21
1677698849	605	1733499	1738496	0	3236800	91794622906	0	37715	0	97286301780	64433856	199296048	1877220	61	1872	1	21
1677698851	607	1699619	1704616	0	3139404	92272580965	0	37715	0	97793238577	64769614	200347038	1887048	61	1879	1	21
1677698853	609	1735327	1740324	0	3369256	92515032488	0	37715	0	98050209612	64939847	200881093	1892019	61	1886	1	21
1677698855	611	1691995	1696992	0	3201220	92857672153	0	37715	0	98413538907	65180512	201601874	1898718	62	1892	1	21
1677698857	613	1729803	1734800	0	3266876	93265403270	0	37715	0	98845894186	65466965	202539836	1907392	62	1901	1	21
1677698859	615	1731247	1736244	0	3367788	93621511394	0	37715	0	99223504591	65717092	203285932	1914317	62	1909	1	21
1677698861	617	1727863	1732860	0	3267004	94035104864	0	37715	0	99662070609	66007582	204179449	1922609	62	1917	1	21
1677698863	619	1693091	1698088	0	3139408	94359091455	0	37715	0	100005621859	66235168	204859208	1928877	63	1923	1	21
1677698865	621	1738223	1743220	0	3241412	94778670907	0	37715	0	100450539105	66529918	205758186	1937084	63	1932	1	21
1677698867	623	1683687	1688684	0	3171376	95193056261	0	37715	0	100889942850	66820933	206584179	1944679	63	1940	1	21
1677698869	625	1681771	1686768	0	3171376	95757548987	0	37715	0	101488521945	67217449	207826168	1956214	64	1952	1	21
1677698871	627	1752507	1757504	0	3271488	96199399877	0	37715	0	101957049550	67527759	208776241	1965179	64	1960	1	21
1677698873	629	1740071	1745068	0	3364168	96469559820	0	37715	0	102243528737	67717603	209407221	1970943	64	1967	1	21
1677698875	631	1677539	1682536	0	3105840	96806692321	0	37715	0	102601022021	67954461	210130464	1977595	64	1974	1	21
1677698877	633	1681819	1686816	0	3135136	97250112841	0	37715	0	103071220715	68265959	211124934	1986776	64	1983	1	21
1677698879	635	1730347	1735344	0	3235104	97690855583	0	37715	0	103538623119	68575469	211997342	1994983	65	1990	1	21
1677698881	637	1753755	1758752	0	3373200	98096276981	0	37715	0	103968477888	68860295	212930573	2003517	65	2000	1	21
1677698883	639	1740219	1745216	0	3401196	98488518162	0	37715	0	104384412602	69135914	213803316	2011531	65	2007	1	21
1677698885	641	1737403	1742400	0	3325792	98814037922	0	37715	0	104729588760	69364561	214508524	2017959	66	2014	1	21
1677698887	643	1743179	1748176	0	3304448	99128417266	0	37731	0	105062949473	69585360	215185969	2024355	66	2020	1	21
1677698889	645	1732599	1737596	0	3264636	99493611566	0	37731	0	105450203211	69841981	215998761	2031725	66	2027	1	21
1677698891	647	1724195	1729192	0	3230988	99882153635	0	37731	0	105862203583	70114849	216846186	2039643	66	2034	1	21
1677698893	649	1742551	1747548	0	3238480	100255901866	0	37731	0	106258524699	70377440	217705404	2047557	67	2042	1	21
1677698895	651	1696479	1701476	0	3266756	100727067056	0	37731	0	106758135901	70708328	218709199	2056957	67	2050	1	21
1677698897	653	1716971	1721968	0	3215996	101036081297	0	37731	0	107085815892	70925473	219455331	2063871	67	2057	1	21
1677698899	655	1735163	1740160	0	3298328	101437706456	0	37731	0	107511685693	71207483	220282103	2071666	67	2066	1	21
1677698901	657	1736539	1741536	0	3177928	101750009018	0	37731	0	107842860406	71427044	221017462	2078149	68	2073	1	21
1677698903	659	1757007	1762004	0	3318020	102125928348	0	37731	0	108241479887	71691103	221846005	2085849	68	2080	1	21
1677698905	661	1770519	1775516	0	3208160	102479517715	0	37731	0	108616424288	71939528	222654245	2093326	68	2087	1	21
1677698907	663	1761831	1766828	0	3232788	102980482566	0	37731	0	109147636337	72291374	223758949	2103710	68	2098	1	21
1677698909	665	1762155	1767152	0	3203892	103312922975	0	37731	0	109500155054	72524947	224488747	2110413	69	2105	1	21
1677698911	667	1769443	1774440	0	3270432	103789240344	0	37731	0	110005384444	72859591	225482248	2119646	69	2113	1	21
1677698913	669	1758223	1763220	0	3197904	104209307632	0	37731	0	110450734205	73154630	226410795	2128213	69	2122	1	21
1677698915	671	1766683	1771680	0	3324328	104561878190	0	37747	0	110824527020	73402228	227173396	2135251	70	2129	1	21
1677698917	673	1803859	1808856	0	3442560	104882274222	0	37747	0	111164275469	73627361	227856157	2141371	70	2137	1	21
1677698919	675	1766599	1771596	0	3301896	105248126773	0	37747	0	111552237627	73884524	228731224	2149184	70	2144	1	21
1677698921	677	1821323	1826320	0	3401200	105706706773	0	37747	0	112038503595	74206635	229653180	2157645	70	2153	1	21
1677698923	679	1867067	1872064	0	3548580	106040541747	0	37747	0	112392496595	74441118	230374134	2164297	71	2159	1	21
1677698925	681	1793499	1798496	0	3232584	106190887938	0	37747	0	112551940211	74546984	230791287	2167697	71	2162	1	21
1677698927	683	1802979	1807976	0	3363656	106659050811	0	37747	0	113048371634	74875812	231781881	2176912	71	2170	1	21
1677698929	685	1874611	1879608	0	3351912	107016700225	0	37763	0	113427622115	75127098	232550722	2183884	71	2178	1	21
1677698931	687	1882707	1887704	0	3351912	107368095241	0	37763	0	113800244401	75374035	233346324	2191053	72	2184	1	21
1677698933	689	1834691	1839688	0	3327416	107706335093	0	37763	0	114158912514	75611678	234069929	2197596	72	2192	1	21
1677698935	691	1848811	1853808	0	3401168	108006653258	0	37779	0	114477363961	75822610	234686619	2203331	72	2197	1	21
1677698937	693	1849295	1854292	0	3399076	108280446338	0	37779	0	114767691269	76014943	235260253	2208576	72	2202	1	21
1677698939	695	1850199	1855196	0	3350720	108627931751	0	37779	0	115136169141	76259161	236071694	2215874	72	2210	1	21
1677698941	697	1817767	1822764	0	3318156	108707450704	0	37779	0	115220492145	76315046	236254259	2217526	72	2210	1	21
1677698943	699	1851255	1856252	0	3317580	109121619118	0	37779	0	115659683843	76606159	237248463	2226463	73	2219	1	21
1677698945	701	1864183	1869180	0	3477196	109522169559	0	37779	0	116084414806	76887435	238036479	2233827	73	2227	1	21
1677698947	703	1822871	1827868	0	3322748	109846203678	0	37795	0	116428271869	77115340	238786495	2240489	73	2232	1	21
1677698949	705	1862667	1867664	0	3352216	110214892830	0	37795	0	116818980298	77374187	239634008	2248421	74	2241	1	21
1677698951	707	1833667	1838664	0	3392904	110542235776	0	37795	0	117166213473	77604292	240415673	2255562	74	2246	1	21
1677698953	709	1864835	1869832	0	3351492	110949031035	0	37811	0	117597455645	77889954	241302200	2263848	74	2255	1	21
1677698955	711	1840963	1845960	0	3398956	111306552385	0	37827	0	117976771060	78141226	242048701	2270619	74	2260	1	21
1677698957	713	1864799	1869796	0	3401548	111794386907	0	37827	0	118493858452	78483753	243072171	2280045	75	2269	1	21
1677698959	715	1855359	1860356	0	3336012	112104138928	0	37827	0	118822332631	78701577	243845911	2286817	75	2276	1	21
1677698961	717	1864243	1869240	0	3401088	112682345265	0	37827	0	119435444498	79107603	245062468	2298332	75	2286	1	21
1677698963	719	1867071	1872068	0	3401088	113100632706	0	37827	0	119878992949	79401451	245951493	2306464	76	2293	1	21
1677698965	721	1881807	1886804	0	3663232	113253704869	0	37827	0	120041309944	79508995	246283216	2309461	76	2297	1	21
1677698967	723	1864019	1869016	0	3401264	113514070543	0	37827	0	120317399727	79691908	246810333	2314218	76	2301	1	21
1677698969	725	1867515	1872512	0	3598032	113829171154	0	37827	0	120651541950	79913446	247562434	2320902	76	2308	1	21
1677698971	727	1863443	1868440	0	3466960	114288283950	0	37843	0	121138379687	80235955	248540039	2329859	76	2316	1	21
1677698973	729	1863311	1868308	0	3401424	114647148805	0	37843	0	121518916074	80488047	249291060	2336738	77	2322	1	21
1677698975	731	1872791	1877788	0	3532496	114962739417	0	37843	0	121853572839	80709859	250031317	2343410	77	2330	1	21
1677698977	733	1864007	1869004	0	3460360	115415836331	0	37843	0	122334030133	81028126	251010529	2352457	77	2338	1	21
1677698979	735	1887635	1892632	0	3418952	115745464225	0	37843	0	122683562769	81259669	251716149	2358966	77	2343	1	21
1677698981	737	1918075	1923072	0	3550024	116119729420	0	37843	0	123080439708	81522730	252607388	2366990	78	2351	1	21
1677698983	739	1912447	1917444	0	3550024	116586301478	0	37843	0	123575179173	81850374	253602671	2376404	78	2360	1	21
1677698985	741	1903847	1908844	0	3439208	116912144884	0	37843	0	123920709485	82079399	254396378	2383601	78	2367	1	21
1677698987	743	1871115	1876112	0	3392952	117299519311	0	37843	0	124331478970	82351540	255238516	2391364	79	2375	1	21
1677698989	745	1887911	1892908	0	3398808	117623618021	0	37843	0	124675154350	82579273	255931552	2397563	79	2381	1	21
1677698991	747	1908483	1913480	0	3529880	117943859623	0	37843	0	125014733759	82804221	256624805	2403979	79	2387	1	21
1677698993	749	1896471	1901468	0	3401264	118245763892	0	37843	0	125334867253	83016275	257286095	2410145	79	2393	1	21
1677698995	751	1902739	1907736	0	3597872	118539928905	0	37843	0	125646791389	83222850	257915677	2416061	79	2399	1	21
1677698997	753	1898523	1903520	0	3401264	118904777846	0	37843	0	126033696194	83479185	258725825	2423554	80	2406	1	21
1677698999	755	1917167	1922164	0	3597872	119252472253	0	37843	0	126402359588	83723336	259510688	2430996	80	2413	1	21
1677699001	757	1908395	1913392	0	3659240	119544236329	0	37843	0	126711741855	83928280	260127121	2436659	80	2419	1	21
1677699003	759	1908743	1913740	0	3528168	119725811672	0	37843	0	126904284004	84055856	260517127	2440201	80	2422	1	21
1677699005	761	1908743	1913740	0	3528168	119738377048	0	37843	0	126917612350	84064740	260574411	2440627	80	2423	1	21
1677699007	763	1918951	1923948	0	3597956	120049208488	0	37843	0	127247207213	84282993	261254174	2447141	80	2429	1	21
1677699009	765	1904455	1909452	0	3466884	120304622762	0	37843	0	127518530306	84462797	261838973	2452469	81	2433	1	21
1677699011	767	1900363	1905360	0	3401348	120719708576	0	37843	0	127958201905	84754069	262766403	2461108	81	2442	1	21
1677699013	769	1868303	1873300	0	3532420	121196607509	0	37843	0	128463890915	85088954	263804988	2470960	81	2452	1	21
1677699015	771	1866751	1871748	0	3401348	121544114863	0	37843	0	128832388792	85333144	264563042	2477812	81	2459	1	21
1677699017	773	1871547	1876544	0	3466884	121899891398	0	37843	0	129209645832	85583005	265285864	2484440	82	2466	1	21
1677699019	775	1873411	1878408	0	3466884	122339231430	0	37843	0	129675601916	85891731	266302749	2493949	82	2475	1	21
1677699021	777	1875651	1880648	0	3466884	122811711819	0	37843	0	130176522274	86223442	267337941	2503788	82	2483	1	21
1677699023	779	1882011	1887008	0	3466884	123029108868	0	37859	0	130407047138	86376159	267814622	2508191	82	2489	1	21
1677699025	781	1884031	1889028	0	3532420	123202336663	0	37859	0	130590736211	86497856	268207545	2511866	82	2493	1	21
1677699027	783	1872259	1877256	0	3401088	123544641574	0	37859	0	130953721540	86738443	268985239	2518834	83	2500	1	21
1677699029	785	1802915	1807912	0	3302448	123879135242	0	37859	0	131308435557	86973503	269767282	2525956	83	2507	1	21
1677699031	787	1839955	1844952	0	3359912	124339534877	0	37859	0	131796605237	87296671	270647383	2534385	83	2517	1	21
1677699033	789	1802963	1807960	0	3302448	124675616638	0	37859	0	132152991737	87532857	271404177	2541241	83	2526	1	21
1677699035	791	1802963	1807960	0	3302448	124675616638	0	37859	0	132152992007	87532861	271404975	2541247	83	2526	1	21
1677699037	793	1802963	1807960	0	3302448	124675616638	0	37859	0	132152992232	87532864	271405782	2541253	83	2526	1	21
1677699039	795	1802963	1807960	0	3302448	124675616638	0	37859	0	132152992502	87532868	271406580	2541259	83	2526	1	21
1677699041	797	1858563	1863560	0	3360080	124846671767	0	37859	0	132334377466	87653035	271807646	2544987	84	2530	1	21
1677699043	799	1848603	1853600	0	3454876	125202458444	0	37859	0	132711650210	87902976	272625629	2552564	84	2538	1	21
1677699045	801	1803179	1808176	0	3302448	125591982193	0	37859	0	133124750125	88176649	273459205	2560238	84	2546	1	21
1677699047	803	1840799	1845796	0	3453304	125932686829	0	37859	0	133485978799	88415989	274252286	2567571	84	2554	1	21
1677699049	805	1811839	1816836	0	3433520	126324131488	0	37859	0	133901063672	88690994	275131015	2575691	85	2563	1	21
1677699051	807	1852083	1857080	0	3523724	126781137897	0	37859	0	134385664026	89011979	276139350	2585133	85	2574	1	21
1677699053	809	1846039	1851036	0	3494732	127051811274	0	37875	0	134672682471	89202119	276763438	2590984	85	2580	1	21
1677699055	811	1834695	1839692	0	3397728	127527902922	0	37875	0	135177521238	89536519	277785358	2600430	85	2589	1	21
1677699057	813	1803303	1808300	0	3302448	127742137218	0	37875	0	135404699238	89687106	278309432	2605207	86	2596	1	21
1677699059	815	1820671	1825668	0	3336048	128149306340	0	37875	0	135836460656	89973194	279224387	2613529	86	2604	1	21
1677699061	817	1848043	1853040	0	3427124	128649511034	0	37875	0	136366860788	90324421	280250563	2623159	86	2616	1	21
1677699063	819	1848691	1853688	0	3585584	128969367548	0	37891	0	136706032316	90549109	280927116	2629349	86	2623	1	21
1677699065	821	1837139	1842136	0	3340332	129303679927	0	37891	0	137060660322	90784054	281647369	2635997	87	2629	1	21
1677699067	823	1848683	1853680	0	3395516	129653693094	0	37891	0	137431686829	91029884	282464857	2643501	87	2638	1	21
1677699069	825	1855159	1860156	0	3462216	129999027617	0	37891	0	137797874229	91272456	283224541	2650531	87	2647	1	21
1677699071	827	1862083	1867080	0	3493772	130334659420	0	37891	0	138153782708	91508349	284050613	2658033	87	2655	1	21
1677699073	829	1860259	1865256	0	3425012	130790752686	0	37891	0	138637418388	91828743	285033121	2667097	88	2664	1	21
1677699075	831	1862679	1867676	0	3458844	131140137706	0	37891	0	139007937309	92074328	285863772	2674520	88	2673	1	21
1677699077	833	1858891	1863888	0	3429856	131466301535	0	37891	0	139353804217	92303540	286576097	2680835	88	2681	1	21
1677699079	835	1860319	1865316	0	3427124	131764982158	0	37891	0	139670534726	92513396	287277199	2687337	88	2687	1	21
1677699081	837	1866551	1871548	0	3399292	132189751610	0	37891	0	140120965971	92811932	288268822	2696253	89	2697	1	21
1677699083	839	1875139	1880136	0	3524764	132564443702	0	37891	0	140518293578	93075267	289160393	2704344	89	2706	1	21
1677699085	841	1863731	1868728	0	3458096	132878521197	0	37891	0	140851348429	93296042	289944580	2711403	89	2712	1	21
1677699087	843	1848959	1853956	0	3361588	133185119213	0	37891	0	141176530141	93511472	290588776	2717304	89	2717	1	21
1677699089	845	1848963	1853960	0	3377672	133591167479	0	37891	0	141607039339	93796784	291564170	2726252	90	2726	1	21
1677699091	847	1823855	1828852	0	3361588	133933881902	0	37891	0	141970464825	94037743	292445805	2734179	90	2734	1	21
1677699093	849	1861303	1866300	0	3454652	134331988114	0	37891	0	142392624803	94317578	293459033	2743432	90	2743	1	21
1677699095	851	1857175	1862172	0	3388764	134773869460	0	37891	0	142861200599	94628128	294479025	2752607	90	2752	1	21
1677699097	853	1825895	1830892	0	3332292	135166964093	0	37891	0	143278037841	94904321	295319756	2760219	91	2759	1	21
1677699099	855	1841887	1846884	0	3407380	135478425118	0	37891	0	143608319220	95123275	296043658	2766579	91	2766	1	21
1677699101	857	1816515	1821512	0	3302448	135817732326	0	37891	0	143968133730	95361864	296852915	2773601	91	2774	1	21
1677699103	859	1855991	1860988	0	3455072	136144077147	0	37891	0	144314195936	95591247	297618528	2780467	91	2782	1	21
1677699105	861	1870851	1875848	0	3461584	136589238567	0	37907	0	144786244379	95904028	298611576	2789516	92	2790	1	21
1677699107	863	1830523	1835520	0	3361588	136937814949	0	37907	0	145155878294	96148999	299433636	2796983	92	2797	1	21
1677699109	865	1854943	1859940	0	3424732	137232829810	0	37907	0	145468719547	96356393	300121548	2803086	92	2805	1	21
1677699111	867	1817043	1822040	0	3361588	137621612380	0	37907	0	145880992874	96629675	301022469	2811088	92	2812	1	21
1677699113	869	1861303	1866300	0	3454168	137960232955	0	37907	0	146240073277	96867702	301819847	2818218	93	2820	1	21
1677699115	871	1859831	1864828	0	3491196	138340943153	0	37907	0	146643777150	97135189	302663691	2825924	93	2827	1	21
1677699117	873	1834179	1839176	0	3336352	138539436671	0	37907	0	146854276918	97274887	303221407	2830703	93	2833	1	21
1677699119	875	1876859	1881856	0	3451828	138889369555	0	37923	0	147225343010	97520726	303992789	2837797	93	2840	1	21
1677699121	877	1878839	1883836	0	3520344	139063287712	0	37923	0	147409771062	97643004	304413752	2841546	94	2843	1	21
1677699123	879	1838987	1843984	0	3427124	139340156667	0	37923	0	147703590922	97837839	305110583	2847734	94	2849	1	21
1677699125	881	1879443	1884440	0	3389244	139707682982	0	37923	0	148093101308	98095957	305982496	2855679	94	2856	1	21
1677699127	883	1836019	1841016	0	3433520	140033308206	0	37923	0	148438408709	98324955	306813385	2863058	94	2863	1	21
1677699129	885	1876267	1881264	0	3426548	140352185297	0	37923	0	148776542773	98548959	307515632	2869532	94	2870	1	21
1677699131	887	1836119	1841116	0	3397280	140355753985	0	37923	0	148780343777	98551697	307615815	2870106	94	2870	1	21
1677699133	889	1879391	1884388	0	3490872	140769338233	0	37939	0	149218908887	98842297	308604637	2879279	95	2878	1	21
1677699135	891	1875847	1880844	0	3427124	141139578130	0	37939	0	149611523604	99102608	309525473	2887484	95	2886	1	21
1677699137	893	1837263	1842260	0	3367984	141454147849	0	37939	0	149945099393	99323715	310286295	2894389	95	2892	1	21
1677699139	895	1837599	1842596	0	3397828	141822137968	0	37939	0	150335427625	99582583	311236158	2902854	96	2899	1	21
1677699141	897	1841543	1846540	0	3433520	142158086576	0	37955	0	150691577830	99818626	312004817	2909625	96	2907	1	21
1677699143	899	1846655	1851652	0	3397828	142531905626	0	37955	0	151087978045	100081316	312861409	2917440	96	2913	1	21
1677699145	901	1879927	1884924	0	3585048	142831610868	0	37955	0	151405801084	100292115	313616090	2924067	96	2921	1	21
1677699147	903	1863151	1868148	0	3414328	143213939576	0	37955	0	151811234324	100560912	314572819	2932635	97	2928	1	21
1677699149	905	1873807	1878804	0	3429952	143574534263	0	37971	0	152193611829	100814314	315390160	2940049	97	2935	1	21
1677699151	907	1837271	1842268	0	3367984	143911049952	0	37971	0	152550486157	101050927	316210707	2947393	97	2943	1	21
1677699153	909	1837271	1842268	0	3367984	144250803882	0	37987	0	152910893394	101289811	316995529	2954329	97	2950	1	21
1677699155	911	1853579	1858576	0	3400528	144589169330	0	37987	0	153269559064	101527619	317805116	2961458	98	2957	1	21
1677699157	913	1887035	1892032	0	3463404	144936691601	0	37987	0	153638080414	101771922	318617272	2968595	98	2965	1	21
1677699159	915	1854819	1859816	0	3427124	145278153535	0	38003	0	154000171630	102011913	319412821	2975782	98	2972	1	21
1677699161	917	1875867	1880864	0	3454936	145650562561	0	38003	0	154395079950	102273660	320309153	2983889	98	2980	1	21
1677699163	919	1859127	1864124	0	3492660	146044184328	0	38003	0	154812482316	102550307	321198376	2991861	99	2987	1	21
1677699165	921	1888959	1893956	0	3528712	146387291569	0	38003	0	155176322087	102791514	322020094	2999163	99	2995	1	21
1677699167	923	1888155	1893152	0	3498664	146735403561	0	38003	0	155545468797	103036225	322855500	3006670	99	3002	1	21
1677699169	925	1837275	1842272	0	3367984	147039913973	0	38019	0	155868383649	103250347	323631383	3013535	99	3009	1	21
1677699171	927	1873811	1878808	0	3427124	147352934952	0	38019	0	156200321429	103470423	324386079	3020247	100	3016	1	21
1677699173	929	1854759	1859756	0	3433520	147687084546	0	38019	0	156554658360	103705277	325141464	3026999	100	3022	1	21
1677699175	931	1910427	1915424	0	3596080	148096388903	0	38019	0	156988689711	103992932	326109562	3035782	100	3030	1	21
1677699177	933	1904875	1909872	0	3500000	148364396553	0	38019	0	157272886539	104181262	326729596	3041463	100	3036	1	21
1677699179	935	1870971	1875968	0	3465968	148372939490	0	38019	0	157281963857	104187514	326847303	3042174	100	3036	1	21
1677699181	937	1876607	1881604	0	3532996	148777799523	0	38019	0	157711282416	104472046	327789739	3050741	101	3044	1	21
1677699183	939	1892059	1897056	0	3520576	149120024748	0	38019	0	158074189335	104712657	328587753	3057747	101	3050	1	21
1677699185	941	1899711	1904708	0	3558184	149470675702	0	38019	0	158446034815	104959243	329462499	3065449	101	3057	1	21
1677699187	943	1895655	1900652	0	3556136	149782247278	0	38019	0	158776484338	105178396	330251000	3072434	101	3063	1	21
1677699189	945	1892091	1897088	0	3532972	150183338562	0	38019	0	159201778569	105460350	331234725	3081162	102	3070	1	21
1677699191	947	1913007	1918004	0	3580100	150301488482	0	38019	0	159327075160	105543510	331558600	3083963	102	3073	1	21
1677699193	949	1874423	1879420	0	3528352	150533985937	0	38019	0	159574327481	105707671	332202500	3089319	102	3077	1	21
1677699195	951	1913003	1918000	0	3558196	150832841160	0	38019	0	159890549756	105917235	332913453	3095755	102	3083	1	21
1677699197	953	1889623	1894620	0	3532544	151129650378	0	38035	0	160205296336	106125919	333610120	3101911	102	3088	1	21
1677699199	955	1924399	1929396	0	3594696	151326130452	0	38035	0	160413655053	106264127	334107691	3106257	103	3092	1	21
1677699201	957	1883799	1888796	0	3528900	151625463840	0	38035	0	160731083059	106474642	334785315	3111954	103	3097	1	21
1677699203	959	1918399	1923396	0	3623732	151849193690	0	38035	0	160968344771	106632094	335396113	3117162	103	3102	1	21
1677699205	961	1875555	1880552	0	3499056	152218710329	0	38051	0	161360196953	106891954	336289822	3125000	103	3109	1	21
1677699207	963	1876651	1881648	0	3558196	152532351139	0	38051	0	161692793989	107112494	337029758	3131429	104	3115	1	21
1677699209	965	1875591	1880588	0	3528900	152821986853	0	38051	0	161999940922	107316233	337763225	3137775	104	3120	1	21
1677699211	967	1875559	1880556	0	3499056	153134350193	0	38051	0	162331182590	107535868	338514775	3144351	104	3126	1	21
1677699213	969	1914655	1919652	0	3556568	153475000493	0	38051	0	162692421504	107775404	339348587	3151720	104	3133	1	21
1677699215	971	1928107	1933104	0	3563872	153817305281	0	38051	0	163055411911	108016060	340134592	3158606	105	3140	1	21
1677699217	973	1920291	1925288	0	3558196	154105048867	0	38051	0	163360548918	108218422	340857359	3164926	105	3146	1	21
1677699219	975	1916659	1921656	0	3556524	154413819231	0	38051	0	163687980974	108435530	341608456	3171551	105	3152	1	21
1677699221	977	1926275	1931272	0	3562040	154757491150	0	38051	0	164052418157	108677109	342405601	3178662	105	3158	1	21
1677699223	979	1916195	1921192	0	3558196	155082933971	0	38051	0	164397530088	108905943	343187257	3185520	106	3165	1	21
1677699225	981	1921071	1926068	0	3558196	155463543959	0	38051	0	164801139702	109173515	344116369	3193857	106	3172	1	21
1677699227	983	1879659	1884656	0	3499056	155766382384	0	38051	0	165122415305	109386597	344859905	3200277	106	3178	1	21
1677699229	985	1891087	1896084	0	3528900	156107868114	0	38051	0	165484405634	109626572	345685048	3207680	106	3184	1	21
1677699231	987	1920863	1925860	0	3585920	156322631255	0	38067	0	165712160041	109777738	346296520	3212884	107	3190	1	21
1677699233	989	1916867	1921864	0	3586000	156656184969	0	38067	0	166065873258	110012277	347126005	3220208	107	3196	1	21
1677699235	991	1894783	1899780	0	3532448	157012548469	0	38067	0	166443773399	110262831	347974534	3227659	107	3202	1	21
1677699237	993	1924099	1929096	0	3625336	157294846916	0	38067	0	166743127196	110461246	348652626	3233824	107	3209	1	21
1677699239	995	1879679	1884676	0	3528352	157576679038	0	38067	0	167042000901	110659527	349404833	3240396	107	3214	1	21
1677699241	997	1890439	1895436	0	3534380	157985307975	0	38067	0	167475314583	110946688	350330638	3248755	108	3221	1	21
1677699243	999	1883867	1888864	0	3564592	158252140772	0	38067	0	167758286932	111134422	351047133	3254997	108	3227	1	21
1677699245	1001	1879675	1884672	0	3499056	158558410774	0	38067	0	168083063282	111349790	351835402	3261953	108	3233	1	21
1677699247	1003	1879683	1884680	0	3499056	158826488595	0	38067	0	168367351747	111538401	352575832	3268499	108	3238	1	21
1677699249	1005	1883791	1888788	0	3564592	159134699243	0	38067	0	168694183174	111755023	353268581	3274662	109	3245	1	21
1677699251	1007	1905979	1910976	0	3558196	159507184229	0	38067	0	169089179076	112016910	354170947	3282733	109	3251	1	21
1677699253	1009	1925227	1930224	0	3651692	159774381356	0	38067	0	169372530177	112204863	354852209	3288665	109	3257	1	21
1677699255	1011	1918623	1923620	0	3621940	160160130494	0	38083	0	169781587331	112476019	355776711	3296976	109	3264	1	21
1677699257	1013	1901443	1906440	0	3598320	160399418985	0	38083	0	170035348355	112644414	356429564	3302601	110	3269	1	21
1677699259	1015	1940919	1945916	0	3625972	160786042270	0	38099	0	170445329782	112916150	357312891	3310541	110	3276	1	21
1677699261	1017	1943895	1948892	0	3628904	161063155561	0	38099	0	170739198150	113111094	358018217	3316569	110	3282	1	21
1677699263	1019	1935259	1940256	0	3622300	161369290444	0	38099	0	171063836071	113326364	358736001	3322799	110	3287	1	21
1677699265	1021	1898335	1903332	0	3594436	161629919073	0	38099	0	171340227247	113509760	359414380	3328565	111	3292	1	21
1677699267	1023	1915675	1920672	0	3598492	161966964718	0	38099	0	171697640287	113746710	360200615	3335551	111	3298	1	21
1677699269	1025	1915663	1920660	0	3598480	162299637948	0	38099	0	172050420694	113980639	361031811	3342942	111	3305	1	21
1677699271	1027	1940575	1945572	0	3654860	162403175713	0	38099	0	172160293299	114053702	361382973	3345711	111	3307	1	21
1677699273	1029	1898423	1903420	0	3594436	162752966614	0	38099	0	172531167642	114299624	362235554	3353225	112	3313	1	21
1677699275	1031	1939239	1944236	0	3651396	163015347383	0	38099	0	172809427105	114484283	362911336	3358882	112	3318	1	21
1677699277	1033	1898019	1903016	0	3593888	163285236441	0	38099	0	173095624507	114674131	363613628	3365038	112	3323	1	21
1677699279	1035	1953563	1958560	0	3622076	163575921557	0	38099	0	173403874471	114878474	364294082	3371077	112	3328	1	21
1677699281	1037	1915343	1920340	0	3598140	163867465790	0	38099	0	173713040591	115083497	364969904	3376944	113	3333	1	21
1677699283	1039	1898031	1903028	0	3564592	164180830783	0	38099	0	174045356821	115303996	365843012	3384502	113	3339	1	21
1677699285	1041	1898043	1903040	0	3593888	164541013060	0	38099	0	174427313525	115557332	366738759	3392319	113	3345	1	21
1677699287	1043	1939459	1944456	0	3622352	164767908041	0	38099	0	174667926023	115716936	367339112	3397576	113	3349	1	21
1677699289	1045	1935287	1940284	0	3622276	164979734026	0	38099	0	174892569683	115866084	367919309	3402393	114	3353	1	21
1677699291	1047	1899207	1904204	0	3593888	165269267155	0	38099	0	175199603420	116069697	368654431	3408999	114	3359	1	21
1677699293	1049	1943319	1948316	0	3625076	165546426830	0	38099	0	175493516207	116264603	369341197	3414919	114	3364	1	21
1677699295	1051	1949907	1954904	0	3631660	165827235174	0	38099	0	175791304333	116462161	370054867	3421095	114	3368	1	21
1677699297	1053	1935671	1940668	0	3621524	166104698183	0	38099	0	176085549460	116657427	370775985	3427164	114	3373	1	21
1677699299	1055	1899203	1904200	0	3564592	166263538066	0	38099	0	176253996136	116769203	371201466	3430884	115	3376	1	21
1677699301	1057	1899203	1904200	0	3564592	166512936778	0	38115	0	176518583130	116944774	371839780	3436362	115	3382	1	21
1677699303	1059	1899203	1904200	0	3564592	166714462921	0	38115	0	176732192126	117086515	372383508	3440997	116	3387	1	21
1677699305	1061	1899203	1904200	0	3564592	166988905274	0	38115	0	177023242618	117279775	373163450	3447590	116	3394	1	21
1677699307	1063	1899203	1904200	0	3564592	167299354317	0	38115	0	177352580879	117498261	373965288	3454541	117	3400	1	21
1677699309	1065	1899203	1904200	0	3564592	167394653147	0	38115	0	177453538334	117565408	374295197	3457128	117	3404	1	21
1677699311	1067	1899203	1904200	0	3564592	167691676346	0	38115	0	177768716277	117774530	375148215	3464615	118	3410	1	21
1677699313	1069	1899203	1904200	0	3564592	167908057742	0	38115	0	177997995090	117926711	375763040	3469818	118	3416	1	21
1677699315	1071	1899203	1904200	0	3564592	168161553128	0	38115	0	178266821678	118105095	376437870	3475632	119	3421	1	21
1677699317	1073	1899203	1904200	0	3564592	168416412985	0	38115	0	178537122049	118284355	377073956	3481290	119	3427	1	21
1677699319	1075	1899203	1904200	0	3564592	168708371729	0	38115	0	178846703070	118489773	377882355	3488305	120	3434	1	21
1677699321	1077	1899203	1904200	0	3564592	168964331487	0	38115	0	179118142479	118669885	378560679	3494158	120	3440	1	21
1677699323	1079	1899203	1904200	0	3564592	169272697273	0	38115	0	179445159224	118886890	379358503	3500884	121	3446	1	21
1677699325	1081	1899203	1904200	0	3564592	169533549067	0	38115	0	179721789787	119070492	380048684	3506689	122	3453	1	21
1677699327	1083	1899203	1904200	0	3564592	169802897878	0	38115	0	180007435991	119260134	380824869	3513322	122	3459	1	21
1677699329	1085	1899203	1904200	0	3564592	170058069897	0	38115	0	180278036071	119439631	381492496	3519083	123	3465	1	21
1677699331	1087	1899203	1904200	0	3564592	170298811479	0	38115	0	180533334417	119608993	382114778	3524548	123	3470	1	21
1677699333	1089	1899203	1904200	0	3564592	170303439161	0	38115	0	180538241136	119612238	382123153	3524642	124	3472	1	21
1677699335	1091	1899203	1904200	0	3564592	170462189369	0	38115	0	180706596230	119723999	382590571	3528698	124	3476	1	21
1677699337	1093	1899203	1904200	0	3564592	170730399830	0	38115	0	180991026252	119912717	383306204	3534881	125	3482	1	21
1677699339	1095	1899203	1904200	0	3564592	170985025172	0	38115	0	181261055668	120091964	383993150	3540645	125	3489	1	21
1677699341	1097	1899203	1904200	0	3564592	171069344891	0	38115	0	181350473409	120151274	384208788	3542536	125	3492	1	21
1677699343	1099	1899203	1904200	0	3564592	171201199366	0	38115	0	181490309458	120244157	384594042	3545725	126	3495	1	21
1677699345	1101	1899203	1904200	0	3564592	171454056775	0	38115	0	181758789690	120422332	385296949	3551778	126	3501	1	21
1677699347	1103	1899203	1904200	0	3564592	171675100017	0	38115	0	181992881344	120577769	385925787	3557035	127	3507	1	21
1677699349	1105	1899203	1904200	0	3564592	172004583643	0	38115	0	182342277951	120809433	386712398	3564038	127	3513	1	21
1677699351	1107	1899203	1904200	0	3564592	172191460548	0	38115	0	182540469667	120941112	387267199	3568587	128	3519	1	21
1677699353	1109	1899203	1904200	0	3564592	172457089437	0	38115	0	182822165236	121128052	387959517	3574449	129	3525	1	21
1677699355	1111	1899203	1904200	0	3564592	172695728810	0	38115	0	183075225919	121295824	388529039	3579527	129	3530	1	21
1677699357	1113	1899203	1904200	0	3564592	172927048411	0	38131	0	183320539616	121458676	389188480	3585150	130	3536	1	21
1677699359	1115	1899203	1904200	0	3564592	173100135922	0	38131	0	183504096389	121580474	389675207	3589369	130	3540	1	21
1677699361	1117	1899203	1904200	0	3564592	173386029110	0	38147	0	183807327538	121781708	390436186	3595855	131	3546	1	21
1677699363	1119	1899203	1904200	0	3564592	173506997876	0	38147	0	183935569605	121866840	390779665	3598818	131	3550	1	21
1677699365	1121	1899203	1904200	0	3564592	173748897325	0	38147	0	184192093500	122036989	391396201	3604224	132	3556	1	21
1677699367	1123	1899203	1904200	0	3564592	173923579847	0	38147	0	184377357334	122160131	391937627	3608570	132	3560	1	21
1677699369	1125	1899203	1904200	0	3564592	174180022753	0	38147	0	184649306135	122340543	392612884	3614479	133	3566	1	21
1677699371	1127	1899203	1904200	0	3564592	174330213541	0	38147	0	184808572094	122446119	392977917	3617780	133	3570	1	21
1677699373	1129	1899203	1904200	0	3564592	174546174743	0	38147	0	185037600960	122598174	393576825	3622772	134	3575	1	21
1677699375	1131	1899203	1904200	0	3564592	174686397288	0	38147	0	185186326767	122697044	394006285	3626328	134	3580	1	21
1677699377	1133	1899203	1904200	0	3564592	174952734315	0	38147	0	185468764208	122884416	394730369	3632571	135	3586	1	21
1677699379	1135	1899203	1904200	0	3564592	175203964775	0	38147	0	185735172356	123061042	395326361	3637913	135	3592	1	21
1677699381	1137	1899203	1904200	0	3564592	175414053102	0	38147	0	185957978150	123209029	395966606	3643270	136	3597	1	21
1677699383	1139	1899203	1904200	0	3564592	175752474241	0	38147	0	186316853122	123446983	396810737	3650855	136	3604	1	21
1677699385	1141	1899203	1904200	0	3564592	176017142485	0	38147	0	186597529361	123633247	397560910	3657347	137	3610	1	21
1677699387	1143	1899203	1904200	0	3564592	176192488505	0	38147	0	186783486459	123756724	398057797	3661486	137	3615	1	21
1677699389	1145	1899203	1904200	0	3564592	176458507871	0	38147	0	187065596893	123943950	398797230	3667918	138	3621	1	21
1677699391	1147	1899203	1904200	0	3564592	176714254373	0	38147	0	187336803148	124123818	399419553	3673349	138	3627	1	21
1677699393	1149	1899203	1904200	0	3564592	176963352753	0	38163	0	187600972104	124299177	400132653	3679372	139	3633	1	21
1677699395	1151	1899203	1904200	0	3564592	177146283554	0	38163	0	187794973406	124428001	400637610	3683618	139	3638	1	21
1677699397	1153	1899203	1904200	0	3564592	177277234974	0	38163	0	187934389202	124520435	400975124	3686595	140	3642	1	21
1677699399	1155	1899203	1904200	0	3564592	177375659360	0	38163	0	188038227601	124589483	401310851	3689359	140	3645	1	21
1677699401	1157	1899203	1904200	0	3564592	177375659360	0	38163	0	188038227751	124589485	401311517	3689363	140	3647	1	21
1677699403	1159	1899203	1904200	0	3564592	177432969941	0	38163	0	188099004314	124629814	401467851	3690764	141	3649	1	21
1677699405	1161	1903307	1908304	0	3695664	177673204507	0	38163	0	188353766884	124798846	402112319	3696364	141	3655	1	21
1677699407	1163	1899203	1904200	0	3564592	177921393712	0	38163	0	188616970052	124973549	402798296	3702243	142	3661	1	21
1677699409	1165	1899203	1904200	0	3564592	178082219042	0	38163	0	188787516713	125086643	403205808	3705848	142	3665	1	21
1677699411	1167	1899203	1904200	0	3564592	178171787501	0	38163	0	188882502534	125149674	403441141	3707862	143	3668	1	21
1677699413	1169	1899203	1904200	0	3564592	178453840345	0	38163	0	189181621609	125348257	404232342	3714519	143	3675	1	21
1677699415	1171	1899203	1904200	0	3564592	178730656140	0	38163	0	189475173804	125542984	404944201	3720741	144	3681	1	21
1677699417	1173	1899203	1904200	0	3564592	179043297285	0	38163	0	189806952065	125763134	405762707	3727857	144	3687	1	21
1677699419	1175	1899203	1904200	0	3564592	179249816029	0	38163	0	190025727736	125908255	406298894	3732454	145	3693	1	21
1677699421	1177	1899203	1904200	0	3564592	179508656313	0	38163	0	190300220327	126090366	406968659	3738249	145	3699	1	21
1677699423	1179	1899203	1904200	0	3564592	179711892448	0	38163	0	190515758934	126233526	407582273	3743354	146	3704	1	21
1677699425	1181	1899203	1904200	0	3564592	180003566640	0	38179	0	190825069851	126438736	408377816	3750380	146	3711	1	21
1677699427	1183	1899203	1904200	0	3564592	180264730832	0	38179	0	191102033075	126622566	409135858	3756985	147	3717	1	21
1677699429	1185	1899203	1904200	0	3564592	180500162457	0	38195	0	191351708205	126788299	409842209	3763106	148	3722	1	21
1677699431	1187	1899203	1904200	0	3564592	180739623153	0	38195	0	191605647469	126956752	410470667	3768684	148	3727	1	21
1677699433	1189	1899203	1904200	0	3564592	180991111700	0	38211	0	191872350181	127133784	411186142	3774841	149	3734	1	21
1677699435	1191	1899203	1904200	0	3564592	181250656604	0	38211	0	192147593750	127316443	411905319	3781040	149	3739	1	21
1677699437	1193	1899203	1904200	0	3564592	181512174472	0	38211	0	192424923702	127500415	412573135	3786836	150	3745	1	21
1677699439	1195	1899203	1904200	0	3564592	181695336064	0	38211	0	192619354362	127629627	413161703	3791680	150	3750	1	21
1677699441	1197	1899203	1904200	0	3564592	182005823401	0	38211	0	192948684100	127848032	413928426	3798411	151	3757	1	21
1677699443	1199	1899203	1904200	0	3564592	182189038297	0	38211	0	193143016705	127977209	414522909	3803289	151	3762	1	21
1677699445	1201	1899203	1904200	0	3564592	182427138534	0	38211	0	193395246765	128144567	415178197	3808955	152	3768	1	21
1677699447	1203	1899203	1904200	0	3564592	182730376064	0	38227	0	193716884872	128357898	415935200	3815640	152	3773	1	21
1677699449	1205	1899203	1904200	0	3564592	182919055164	0	38243	0	193916921140	128490820	416527135	3820464	153	3779	1	21
1677699451	1207	1899203	1904200	0	3564592	183242399459	0	38259	0	194259807608	128718182	417351387	3827865	153	3786	1	21
1677699453	1209	1899203	1904200	0	3564592	183516308636	0	38259	0	194550283733	128910935	418110077	3834453	154	3792	1	21
1677699455	1211	2001795	2006792	0	3710732	183607587538	0	205480	172032	194646996311	128975076	418340843	3836536	154	3796	1	21
1677699457	1213	1904255	1909252	0	3612940	183607587538	0	593892	557056	194647000025	128975132	418370489	3836662	154	3798	1	21
