Time	wtime	pss	rss	swap	vmem	rchar	read_bytes	wchar	write_bytes	rx_bytes	rx_packets	tx_bytes	tx_packets	stime	utime	nprocs	nthreads
1677699460	1	241211	244652	0	457732	2600616	0	34504	0	75	1	141	2	0	0	1	1
1677699462	3	533078	538148	0	1136340	45850475	0	36373	0	169940	146	11867	67	0	1	1	6
1677699464	5	596394	601464	0	1261060	48015099	0	36419	0	170156	149	12731	72	0	3	1	6
1677699466	7	619194	624264	0	1283728	48015099	0	36419	0	170381	152	13538	78	0	5	1	6
1677699468	9	649366	654436	0	1312028	48015099	0	36465	0	170597	155	14402	83	0	7	1	6
1677699470	11	657678	662748	0	1320324	48015099	0	36465	0	170822	158	15209	89	0	9	1	6
1677699472	13	680218	685288	0	1518460	48835653	0	37081	0	1047951	829	45434	284	0	11	1	6
1677699474	15	698922	703992	0	1595760	49109568	0	37281	0	1341402	1061	57640	369	0	13	1	6
1677699476	17	1203518	1208588	0	3793096	338553843	0	37315	0	308590749	204865	907930	8622	0	15	1	37
1677699478	19	2201358	2206428	0	4614592	742458510	0	37331	0	738200234	489605	2112083	20715	1	31	1	37
1677699480	21	2239370	2244440	0	4200980	1372368950	0	37331	0	1408373116	933440	3632649	35803	2	42	1	37
1677699482	23	2277702	2282772	0	4420844	1700023960	0	37331	0	1755829001	1163810	4530837	44250	2	55	1	37
1677699484	25	2225394	2230464	0	3923584	2058660179	0	37331	0	2136137863	1415943	5453389	52699	2	64	1	37
1677699486	27	2351698	2356768	0	4818080	2746713276	0	37331	0	2867528296	1900007	6890078	66938	3	80	1	37
1677699488	29	2276830	2281900	0	3993668	3216358709	0	37331	0	3367667921	2231363	7984351	77189	4	90	1	37
1677699490	31	2340158	2345228	0	4551088	3770395712	0	37347	0	3956024578	2620619	9050138	87855	4	105	1	37
1677699492	33	2330746	2335816	0	4307592	4145457971	0	37347	0	4353732416	2884055	9813630	94801	4	114	1	37
1677699494	35	2310078	2315148	0	3991820	4456031186	0	37347	0	4683076114	3102437	10514120	100710	5	122	1	37
1677699496	37	2405578	2410648	0	4585388	5160064050	0	37347	0	5429571946	3596292	11634753	111871	5	137	1	37
1677699498	39	2398290	2403360	0	4583744	5504583359	0	37347	0	5794890477	3838242	12296487	117939	6	147	1	37
1677699500	41	2328038	2333108	0	4025360	5887785672	0	37347	0	6201246947	4107621	13091994	124708	6	158	1	37
1677699502	43	2394842	2399912	0	4510636	6618258034	0	37347	0	6975793776	4620262	14327897	136311	7	175	1	37
1677699504	45	2323318	2328388	0	3959824	7002366809	0	37347	0	7383104870	4890194	15196134	144149	7	185	1	37
1677699506	47	2382174	2387244	0	4313956	7343554054	0	37347	0	7746954713	5131002	16187019	153822	8	193	1	37
1677699508	49	2371070	2376140	0	4545328	7742043024	0	37347	0	8169420947	5410624	16944844	161275	8	202	1	37
1677699510	51	2323334	2328404	0	3959824	8095398243	0	37347	0	8544130457	5659068	17726954	167915	8	211	1	37
1677699512	53	2410802	2415872	0	4509468	8764860531	0	37347	0	9255859490	6130091	19345197	183930	9	227	1	37
1677699514	55	2335638	2340708	0	3959824	9102667688	0	37347	0	9614076903	6367555	20162560	191195	10	237	1	37
1677699516	57	2396246	2401316	0	4412220	9761160127	0	37347	0	10312295740	6829616	21342874	202689	10	253	1	37
1677699518	59	2338930	2344000	0	3959824	10096661700	0	37347	0	10671239860	7067621	22190347	209838	11	262	1	37
1677699520	61	2422522	2427592	0	4454120	10787220544	0	37347	0	11403455312	7552118	23416515	222020	11	279	1	37
1677699522	63	2393066	2398136	0	4000804	11188002666	0	37347	0	11828451099	7833819	24221223	228693	12	290	1	37
1677699524	65	2420418	2425488	0	4584880	11838116545	0	37347	0	12517778201	8289884	25280578	239125	12	304	1	37
1677699526	67	2419458	2424528	0	4768032	12266660687	0	37363	0	12972199702	8590922	26226868	247848	13	317	1	37
1677699528	69	2383214	2388284	0	4084540	12944644134	0	37379	0	13691098839	9066828	27360097	258199	13	330	1	37
1677699530	71	2404522	2409592	0	4358856	13350234509	0	37379	0	14121178147	9351710	28298314	266967	14	344	1	37
1677699532	73	2338014	2343084	0	3924168	13898758555	0	37379	0	14703549712	9737347	29276733	275867	14	353	1	37
1677699534	75	2399754	2404824	0	4233080	14379071898	0	37379	0	15212114091	10074040	30179669	284312	15	369	1	37
1677699536	77	2330762	2335832	0	3894288	14744163666	0	37395	0	15599256691	10330566	31036772	292186	15	378	1	37
1677699538	79	2407858	2412928	0	4433156	15044476765	0	37395	0	15917687491	10541286	31550801	297095	16	386	1	37
1677699540	81	2354578	2359648	0	3996292	15419754020	0	37395	0	16315632706	10804990	32602333	306786	16	395	1	37
1677699542	83	2354578	2359648	0	3996292	15429161866	0	37395	0	16325610609	10811622	32638988	307050	16	395	1	37
1677699544	85	2343762	2348832	0	3953468	16075186382	0	37395	0	17010745209	11264986	33660754	316846	17	405	1	37
1677699546	87	2423238	2428308	0	4581984	16465072059	0	37395	0	17424033602	11538730	34378222	323173	17	422	1	37
1677699548	89	2410974	2416044	0	4637708	16836075740	0	37395	0	17817434332	11799258	35040871	329002	18	432	1	37
1677699550	91	2373282	2378352	0	4321636	17503192939	0	37395	0	18527153892	12268972	36234582	340497	18	444	1	37
1677699552	93	2410590	2415660	0	4579496	17857000190	0	37411	0	18902322987	12517484	36861754	345948	19	458	1	37
1677699554	95	2414638	2419708	0	4517216	18230005370	0	37411	0	19297844174	12779390	37776110	354610	19	467	1	37
1677699556	97	2404514	2409584	0	4355588	18557000533	0	37411	0	19644584339	13009071	38501241	361195	19	475	1	37
1677699558	99	2369114	2374184	0	4135316	19216692109	0	37411	0	20344083672	13472082	39628482	371888	20	487	1	37
1677699560	101	2402154	2407224	0	4431860	19233229732	0	37411	0	20361628965	13483835	39725292	372566	20	492	1	37
1677699562	103	2392530	2397600	0	4025360	19593030828	0	37411	0	20743166844	13736718	40458391	378935	21	500	1	37
1677699564	105	2414430	2419500	0	4150076	20073594619	0	37411	0	21253066952	14074302	41294352	386477	21	509	1	37
1677699566	107	2551162	2556232	0	4840856	20572097562	0	37427	0	21783329501	14425301	42350974	396784	22	523	1	37
1677699568	109	2551162	2556232	0	4840856	20582839630	0	37427	0	21794723579	14432892	42401693	397176	22	523	1	37
1677699570	111	2484546	2489616	0	4189296	20932781684	0	37427	0	22165814078	14678935	43349250	405788	22	531	1	37
1677699572	113	2536690	2541760	0	4422580	21570198385	0	37427	0	22841677665	15126091	44396206	416124	23	545	1	37
1677699574	115	2556710	2561780	0	4578492	21910670278	0	37427	0	23202708785	15365258	45074685	422231	23	553	1	37
1677699576	117	2475734	2480804	0	4156432	21919681612	0	37427	0	23212284478	15371863	45211734	423086	23	554	1	37
1677699578	119	2544430	2549500	0	4675924	22627072278	0	37427	0	23962367837	15868254	46388685	434363	24	568	1	37
1677699580	121	2492854	2497924	0	4190280	22996636734	0	37427	0	24354261303	16128033	47276686	442357	24	578	1	37
1677699582	123	2552362	2557432	0	4682900	23693531101	0	37427	0	25093199195	16617027	48330901	452232	25	591	1	37
1677699584	125	2567782	2572852	0	4879508	23705668204	0	37427	0	25106077995	16625682	48418989	452807	25	594	1	37
1677699586	127	2554902	2559972	0	4650392	24030240958	0	37427	0	25450245172	16853601	49040224	458540	25	600	1	37
1677699588	129	2492026	2497096	0	4316800	24441870242	0	37427	0	25886743254	17142928	49963231	466610	26	610	1	37
1677699590	131	2525342	2530412	0	4281148	24981451128	0	37427	0	26458880443	17521586	50941588	476087	26	619	1	37
1677699592	133	2586478	2591548	0	4648996	25401473719	0	37427	0	26904263969	17816610	51761053	483415	27	632	1	37
1677699594	135	2552474	2557544	0	4284516	25775907604	0	37427	0	27303596299	18081228	52599162	490926	27	640	1	37
1677699596	137	2568562	2573632	0	4578668	26304160488	0	37427	0	27863727608	18452003	53668247	501304	27	652	1	37
1677699598	139	2584466	2589536	0	4905428	26664497837	0	37427	0	28248513737	18706834	54390508	507857	28	660	1	37
1677699600	141	2529470	2534540	0	4186212	27008459818	0	37427	0	28613302971	18948542	55071491	513879	28	668	1	37
1677699602	143	2526118	2531188	0	4260628	27617151929	0	37427	0	29260850251	19377029	56302070	525705	29	677	1	37
1677699604	145	2607066	2612136	0	4947728	27969056219	0	37427	0	29633646769	19623906	56918345	531117	29	690	1	37
1677699606	147	2547010	2552080	0	4323252	28293880706	0	37427	0	29978098378	19852250	57576980	536636	30	698	1	37
1677699608	149	2572330	2577400	0	4492024	28904547797	0	37427	0	30625621726	20280705	58644495	546874	30	708	1	37
1677699610	151	2615414	2620484	0	5010928	29261140421	0	37427	0	31003740260	20531169	59318377	552873	31	719	1	37
1677699612	153	2589174	2594244	0	4606840	29571635697	0	37427	0	31335473322	20750805	59869227	557875	31	726	1	37
1677699614	155	2589174	2594244	0	4606840	29571635697	0	37427	0	31335473613	20750809	59873414	557884	31	726	1	37
1677699616	157	2589174	2594244	0	4606840	29571635697	0	37427	0	31335473763	20750811	59875583	557889	31	726	1	37
1677699618	159	2565438	2570508	0	4270028	29880241380	0	37427	0	31662706390	20967458	60382903	562470	31	728	1	37
1677699620	161	2567074	2572144	0	4550028	30212353375	0	37427	0	32014877300	21200820	61287984	570710	32	740	1	37
1677699622	163	2573558	2578628	0	4645064	30577820614	0	37427	0	32402401430	21457383	62007315	577585	32	747	1	37
1677699624	165	2589626	2594696	0	4859316	30939573298	0	37427	0	32786000991	21711517	62723919	583840	32	756	1	37
1677699626	167	2592318	2597388	0	4495516	31573368505	0	37427	0	33458173067	22156384	63744183	593506	33	767	1	37
1677699628	169	2538502	2543572	0	4287504	31897980810	0	37427	0	33802246959	22384266	64345374	598936	33	774	1	37
1677699630	171	2618182	2623252	0	4777528	32239660681	0	37427	0	34164556155	22624252	64973255	604498	34	785	1	37
1677699632	173	2536322	2541392	0	4221968	32560858301	0	37427	0	34505155666	22849967	65628764	610220	34	793	1	37
1677699634	175	2536322	2541392	0	4221968	32907329979	0	37427	0	34876998263	23096219	66366247	616959	35	800	1	37
1677699636	177	2595506	2600576	0	4481256	33492644011	0	37427	0	35499791153	23508393	67765655	630519	35	811	1	37
1677699638	179	2643498	2648568	0	5145804	33886789308	0	37427	0	35920947766	23787278	68614609	638445	36	821	1	37
1677699640	181	2623194	2628264	0	4750940	34214845518	0	37427	0	36268800831	24017531	69190491	644022	36	828	1	37
1677699642	183	2604790	2609860	0	4613856	34511933834	0	37443	0	36583843185	24226414	69921756	650476	36	835	1	37
1677699644	185	2538130	2543200	0	4221968	34854812859	0	37443	0	36947425944	24467269	70624606	656944	37	843	1	37
1677699646	187	2563610	2568680	0	4262196	35181345996	0	37443	0	37293674122	24696600	71200799	661945	37	850	1	37
1677699648	189	2538138	2543208	0	4221968	35525599821	0	37443	0	37658715655	24938409	71908729	668322	38	858	1	37
1677699650	191	2637098	2642168	0	4815788	36204882637	0	37443	0	38381154512	25416474	73109006	679951	38	873	1	37
1677699652	193	2558162	2563232	0	4255780	36830018363	0	37443	0	39044059330	25855370	74200337	690002	39	883	1	37
1677699654	195	2560686	2565756	0	4319540	37203749071	0	37443	0	39440338807	26118142	75059233	697422	39	895	1	37
1677699656	197	2682174	2687244	0	4715816	37793445494	0	37443	0	40068165577	26533563	76163496	708104	40	905	1	37
1677699658	199	2638838	2643908	0	4422348	38126994726	0	37443	0	40421883648	26768242	76945311	714394	41	915	1	37
1677699660	201	2716370	2721440	0	4654424	38714070808	0	37443	0	41044393758	27180418	78001278	724253	41	926	1	37
1677699662	203	2767094	2772164	0	4654424	39019006935	0	37443	0	41371656434	27397276	78645571	729691	42	932	1	37
1677699664	205	2773602	2778672	0	4851032	39664736119	0	37459	0	42056352236	27850479	79755891	740250	42	945	1	37
1677699666	207	2759782	2764852	0	4655544	39984859613	0	37459	0	42395818107	28075510	80431822	746086	43	952	1	37
1677699668	209	2789010	2794080	0	5048760	40590822020	0	37459	0	43039402160	28501581	81495140	755841	43	964	1	37
1677699670	211	2772322	2777392	0	4786616	41173573708	0	37459	0	43657329733	28910740	82467475	764597	44	973	1	37
1677699672	213	2756422	2761492	0	4655544	41538134545	0	37459	0	44044635450	29167510	83587983	774843	44	983	1	37
1677699674	215	2762218	2767288	0	4713788	42139959804	0	37459	0	44682777210	29589899	84648836	784834	45	991	1	37
1677699676	217	2806770	2811840	0	5115944	42483311499	0	37459	0	45046878302	29831314	85438597	791680	46	1002	1	37
1677699678	219	2797430	2802500	0	4984872	42783514756	0	37459	0	45366932114	30042999	85893284	796158	46	1007	1	37
1677699680	221	2802454	2807524	0	5050408	43077836550	0	37459	0	45679029891	30249804	86518916	801820	46	1013	1	37
1677699682	223	2810234	2815304	0	5050408	43387540866	0	37459	0	46007435413	30467343	87119706	807170	46	1019	1	37
1677699684	225	2785198	2790268	0	4717656	43405886356	0	37459	0	46026905884	30480464	87256693	808104	47	1020	1	37
1677699686	227	2806814	2811884	0	5045336	43685146106	0	37459	0	46323008441	30676356	87651042	811900	47	1025	1	37
1677699688	229	2790990	2796060	0	4720532	44004416751	0	37459	0	46661578153	30900885	88450709	818660	47	1031	1	37
1677699690	231	2790994	2796064	0	4720532	44294779543	0	37459	0	46969468179	31104763	89004623	823855	47	1037	1	37
1677699692	233	2814478	2819548	0	5113748	44863357230	0	37459	0	47574746358	31505415	90218928	835226	48	1048	1	37
1677699694	235	2813806	2818876	0	5172540	45196611037	0	37475	0	47928115158	31739378	90873145	841446	48	1055	1	37
1677699696	237	2814418	2819488	0	5172540	45513060309	0	37475	0	48265372653	31962993	91611455	847864	49	1061	1	37
1677699698	239	2832906	2837976	0	5701028	45804866747	0	37475	0	48574804014	32167994	92159729	852703	49	1068	1	37
1677699700	241	2817602	2822672	0	4783524	46209525627	0	37475	0	49006489847	32453879	92961392	859930	50	1074	1	37
1677699702	243	2830178	2835248	0	4980372	46699604847	0	37491	0	49523541344	32796073	93944473	869586	50	1084	1	37
1677699704	245	2838906	2843976	0	5111444	46720876623	0	37491	0	49546095014	32810979	93991087	870124	50	1086	1	37
1677699706	247	2838906	2843976	0	5111444	46720876623	0	37491	0	49546095408	32810983	93992054	870131	50	1086	1	37
1677699708	249	2838522	2843592	0	5111444	47043663454	0	37491	0	49888535137	33037828	94589178	875494	50	1090	1	37
1677699710	251	2823990	2829060	0	4849300	47359421917	0	37507	0	50223223737	33259866	95398253	882343	51	1099	1	37
1677699712	253	2845054	2850124	0	5176980	47967050154	0	37507	0	50867519439	33686361	96395297	891527	51	1111	1	37
1677699714	255	2847726	2852796	0	5176980	48283046763	0	37507	0	51202591823	33908253	96961685	896623	52	1117	1	37
1677699716	257	2812806	2817876	0	4779324	48291324498	0	37507	0	51211388031	33914322	97078708	897367	52	1118	1	37
1677699718	259	2818362	2823432	0	4783732	48590361756	0	37507	0	51528485011	34124404	97768498	903522	52	1124	1	37
1677699720	261	2842166	2847236	0	5176948	49165557894	0	37507	0	52138403450	34528079	98719671	912640	53	1135	1	37
1677699722	263	2816806	2821876	0	4779324	49517650287	0	37507	0	52511742924	34775482	99508156	919746	53	1142	1	37
1677699724	265	2816810	2821880	0	4781584	49821976483	0	37507	0	52837885921	34991683	100267181	926289	54	1148	1	37
1677699726	267	2819498	2824568	0	4883376	50317053110	0	37507	0	53362840797	35339217	101239747	935560	54	1158	1	37
1677699728	269	2818378	2823448	0	4783572	50644843225	0	37507	0	53710429377	35569540	102002990	942621	55	1164	1	37
1677699730	271	2831218	2836288	0	4914644	51226935196	0	37523	0	54327650401	35978149	103085227	952874	55	1176	1	37
1677699732	273	2822926	2827996	0	4783572	51523604409	0	37539	0	54644877138	36188563	104015049	960802	56	1181	1	37
1677699734	275	2822934	2828004	0	4783572	52121699752	0	37539	0	55281060128	36609919	105318807	972504	56	1194	1	37
1677699736	277	2843978	2849048	0	5111252	52736685653	0	37539	0	55933153947	37041501	106496496	983832	57	1205	1	37
1677699738	279	2845902	2850972	0	5242324	53044319202	0	37555	0	56259352887	37257435	107071323	989374	57	1212	1	37
1677699740	281	2845902	2850972	0	5242324	53044319202	0	37555	0	56259353281	37257439	107072299	989381	57	1212	1	37
1677699742	283	2829366	2834436	0	4849108	53207620400	0	37555	0	56438227346	37376103	107723786	995046	57	1213	1	37
1677699744	285	2837178	2842248	0	5012172	53672224805	0	37555	0	56928057843	37700385	108701468	1004658	58	1223	1	37
1677699746	287	2838874	2843944	0	5107004	53982561191	0	37571	0	57257140109	37918449	109355419	1010313	58	1230	1	37
1677699748	289	2876642	2881712	0	4910396	54546817659	0	37571	0	57856970860	38315628	110587282	1021800	59	1238	1	37
1677699750	291	2936650	2941720	0	5254640	54881338689	0	37571	0	58211690677	38550816	111320039	1028073	59	1247	1	37
1677699752	293	2882166	2887236	0	4889292	54882018937	0	37571	0	58212418219	38551340	111342024	1028216	59	1247	1	37
1677699754	295	2882166	2887236	0	4889292	54882018937	0	37571	0	58212418684	38551347	111343095	1028226	59	1247	1	37
1677699756	297	2882166	2887236	0	4889292	54882018937	0	37571	0	58212419620	38551359	111344379	1028237	59	1247	1	37
1677699758	299	2880702	2885772	0	4909992	55125035674	0	37571	0	58470095265	38721836	111727741	1031903	60	1252	1	37
1677699760	301	2907666	2912736	0	4981876	55413095913	0	37571	0	58775548630	38924161	112321961	1037396	60	1256	1	37
1677699762	303	2909270	2914340	0	5107004	55709993528	0	37571	0	59090369972	39132656	112891860	1042693	60	1263	1	37
1677699764	305	2909270	2914340	0	5107004	55709993528	0	37571	0	59090371022	39132673	112892526	1042697	60	1263	1	37
1677699766	307	2909270	2914340	0	5107004	55709993528	0	37571	0	59090371862	39132686	112893606	1042707	60	1263	1	37
1677699768	309	2929738	2934808	0	5126384	55728187385	0	37571	0	59109667062	39145517	112947031	1043176	60	1264	1	37
1677699770	311	2922022	2927092	0	4961800	56056956936	0	37571	0	59458304453	39376665	113733241	1050227	61	1270	1	37
1677699772	313	2937262	2942332	0	5398444	56641541960	0	37571	0	60078174890	39787085	114839826	1060435	61	1281	1	37
1677699774	315	2881162	2886232	0	4881100	56932511607	0	37571	0	60387853338	39992452	115456224	1065507	62	1287	1	37
1677699776	317	2944610	2949680	0	5246292	57525465010	0	37571	0	61017999090	40409507	116692257	1077425	62	1298	1	37
1677699778	319	2952658	2957728	0	5199548	57829265349	0	37571	0	61341492417	40623944	117652441	1086259	63	1304	1	37
1677699780	321	2947762	2952832	0	5221864	58408672026	0	37571	0	61955873569	41030773	118815972	1097176	63	1315	1	37
1677699782	323	2959366	2964436	0	5451036	58784542164	0	37571	0	62354441128	41294809	119681983	1105255	64	1322	1	37
1677699784	325	2941670	2946740	0	4902488	59088999986	0	37571	0	62677303985	41508942	120391770	1111229	64	1328	1	37
1677699786	327	3000770	3005840	0	5265640	59675261272	0	37587	0	63298938703	41920381	121384106	1120692	65	1340	1	37
1677699788	329	2944282	2949352	0	4903148	59950369512	0	37587	0	63590682624	42113939	122046888	1126204	65	1345	1	37
1677699790	331	2971910	2976980	0	4930904	60460077229	0	37587	0	64131319021	42471775	122900023	1134323	66	1352	1	37
1677699792	333	2942758	2947828	0	4928988	60815907401	0	37603	0	64508480051	42721847	123695027	1141189	66	1362	1	37
1677699794	335	2968386	2973456	0	4954488	61199087698	0	37603	0	64916620230	42992168	124485165	1148319	67	1368	1	37
1677699796	337	2924302	2929372	0	4881100	61701579413	0	37603	0	65447626705	43343894	125414031	1156694	67	1380	1	37
1677699798	339	2952622	2957692	0	5303612	62273030929	0	37619	0	66053604051	43745027	126361721	1165421	68	1391	1	37
1677699800	341	2951314	2956384	0	5280680	62562111695	0	37619	0	66360145961	43948344	126965954	1170404	68	1398	1	37
1677699802	343	2949558	2954628	0	5113372	63154767339	0	37619	0	66988540041	44364322	127977737	1179679	69	1409	1	37
1677699804	345	2942550	2947620	0	4982300	63679215378	0	37619	0	67544727143	44732727	128933022	1188008	70	1417	1	37
1677699806	347	2984882	2989952	0	5178908	64014721532	0	37619	0	67900422058	44968381	129649659	1194597	70	1428	1	37
1677699808	349	2993734	2998804	0	5244444	64319848586	0	37619	0	68223974493	45182724	130226634	1199662	70	1434	1	37
1677699810	351	2993802	2998872	0	5244444	64603903467	0	37619	0	68525176228	45382166	130714808	1204123	71	1440	1	37
1677699812	353	2993802	2998872	0	5244444	64603903467	0	37619	0	68525176464	45382169	130715560	1204128	71	1440	1	37
1677699814	355	2993874	2998944	0	5244444	64603904194	0	37619	0	68525177685	45382175	130716752	1204137	71	1440	1	37
1677699816	357	2976134	2981204	0	5309980	64897795831	0	37619	0	68836831923	45588825	131399393	1210011	71	1446	1	37
1677699818	359	3017558	3022628	0	5244444	65474853124	0	37619	0	69450392434	45995105	132424671	1219329	72	1457	1	37
1677699820	361	2994430	2999500	0	5004088	65765276307	0	37619	0	69760012454	46200536	133159044	1225305	72	1463	1	37
1677699822	363	2971022	2976092	0	4951252	66326810616	0	37619	0	70355449319	46594910	134153748	1234275	73	1474	1	37
1677699824	365	3038262	3043332	0	5462948	66887653292	0	37619	0	70950145016	46988673	135185809	1243713	73	1485	1	37
1677699826	367	3014638	3019708	0	5045864	67364645199	0	37619	0	71456913306	47324300	136077955	1251705	74	1492	1	37
1677699828	369	3019594	3024664	0	5045864	67675872969	0	37619	0	71787934445	47543968	136819305	1257751	74	1500	1	37
1677699830	371	3025850	3030920	0	5176936	67890483117	0	37619	0	72015442686	47694435	137373764	1263236	75	1505	1	37
1677699832	373	3011794	3016864	0	5127404	68478157051	0	37619	0	72638603040	48107086	138565006	1274398	75	1514	1	37
1677699834	375	3040066	3045136	0	5520620	68496592408	0	37619	0	72658152864	48120195	138693303	1275304	75	1516	1	37
1677699836	377	2970858	2975928	0	4946636	68990241631	0	37619	0	73181607191	48466890	139634743	1283912	76	1522	1	37
1677699838	379	3026550	3031620	0	5200304	69331009574	0	37619	0	73544691141	48707398	140538265	1292444	76	1532	1	37
1677699840	381	3009186	3014256	0	4999560	69622821100	0	37619	0	73854151813	48912756	141281163	1298594	77	1538	1	37
1677699842	383	3022942	3028012	0	5307336	70192390428	0	37619	0	74458093403	49312558	142272360	1307851	77	1549	1	37
1677699844	385	3026946	3032016	0	5376348	70745234668	0	37619	0	75044316186	49700831	143281706	1316988	78	1560	1	37
1677699846	387	3033642	3038712	0	5374144	71039678808	0	37619	0	75356540743	49907666	143853235	1322076	78	1566	1	37
1677699848	389	3023378	3028448	0	5043492	71330105489	0	37619	0	75664528889	50111992	144567510	1328026	79	1572	1	37
1677699850	391	3052482	3057552	0	5393288	71912761441	0	37635	0	76282348420	50520997	145631581	1338107	79	1583	1	37
1677699852	393	3030482	3035552	0	5069752	72193609965	0	37635	0	76580180597	50718609	146406836	1344875	80	1588	1	37
1677699854	395	2997230	3002300	0	5012172	72472080541	0	37635	0	76875473026	50914294	146982584	1349854	80	1594	1	37
1677699856	397	3023338	3028408	0	5066444	72988310967	0	37651	0	77422878476	51276953	147992879	1358905	81	1603	1	37
1677699858	399	3042174	3047244	0	5305484	73527266400	0	37651	0	77994361563	51655301	148940005	1367712	81	1614	1	37
1677699860	401	3037802	3042872	0	5116200	73816418603	0	37651	0	78302863742	51859894	149608051	1373399	82	1619	1	37
1677699862	403	3057830	3062900	0	5378344	74375838707	0	37667	0	78896042832	52252555	150635991	1383241	82	1629	1	37
1677699864	405	3035682	3040752	0	5069260	74642990779	0	37667	0	79179350207	52440534	151367180	1389472	83	1635	1	37
1677699866	407	2997314	3002384	0	5012172	74925378176	0	37667	0	79478792344	52638925	151929400	1394441	83	1641	1	37
1677699868	409	3049570	3054640	0	5435988	75453014542	0	37667	0	80038276113	53009368	152850972	1402813	84	1651	1	37
1677699870	411	3021670	3026740	0	5036656	76008068433	0	37667	0	80628300686	53400105	154018084	1413159	84	1660	1	37
1677699872	413	2999454	3004524	0	5014308	76425012539	0	37667	0	81071697368	53694044	154974601	1421453	85	1667	1	37
1677699874	415	3033914	3038984	0	5268424	76880426139	0	37667	0	81553358634	54013189	155897123	1429593	85	1678	1	37
1677699876	417	3043150	3048220	0	5180660	77455245978	0	37683	0	82162874833	54416775	156974903	1439675	86	1689	1	37
1677699878	419	2998490	3003560	0	5012172	77767023198	0	37683	0	82493503986	54636109	157693160	1445527	86	1695	1	37
1677699880	421	2998494	3003564	0	5012172	78319075941	0	37683	0	83078886107	55023818	158720994	1454948	87	1706	1	37
1677699882	423	3025698	3030768	0	5039504	78706323197	0	37699	0	83490014749	55296129	159626798	1463228	88	1711	1	37
1677699884	425	3055278	3060348	0	5255032	79154034182	0	37699	0	83964259697	55610264	160566675	1471833	88	1722	1	37
1677699886	427	3005938	3011008	0	5019316	79602047049	0	37699	0	84439639995	55925222	161468479	1480027	89	1728	1	37
1677699888	429	3035250	3040320	0	5239128	79983424476	0	37699	0	84843737068	56192916	162216016	1486603	89	1738	1	37
1677699890	431	3018762	3023832	0	5032268	80357997236	0	37699	0	85242269405	56457196	163091003	1494287	90	1744	1	37
1677699892	433	3028922	3033992	0	5069024	80562158597	0	37699	0	85457437869	56599710	163508428	1498172	90	1748	1	37
1677699894	435	3047322	3052392	0	5462240	80833690542	0	37699	0	85745366582	56790454	164054484	1503204	90	1753	1	37
1677699896	437	3035190	3040260	0	5134560	81376437647	0	37699	0	86320870220	57171449	165030397	1512096	91	1763	1	37
1677699898	439	2999106	3004176	0	5012172	81670051517	0	37715	0	86632243405	57378093	165747414	1517856	91	1769	1	37
1677699900	441	3035954	3041024	0	5166432	82217019165	0	37715	0	87213600552	57762868	166710873	1527054	92	1780	1	37
1677699902	443	3047766	3052836	0	5297504	82486837209	0	37731	0	87499721779	57952544	167304054	1532096	92	1785	1	37
1677699904	445	3030942	3036012	0	5244660	83063223249	0	37747	0	88110932209	58357358	168594820	1544003	93	1795	1	37
1677699906	447	3018186	3023256	0	5107004	83347243947	0	37747	0	88412130765	58557239	169322176	1550123	93	1801	1	37
1677699908	449	3024334	3029404	0	5172540	83773634212	0	37747	0	88868519039	58859431	170349659	1559649	94	1807	1	37
1677699910	451	3053030	3058100	0	5308064	84158909074	0	37747	0	89275660060	59129155	171235312	1567888	94	1817	1	37
1677699912	453	3070166	3075072	0	5439136	84757250880	0	37747	0	89910119032	59549270	172361970	1578499	95	1828	1	37
1677699914	455	3069526	3074432	0	5439136	85035342635	0	37747	0	90205016187	59744779	173032296	1584257	96	1834	1	37
1677699916	457	3054922	3059828	0	5176992	85550682764	0	37763	0	90756475385	60109930	173919898	1592243	96	1840	1	37
1677699918	459	3049370	3054276	0	5143244	85884789274	0	37763	0	91110648102	60344875	174754987	1599292	97	1850	1	37
1677699920	461	3051298	3056204	0	5172540	86380165955	0	37763	0	91639686149	60695024	175580949	1606969	97	1858	1	37
1677699922	463	3070090	3074996	0	5500220	86714952391	0	37763	0	91994420398	60930121	176385860	1614198	98	1867	1	37
1677699924	465	3051466	3056372	0	5172540	87198558384	0	37779	0	92507228368	61269769	177251821	1622004	98	1874	1	37
1677699926	467	3062462	3067368	0	5369148	87248404244	0	37779	0	92560084635	61304838	177404591	1623404	98	1878	1	37
1677699928	469	3062462	3067368	0	5369148	87250501404	0	37779	0	92562308339	61306310	177409207	1623450	98	1878	1	37
1677699930	471	3062462	3067368	0	5369148	87251378933	0	37779	0	92563238908	61306927	177411602	1623473	98	1878	1	37
1677699932	473	3051718	3056624	0	5172540	87593141883	0	37779	0	92926672502	61548002	178266751	1630797	99	1884	1	37
1677699934	475	3051726	3056632	0	5172540	88116289651	0	37779	0	93482136946	61915866	179253483	1639799	99	1895	1	37
1677699936	477	3064454	3069360	0	5369148	88402104323	0	37779	0	93785196994	62116438	179774692	1644723	100	1900	1	37
1677699938	479	3070698	3075604	0	5434684	88958730402	0	37779	0	94375428086	62507335	180821306	1654327	100	1909	1	37
1677699940	481	3056030	3060936	0	5143244	89250875035	0	37779	0	94685244121	62712961	181536943	1660068	101	1917	1	37
1677699942	483	3077674	3082580	0	5565756	89811849974	0	37779	0	95280068749	63106683	182515145	1669186	101	1928	1	37
1677699944	485	3056066	3060972	0	5172540	90106263741	0	37779	0	95592279477	63313742	183208182	1675184	102	1934	1	37
1677699946	487	3070882	3075788	0	5434684	90659852857	0	37779	0	96179270091	63702250	184041301	1682906	102	1945	1	37
1677699948	489	3071242	3076148	0	5369148	90947191166	0	37779	0	96483971243	63904237	184643075	1687853	103	1951	1	37
1677699950	491	3066450	3071356	0	5369148	91492807186	0	37779	0	97062524526	64287363	185582221	1696371	103	1960	1	37
1677699952	493	3056094	3061000	0	5172540	91805474182	0	37779	0	97394095084	64507312	186287650	1702173	104	1968	1	37
1677699954	495	3069574	3074480	0	5436928	92367980513	0	37779	0	97990545969	64902130	187209812	1710747	104	1978	1	37
1677699956	497	3056090	3060996	0	5143244	92658842141	0	37779	0	98298996263	65106781	187941392	1716901	105	1985	1	37
1677699958	499	3075538	3080444	0	5500220	93211070316	0	37779	0	98884550933	65494416	188841502	1725150	106	1996	1	37
1677699960	501	3056098	3061004	0	5172540	93499582493	0	37779	0	99190518563	65697355	189797595	1733617	106	2002	1	37
1677699962	503	3086314	3091220	0	5565756	94029761478	0	37779	0	99755015893	66071021	190681615	1741811	107	2011	1	37
1677699964	505	3067990	3072896	0	5305868	94330094749	0	37779	0	100073503979	66282231	191464837	1748705	107	2018	1	37
1677699966	507	3066002	3070908	0	5240332	94921273249	0	37779	0	100700426391	66697243	192522967	1758815	108	2027	1	37
1677699968	509	3081374	3086280	0	5436940	95223001649	0	37779	0	101020312972	66909221	193163364	1764474	108	2035	1	37
1677699970	511	3061858	3066764	0	5174796	95584747298	0	37779	0	101408738272	67166844	194186858	1773462	108	2042	1	37
1677699972	513	3088474	3093380	0	5502476	96117208439	0	37795	0	101972351885	67540108	195162710	1782442	109	2053	1	37
1677699974	515	3062366	3067272	0	5172540	96405329365	0	37795	0	102277874135	67742536	195721361	1787316	109	2059	1	37
1677699976	517	3075282	3080188	0	5434684	96975369055	0	37795	0	102882316889	68142690	196833979	1797583	110	2070	1	37
1677699978	519	3062366	3067272	0	5172540	97250037912	0	37795	0	103173599411	68336003	197510405	1803065	110	2076	1	37
1677699980	521	3072986	3077892	0	5434684	97830005449	0	37795	0	103788572494	68743106	198536851	1812711	111	2088	1	37
1677699982	523	3062366	3067272	0	5172540	98118116530	0	37795	0	104094094093	68945734	199207521	1818442	112	2094	1	37
1677699984	525	3077062	3081968	0	5434684	98670329864	0	37795	0	104680698617	69334062	200117909	1826770	112	2104	1	37
1677699986	527	3074890	3079796	0	5434684	99247564893	0	37795	0	105295066570	69740875	201152915	1836226	113	2115	1	37
1677699988	529	3083518	3088424	0	5500220	99536417292	0	37795	0	105601373806	69943952	201797988	1841793	113	2122	1	37
1677699990	531	3085002	3089908	0	5434684	100127581316	0	37795	0	106228231577	70359153	202883999	1851509	114	2132	1	37
1677699992	533	3062374	3067280	0	5172540	100557657835	0	37795	0	106686653631	70663023	203728758	1858648	114	2140	1	37
1677699994	535	3073234	3078140	0	5434684	100969491810	0	37795	0	107122042931	70951343	204645490	1867109	115	2150	1	37
1677699996	537	3062374	3067280	0	5172540	101284538431	0	37795	0	107456130861	71172874	205370085	1873321	115	2157	1	37
1677699998	539	3086970	3091876	0	5565756	101860620644	0	37811	0	108066976760	71577228	206408027	1883250	116	2168	1	37
1677700000	541	3065882	3070788	0	5174668	102162203830	0	37827	0	108386790409	71789330	207107560	1889152	116	2174	1	37
1677700002	543	3105834	3110740	0	5436812	102710980951	0	37827	0	108968689400	72174590	208107686	1898475	117	2185	1	37
1677700004	545	3097410	3102316	0	5240204	103027514366	0	37827	0	109309386840	72400536	208854815	1904750	117	2190	1	37
1677700006	547	3123982	3128888	0	5375884	103525431329	0	37827	0	109834982597	72748709	209877327	1914086	118	2201	1	37
1677700008	549	3134666	3139572	0	5572492	104067954828	0	37843	0	110410253974	73129619	210919633	1923692	119	2211	1	37
1677700010	551	3149238	3154144	0	5395908	104509777072	0	37843	0	110880425449	73441098	211686151	1930293	119	2217	1	37
1677700012	553	3123170	3128076	0	5371156	104874781081	0	37859	0	111265822072	73696667	212534728	1937668	120	2228	1	37
1677700014	555	3137850	3142756	0	5633300	105383835448	0	37859	0	111805615671	74054249	213613611	1947528	120	2239	1	37
1677700016	557	3129570	3134476	0	5500220	105922358228	0	37859	0	112376644017	74432341	214623894	1956891	121	2249	1	37
1677700018	559	3156994	3161900	0	5827900	106195901937	0	37859	0	112666716341	74624630	215185375	1961474	121	2255	1	37
1677700020	561	3143886	3148792	0	5893436	106473959528	0	37859	0	112961575383	74820097	215811936	1967040	122	2261	1	37
1677700022	563	3131210	3136116	0	5500220	107010039004	0	37859	0	113530014880	75196505	216742576	1975376	122	2271	1	37
1677700024	565	3123206	3128112	0	5369148	107531955809	0	37875	0	114083583918	75563200	217682473	1983625	123	2279	1	37
1677700026	567	3117062	3121968	0	5303612	107827882403	0	37875	0	114397272254	75771374	218422121	1989709	123	2288	1	37
1677700028	569	3142794	3147700	0	5631292	108091112337	0	37875	0	114676381002	75956056	219047125	1995886	123	2293	1	37
1677700030	571	3130854	3135760	0	5436952	108594405201	0	37875	0	115210068409	76309623	220081975	2005157	124	2302	1	37
1677700032	573	3122622	3127528	0	5371416	109017660554	0	37875	0	115658895678	76607113	220992125	2013050	125	2310	1	37
1677700034	575	3120570	3125476	0	5305880	109422044503	0	37875	0	116087713626	76891390	221929536	2021286	125	2320	1	37
1677700036	577	3145138	3150044	0	5764632	109951263280	0	37875	0	116650198764	77263817	222873285	2029793	126	2330	1	37
1677700038	579	3117066	3121972	0	5303612	110231190060	0	37891	0	116947047223	77460699	223468128	2034714	126	2336	1	37
1677700040	581	3152930	3157836	0	5696828	110740885978	0	37891	0	117487509325	77818566	224370276	2042893	127	2347	1	37
1677700042	583	3130342	3135248	0	5369148	111106657126	0	37891	0	117879429090	78078513	225301767	2050858	127	2353	1	37
1677700044	585	3149706	3154612	0	5565756	111521844634	0	37891	0	118315645732	78367362	226299592	2060262	128	2362	1	37
1677700046	587	3142494	3147400	0	5434684	112055433564	0	37891	0	118881450195	78742103	227386281	2070293	128	2373	1	37
1677700048	589	3128294	3133200	0	5303612	112339222748	0	37891	0	119182402033	78941812	228090229	2076119	129	2379	1	37
1677700050	591	3134054	3138960	0	5369148	112785371815	0	37891	0	119655663684	79255162	228860143	2083138	129	2385	1	37
1677700052	593	3153478	3158384	0	5631292	113122055416	0	37891	0	120012497239	79491574	229584103	2089679	130	2395	1	37
1677700054	595	3132010	3136916	0	5369148	113567995032	0	37891	0	120485446121	79804916	230368291	2096338	130	2401	1	37
1677700056	597	3156186	3161092	0	5631292	113903031619	0	37891	0	120840646064	80040340	231082581	2102489	131	2412	1	37
1677700058	599	3166410	3171316	0	5762364	114431449001	0	37891	0	121400969509	80411492	232029336	2110918	131	2422	1	37
1677700060	601	3134086	3138992	0	5305860	114803987997	0	37907	0	121797562184	80674433	232803036	2117298	132	2428	1	37
1677700062	603	3136266	3141172	0	5371396	115215112360	0	37907	0	122231990814	80962458	233713315	2125083	132	2439	1	37
1677700064	605	3192630	3197536	0	5699076	115723292849	0	37907	0	122770840106	81319190	234570909	2133066	133	2449	1	37
1677700066	607	3182470	3187376	0	5568004	115988988900	0	37907	0	123052617490	81506138	235243276	2138742	133	2455	1	37
1677700068	609	3185070	3189976	0	5568004	116490497159	0	37907	0	123584381224	81858213	236153019	2147069	134	2463	1	37
1677700070	611	3175214	3180120	0	5439180	116756351043	0	37907	0	123866315489	82045336	236811759	2152467	134	2470	1	37
1677700072	613	3182494	3187400	0	5504716	117263529756	0	37907	0	124404128653	82401431	237786976	2161457	135	2478	1	37
1677700074	615	3180666	3185572	0	5439180	117516371308	0	37907	0	124672249612	82579463	238523279	2167489	135	2486	1	37
1677700076	617	3188966	3193872	0	5570252	118021155540	0	37907	0	125207503461	82933886	239411978	2175574	136	2496	1	37
1677700078	619	3194746	3199652	0	5635788	118286139811	0	37907	0	125488492717	83120029	239930673	2180190	136	2501	1	37
1677700080	621	3185810	3190716	0	5504716	118554199300	0	37907	0	125772758184	83308591	240514911	2185011	137	2507	1	37
1677700082	623	3203346	3208252	0	5701324	119055678135	0	37907	0	126304514793	83660792	241427901	2193012	137	2518	1	37
1677700084	625	3183758	3188664	0	5439180	119561548079	0	37907	0	126840925990	84016045	242290694	2200642	138	2525	1	37
1677700086	627	3203574	3208480	0	5635788	119824149159	0	37907	0	127119388793	84200573	242769739	2204673	138	2534	1	37
1677700088	629	3183810	3188716	0	5439180	120089070558	0	37907	0	127400336351	84387067	243524090	2210942	138	2539	1	37
1677700090	631	3186706	3191612	0	5504716	120574515638	0	37907	0	127915087850	84727958	244462329	2219532	139	2548	1	37
1677700092	633	3185066	3189972	0	5439180	120838796699	0	37907	0	128195350646	84913927	245052533	2224307	139	2554	1	37
1677700094	635	3208642	3213548	0	5832396	121345240608	0	37907	0	128732364224	85269499	245954150	2232470	140	2564	1	37
1677700096	637	3187114	3192020	0	5439180	121625151423	0	37907	0	129029200997	85466447	246635272	2238150	141	2571	1	37
1677700098	639	3211730	3216636	0	5800852	122144987154	0	37907	0	129580415850	85831442	247601160	2247020	141	2581	1	37
1677700100	641	3183278	3188184	0	5436932	122420788901	0	37907	0	129872903638	86025530	248372777	2253542	142	2587	1	37
1677700102	643	3193954	3198860	0	5633540	122935685143	0	37923	0	130418888402	86387150	249393845	2262947	142	2597	1	37
1677700104	645	3179106	3184012	0	5405388	123204485176	0	37923	0	130704374167	86576435	250279447	2270968	142	2603	1	37
1677700106	647	3207402	3212308	0	5893436	123741114933	0	37923	0	131273390456	86953145	251182357	2279234	143	2614	1	37
1677700108	649	3198210	3203116	0	5958972	124006096884	0	37939	0	131554389973	87139510	251768017	2284204	143	2619	1	37
1677700110	651	3187310	3192216	0	5500220	124263719242	0	37939	0	131827578689	87320607	252364622	2289471	144	2625	1	37
1677700112	653	3204210	3209116	0	5762364	124776292554	0	37939	0	132371099869	87680596	253337511	2298131	144	2635	1	37
1677700114	655	3199066	3203972	0	5633340	125343680656	0	37939	0	132972746363	88079109	254421863	2307918	145	2647	1	37
1677700116	657	3193006	3197912	0	5567804	125869933122	0	37939	0	133530777748	88448785	255488440	2317458	145	2656	1	37
1677700118	659	3182618	3187524	0	5436884	126315650459	0	37939	0	134003422630	88762043	256702077	2328332	146	2664	1	37
1677700120	661	3189002	3193908	0	5567956	126637853556	0	37955	0	134345090210	88988492	257433720	2334868	146	2674	1	37
1677700122	663	3213538	3218444	0	5633492	127150409210	0	37955	0	134888598090	89348550	258646996	2346174	147	2683	1	37
1677700124	665	3207218	3212124	0	5502420	127167031788	0	37971	0	134906258661	89360690	258886563	2347642	147	2686	1	37
1677700126	667	3215974	3220880	0	5567956	127621870640	0	37971	0	135388546543	89679977	259713550	2355538	148	2694	1	37
1677700128	669	3209510	3214416	0	5502420	127877679704	0	37971	0	135659824922	89859972	260364608	2361069	148	2700	1	37
1677700130	671	3211558	3216464	0	5567956	128381299641	0	37971	0	136193848585	90213629	261518967	2371679	149	2710	1	37
1677700132	673	3209510	3214416	0	5502420	128638810766	0	37971	0	136466938498	90394903	262258288	2377912	149	2715	1	37
1677700134	675	3249010	3253916	0	5699028	129077339335	0	37971	0	136931942544	90702873	263081269	2385364	150	2724	1	37
1677700136	677	3273054	3277960	0	5699028	129550709676	0	37971	0	137433902845	91035462	264013167	2393661	150	2733	1	37
1677700138	679	3302318	3307224	0	5699028	129800642251	0	37971	0	137698968803	91211281	264606104	2398531	151	2738	1	37
1677700140	681	3268838	3273744	0	5633540	130046126751	0	37971	0	137959266664	91383863	265084613	2402537	151	2744	1	37
1677700142	683	3286698	3291604	0	5699076	130515229676	0	37971	0	138456696424	91713397	265975313	2410336	152	2753	1	37
1677700144	685	3274458	3279364	0	5699076	130963462404	0	37987	0	138932077563	92028468	266883033	2418084	152	2759	1	37
1677700146	687	3326078	3330984	0	5790344	131210116552	0	37987	0	139193580798	92201997	267518160	2423327	153	2766	1	37
1677700148	689	3319378	3324284	0	5724808	131426614356	0	37987	0	139423184643	92354512	268146228	2428412	153	2771	1	37
1677700150	691	3353394	3358300	0	5855880	131858827222	0	37987	0	139881493772	92658061	268983028	2436071	153	2779	1	37
1677700152	693	3379986	3384892	0	5921416	132276157599	0	37987	0	140324037178	92951361	269896279	2444107	154	2785	1	37
1677700154	695	3353730	3358636	0	5859716	132515876251	0	38003	0	140578251536	93120034	270490861	2449064	154	2791	1	37
1677700156	697	3340298	3345204	0	5786892	132747934838	0	38003	0	140824354241	93283455	271127835	2454282	155	2796	1	37
1677700158	699	3344838	3349744	0	5915148	133191109133	0	38003	0	141294290376	93594771	272020055	2462219	155	2805	1	37
1677700160	701	3339098	3344004	0	5843160	133656415048	0	38019	0	141787697877	93921666	272898249	2469981	156	2812	1	37
1677700162	703	3371706	3376612	0	5932920	133905152373	0	38019	0	142051478847	94096710	273483334	2474610	156	2819	1	37
1677700164	705	3353738	3358644	0	5916684	134354215048	0	38019	0	142527668453	94412285	274406265	2482760	157	2827	1	37
1677700166	707	3314794	3319700	0	5794832	134583286868	0	38019	0	142770607717	94573666	275088839	2488323	158	2832	1	37
1677700168	709	3378678	3383584	0	5989064	135026804906	0	38019	0	143240915291	94885176	276185929	2498451	158	2841	1	37
1677700170	711	3336054	3340960	0	5919548	135487471031	0	38019	0	143729405128	95208847	277126923	2506759	159	2848	1	37
1677700172	713	3328050	3332956	0	5763068	135737526651	0	38019	0	143994594945	95384970	277844452	2512498	159	2855	1	37
1677700174	715	3381778	3386684	0	5919844	136190075996	0	38019	0	144474462595	95702732	278701473	2520465	160	2863	1	37
1677700176	717	3331598	3336504	0	5794832	136204166444	0	38019	0	144489430394	95712990	278884202	2521593	160	2864	1	37
1677700178	719	3331598	3336504	0	5794832	136204166444	0	38019	0	144489430619	95712993	278885009	2521599	160	2864	1	37
1677700180	721	3399782	3404688	0	5988600	136439191594	0	38019	0	144738636310	95877923	279308142	2525645	160	2868	1	37
1677700182	723	3339826	3344732	0	5794832	136669329076	0	38019	0	144982700265	96039981	279971829	2531223	161	2873	1	37
1677700184	725	3415666	3420572	0	5925208	137110073467	0	38019	0	145450052137	96349484	280791518	2538698	161	2882	1	37
1677700186	727	3342578	3347484	0	5794832	137391252604	0	38019	0	145748691539	96547651	281516723	2544707	162	2888	1	37
1677700188	729	3406406	3411312	0	5953996	137847063465	0	38019	0	146231583908	96867688	282438117	2552714	162	2897	1	37
1677700190	731	3418974	3423880	0	5992964	138311570576	0	38019	0	146724131839	97193868	283452198	2562086	163	2907	1	37
1677700192	733	3410074	3414980	0	5983300	138544470909	0	38019	0	146971104933	97357588	283938100	2566202	163	2911	1	37
1677700194	735	3399070	3403976	0	5947060	138557994447	0	38019	0	146985460213	97367283	284052902	2566917	163	2912	1	37
1677700196	737	3401874	3406780	0	5983992	139033428964	0	38019	0	147489605390	97701271	285132814	2577040	164	2920	1	37
1677700198	739	3375258	3380164	0	5955200	139138172543	0	38019	0	147600688890	97775044	285454289	2579643	164	2923	1	37
1677700200	741	3415374	3420280	0	6050620	139594394081	0	38019	0	148084467184	98095619	286470583	2588898	164	2932	1	37
1677700202	743	3360902	3365808	0	5860368	139862378897	0	38019	0	148368647616	98284041	287128281	2594821	165	2937	1	37
1677700204	745	3412126	3417032	0	6050620	140250058340	0	38019	0	148779746624	98556484	288030286	2602922	165	2944	1	37
1677700206	747	3361186	3366092	0	5860368	140565493842	0	38019	0	149114250671	98778344	288849033	2610131	166	2951	1	37
1677700208	749	3428206	3433112	0	6054572	140806243019	0	38019	0	149369526109	98947297	289218771	2613560	166	2957	1	37
1677700210	751	3422766	3427672	0	6057656	141049929653	0	38019	0	149627933179	99118547	289728516	2618042	166	2962	1	37
1677700212	753	3387266	3392172	0	6021320	141471045451	0	38019	0	150074812437	99414700	290647895	2626119	167	2968	1	37
1677700214	755	3375874	3380780	0	5860368	141767646967	0	38019	0	150389051573	99623206	291412330	2632654	167	2976	1	37
1677700216	757	3485558	3490464	0	6082644	142219297460	0	38019	0	150867969104	99940367	292289593	2640660	168	2984	1	37
1677700218	759	3349902	3354808	0	5794832	142490685367	0	38019	0	151155785262	100131545	293098415	2647098	168	2991	1	37
1677700220	761	3456574	3461480	0	6123776	142975306706	0	38019	0	151669665353	100471891	294001065	2655228	169	3001	1	37
1677700222	763	3394938	3399844	0	6079604	143439951519	0	38019	0	152162369574	100798302	294921528	2663544	170	3008	1	37
1677700224	765	3472598	3477504	0	6081816	143701769019	0	38019	0	152440009086	100982385	295474307	2668180	170	3015	1	37
1677700226	767	3388622	3393528	0	5925904	143707494456	0	38019	0	152446106038	100986747	295632348	2669085	170	3016	1	37
1677700228	769	3475326	3480232	0	6123548	144193200703	0	38019	0	152961133575	101327814	296472432	2676590	171	3025	1	37
1677700230	771	3448182	3453088	0	6096864	144677575366	0	38019	0	153474756622	101668053	297489466	2685917	171	3034	1	37
1677700232	773	3473674	3478580	0	6122404	144927738467	0	38019	0	153740044522	101843996	298019649	2690173	172	3040	1	37
1677700234	775	3481842	3486748	0	6121496	145406384723	0	38019	0	154247606801	102180386	298957552	2698196	173	3050	1	37
1677700236	777	3415534	3420440	0	5991440	145643245787	0	38019	0	154498797207	102347126	299500340	2702414	173	3055	1	37
1677700238	779	3473710	3478616	0	6123832	146099803069	0	38019	0	154983954078	102668460	300816015	2714807	173	3064	1	37
1677700240	781	3465022	3469928	0	6085104	146327670501	0	38019	0	155225624403	102828846	301335334	2718978	174	3069	1	37
1677700242	783	3489458	3494364	0	6123184	146794627230	0	38019	0	155720750726	103156743	302215798	2726832	174	3078	1	37
1677700244	785	3435354	3440260	0	6056976	147045720334	0	38019	0	155987041191	103333592	302880177	2732052	175	3084	1	37
1677700246	787	3485054	3489960	0	6123128	147515748424	0	38019	0	156485446419	103663680	303785249	2740259	175	3093	1	37
1677700248	789	3427582	3432488	0	5991440	147762784424	0	38019	0	156747423794	103837533	304393696	2745310	176	3098	1	37
1677700250	791	3435190	3440096	0	6116156	148201170354	0	38019	0	157213567478	104146158	305605107	2757068	176	3106	1	37
1677700252	793	3435958	3440864	0	6181236	148438900717	0	38019	0	157465683976	104313568	306291682	2762823	177	3111	1	37
1677700254	795	3486178	3491084	0	6178324	148888603819	0	38019	0	157942543879	104629478	307213327	2771106	177	3120	1	37
1677700256	797	3435958	3440864	0	6086272	149121741896	0	38019	0	158189795180	104793712	307868011	2776287	178	3124	1	37
1677700258	799	3493438	3498344	0	6122084	149547187992	0	38035	0	158640934240	105092590	308821601	2784957	178	3132	1	37
1677700260	801	3473306	3478212	0	6049696	149812060308	0	38035	0	158922412627	105279454	309520054	2790731	179	3137	1	37
1677700262	803	3431862	3436768	0	5991440	150207270711	0	38035	0	159340920895	105556871	310424045	2798691	179	3145	1	37
1677700264	805	3501066	3505972	0	6181692	150635081389	0	38035	0	159794573541	105857486	311282065	2806064	180	3153	1	37
1677700266	807	3507158	3512064	0	6274628	150847439156	0	38035	0	160019760782	106006745	311713395	2809910	180	3157	1	37
1677700268	809	3517070	3521976	0	6251540	151058010129	0	38035	0	160243077706	106155071	312309006	2814785	181	3161	1	37
1677700270	811	3504062	3508968	0	6177224	151465763121	0	38035	0	160675465582	106441653	313157434	2821986	181	3168	1	37
1677700272	813	3462454	3467360	0	6025204	151701222634	0	38035	0	160925179538	106607526	313848603	2827636	182	3173	1	37
1677700274	815	3521470	3526376	0	6310728	152114082710	0	38035	0	161362982323	106897713	314741960	2835690	182	3181	1	37
1677700276	817	3526614	3531520	0	6314172	152533217980	0	38051	0	161807433104	107192189	315654829	2843750	183	3188	1	37
1677700278	819	3447542	3452448	0	5991440	152747453265	0	38051	0	162034638037	107343134	316215185	2848142	183	3192	1	37
1677700280	821	3531674	3536580	0	6315188	153164479508	0	38051	0	162476849245	107636099	317015744	2855126	184	3200	1	37
1677700282	823	3489078	3493984	0	6287268	153565996676	0	38051	0	162902632211	107918397	317905090	2862692	185	3206	1	37
1677700284	825	3507198	3512104	0	6209316	153805192287	0	38051	0	163156303409	108086850	318559576	2868067	185	3212	1	37
1677700286	827	3545014	3549920	0	6319068	154236369253	0	38051	0	163613526037	108389846	319469386	2876102	186	3220	1	37
1677700288	829	3478998	3483904	0	6287420	154614171615	0	38051	0	164014164427	108655513	320254932	2882542	186	3225	1	37
1677700290	831	3447558	3452464	0	5991440	154893433099	0	38067	0	164310322512	108852142	321044289	2889072	187	3232	1	37
1677700292	833	3468762	3473668	0	6283464	155243822827	0	38083	0	164682027858	109098389	321727737	2895139	187	3236	1	37
1677700294	835	3527110	3532016	0	6333716	155534222184	0	38083	0	164989833714	109302621	322453970	2901359	188	3244	1	37
1677700296	837	3523314	3528220	0	6305908	155980659373	0	38083	0	165463229957	109616226	323304526	2908841	188	3251	1	37
1677700298	839	3505362	3510268	0	6141124	156209523704	0	38115	0	165705951065	109777479	323966658	2914112	189	3256	1	37
1677700300	841	3550186	3555092	0	6348932	156589508363	0	38115	0	166108885658	110044462	324701351	2920608	189	3263	1	37
1677700302	843	3550770	3555676	0	6342504	156842025949	0	38115	0	166376663853	110221996	325328730	2926110	190	3268	1	37
1677700304	845	3545690	3550596	0	6382272	157261753996	0	38115	0	166821755464	110517080	326182158	2933275	190	3276	1	37
1677700306	847	3485118	3490024	0	6312764	157645715354	0	38115	0	167228918116	110786988	326978126	2940016	191	3281	1	37
1677700308	849	3582098	3587004	0	6415280	157937027792	0	38115	0	167537829779	110991739	327666461	2946295	191	3288	1	37
1677700310	851	3477610	3482516	0	6056976	158167038392	0	38115	0	167781763840	111153764	328232018	2950549	192	3293	1	37
1677700312	853	3563450	3568356	0	6410868	158588082003	0	38131	0	168228230865	111449504	329055436	2957986	192	3301	1	37
1677700314	855	3483134	3488040	0	6086856	158880507214	0	38131	0	168540152352	111656593	329823242	2964202	193	3306	1	37
1677700316	857	3600378	3605284	0	6447648	159245579986	0	38131	0	168925473661	111911866	330734977	2972442	193	3313	1	37
1677700318	859	3552606	3557512	0	6396432	159692579787	0	38131	0	169399477275	112226013	331658072	2980589	194	3321	1	37
1677700320	861	3480522	3485428	0	6086272	159912782613	0	38131	0	169633011852	112381164	332288101	2985687	195	3326	1	37
1677700322	863	3562162	3567068	0	6345396	160345373430	0	38131	0	170091724326	112685018	333102072	2992880	195	3334	1	37
1677700324	865	3609762	3614668	0	6416444	160585820531	0	38131	0	170346706935	112854127	333657440	2997454	196	3339	1	37
1677700326	867	3578802	3583708	0	6509372	161028105480	0	38131	0	170815704116	113164862	334464588	3004483	196	3345	1	37
1677700328	869	3641226	3646132	0	6544160	161322363892	0	38147	0	171127745441	113371755	335271937	3011483	197	3353	1	37
1677700330	871	3541010	3545916	0	6188048	161566602196	0	38147	0	171386766524	113543685	336000906	3017628	197	3358	1	37
1677700332	873	3638158	3643064	0	6546896	162056076691	0	38147	0	171905789130	113887390	336882207	3025584	198	3367	1	37
1677700334	875	3568302	3573208	0	6509372	162471939391	0	38163	0	172346902798	114179684	337685469	3032607	198	3373	1	37
1677700336	877	3644950	3649856	0	6546592	162546827347	0	38163	0	172426185541	114232270	337891190	3034409	198	3377	1	37
1677700338	879	3563142	3568048	0	6509372	162904551833	0	38163	0	172806791614	114484637	338599669	3040197	199	3382	1	37
1677700340	881	3552602	3557508	0	6217344	163295590372	0	38163	0	173220199606	114758713	339459396	3047580	199	3392	1	37
1677700342	883	3639278	3644184	0	6480832	163777571610	0	38163	0	173731285564	115097271	340409472	3056041	200	3401	1	37
1677700344	885	3630586	3635492	0	6527656	164247159963	0	38163	0	174229231925	115427140	341305326	3064031	201	3409	1	37
1677700346	887	3563266	3568172	0	6253584	164515050481	0	38163	0	174513333219	115615792	341960010	3069098	201	3415	1	37
1677700348	889	3662906	3667812	0	6546112	164978741169	0	38163	0	175005018984	115941431	342784733	3076441	202	3424	1	37
1677700350	891	3637150	3642056	0	6574908	165435243753	0	38163	0	175489097986	116262231	343658369	3083943	202	3431	1	37
1677700352	893	3722966	3727872	0	6614376	165695245853	0	38163	0	175764813803	116445054	344219950	3088556	203	3438	1	37
1677700354	895	3720098	3725004	0	6722572	166141790418	0	38163	0	176238478767	116758944	345083769	3095984	204	3445	1	37
1677700356	897	3755454	3760360	0	6733304	166395427824	0	38163	0	176507293907	116937108	345609993	3100574	204	3451	1	37
1677700358	899	3759550	3764456	0	6733304	166404755322	0	38163	0	176517199796	116943870	345722726	3101225	204	3451	1	37
1677700360	901	3693278	3698184	0	6604204	166695104221	0	38163	0	176826584125	117149154	346392684	3106819	204	3456	1	37
1677700362	903	3813642	3818548	0	6770536	167059061234	0	38163	0	177211036358	117403755	347076446	3112926	205	3464	1	37
1677700364	905	3837922	3842828	0	6924528	167556408781	0	38163	0	177738427122	117753255	348105702	3121966	206	3473	1	37
1677700366	907	3733538	3738444	0	6479488	167771819506	0	38163	0	177966880438	117905043	348689420	3126512	206	3477	1	37
1677700368	909	3756086	3760992	0	6676096	168001353126	0	38163	0	178210318480	118066552	349248598	3131116	206	3481	1	37
1677700370	911	3835466	3840372	0	6959776	168419425737	0	38163	0	178653622633	118360344	350173062	3139399	207	3489	1	37
1677700372	913	3850758	3855664	0	6939272	168845208157	0	38163	0	179105126420	118659569	351011053	3146485	208	3496	1	37
1677700374	915	3841718	3846624	0	6975700	169288392865	0	38163	0	179575123782	118971082	352002949	3155243	208	3504	1	37
1677700376	917	3806606	3811512	0	6807168	169533745379	0	38179	0	179835331206	119143947	352665615	3160280	209	3508	1	37
1677700378	919	3896862	3901768	0	7125664	169964349975	0	38179	0	180291929783	119446312	353401150	3166920	209	3516	1	37
1677700380	921	3908934	3913840	0	7142464	170175769586	0	38179	0	180516133734	119595060	353863054	3170547	210	3520	1	37
1677700382	923	3933958	3938864	0	7090688	170398072237	0	38179	0	180751889489	119751609	354425436	3175089	210	3524	1	37
1677700384	925	3991526	3996432	0	7293064	170851613525	0	38179	0	181232816618	120070170	355295433	3182811	211	3532	1	37
1677700386	927	3931810	3936716	0	7062956	171095683481	0	38179	0	181491854349	120242306	355968366	3187985	211	3537	1	37
1677700388	929	4011198	4016104	0	7316684	171512651200	0	38179	0	181933813842	120535073	356758184	3194947	212	3544	1	37
1677700390	931	4008030	4012936	0	7316832	171933669461	0	38179	0	182380277731	120830981	357809762	3204492	212	3552	1	37
1677700392	933	3981402	3986308	0	7120224	172143927996	0	38179	0	182603269024	120979170	358422194	3209356	213	3555	1	37
1677700394	935	4021014	4025920	0	7290736	172550346425	0	38179	0	183034236939	121264764	359301417	3217099	213	3562	1	37
1677700396	937	3987618	3992524	0	7197940	172760093923	0	38179	0	183256682185	121412521	359904799	3221963	213	3566	1	37
1677700398	939	4030930	4035836	0	7316664	173134259000	0	38179	0	183653471170	121675752	360802726	3229551	214	3573	1	37
1677700400	941	4037090	4041996	0	7314892	173510190271	0	38179	0	184052119381	121940029	361665681	3236977	215	3579	1	37
1677700402	943	4065810	4070716	0	7382008	173886872511	0	38179	0	184451571399	122204932	362560913	3244716	215	3585	1	37
1677700404	945	3840450	3845356	0	6676096	174076800966	0	38179	0	184653013569	122338957	363144796	3249179	216	3589	1	37
1677700406	947	3893714	3898620	0	6713840	174254778814	0	38179	0	184841739135	122463974	363521587	3252542	216	3593	1	37
1677700408	949	3845010	3849916	0	6646800	174452974495	0	38179	0	185051941824	122603713	364134264	3257374	216	3596	1	37
1677700410	951	3880230	3885136	0	6701000	174794753401	0	38195	0	185414372289	122843966	364925495	3264331	217	3602	1	37
1677700412	953	3884634	3889540	0	6705980	175140919919	0	38195	0	185781467830	123087478	365790265	3271916	217	3609	1	37
1677700414	955	3829242	3834148	0	6610560	175402388824	0	38195	0	186058876368	123271754	366538688	3278014	218	3612	1	37
1677700416	957	3869770	3874676	0	6638672	175663414249	0	38195	0	186335563683	123455170	367125122	3283179	218	3618	1	37
1677700418	959	3848438	3853344	0	6640444	175855643340	0	38195	0	186539442845	123590759	367804159	3288614	219	3621	1	37
1677700420	961	3870910	3875816	0	6640444	176197670691	0	38195	0	186902151884	123831396	368743932	3296940	219	3627	1	37
1677700422	963	3829242	3834148	0	6610560	176544199626	0	38195	0	187269638680	124075254	369647119	3304582	220	3633	1	37
1677700424	965	3805282	3810188	0	6545024	176893825352	0	38195	0	187640390063	124321017	370418818	3311433	220	3639	1	37
1677700426	967	3807334	3812240	0	6545024	176905816462	0	38195	0	187653206813	124329923	370643054	3312809	221	3641	1	37
1677700428	969	3807606	3812512	0	6545024	177235426373	0	38195	0	188002678269	124561769	371399937	3319160	222	3649	1	37
1677700430	971	3807606	3812512	0	6545024	177577737528	0	38195	0	188365673856	124802402	372190811	3326186	223	3657	1	37
1677700432	973	3807606	3812512	0	6545024	177766272750	0	38211	0	188565625185	124935258	372726407	3330520	223	3662	1	37
1677700434	975	3807606	3812512	0	6545024	178037137534	0	38211	0	188853256049	125126024	373386173	3336074	224	3667	1	37
1677700436	977	3807606	3812512	0	6545024	178288844135	0	38227	0	189119801843	125303010	374083415	3341963	225	3675	1	37
1677700438	979	3807606	3812512	0	6545024	178650841896	0	38243	0	189503671840	125557442	374870031	3348847	226	3683	1	37
1677700440	981	3807606	3812512	0	6545024	178848805116	0	38243	0	189713634424	125697113	375536441	3354116	227	3688	1	37
1677700442	983	3807606	3812512	0	6545024	179080907161	0	38243	0	189961080495	125861211	376102479	3358997	227	3692	1	37
1677700444	985	3807606	3812512	0	6545024	179371878037	0	38243	0	190268324048	126064947	376741216	3364420	228	3701	1	37
1677700446	987	3807606	3812512	0	6545024	179715202817	0	38243	0	190632412986	126306550	377627466	3371969	229	3709	1	37
1677700448	989	3783018	3787924	0	6479488	179850988094	0	38243	0	190776410523	126402084	378024744	3375394	230	3711	1	37
1677700450	991	3783018	3787924	0	6479488	180081217860	0	38243	0	191020566033	126564129	378629063	3380477	230	3719	1	37
1677700452	993	3783018	3787924	0	6479488	180439934240	0	38243	0	191400973118	126816500	379500040	3387864	231	3728	1	37
1677700454	995	3783018	3787924	0	6479488	180626430704	0	38243	0	191598775282	126948086	380098819	3392364	232	3734	1	37
1677700456	997	3783018	3787924	0	6479488	180981478010	0	38243	0	191975277154	127197600	380800919	3398500	233	3742	1	37
1677700458	999	3783018	3787924	0	6479488	181346104857	0	38243	0	192361934370	127453971	381569384	3404980	234	3750	1	37
1677700460	1001	3783018	3787924	0	6479488	181587095728	0	38243	0	192621615622	127626602	382283882	3410511	235	3756	1	37
1677700462	1003	3783018	3787924	0	6479488	181896765244	0	38243	0	192945906266	127841583	382989176	3416662	236	3764	1	37
1677700464	1005	3783018	3787924	0	6479488	182265214215	0	38259	0	193336629437	128100700	384019830	3425740	237	3773	1	37
1677700466	1007	3783018	3787924	0	6479488	182563163109	0	38259	0	193652827959	128310548	384756925	3431915	238	3777	1	37
1677700468	1009	3783018	3787924	0	6479488	182781572987	0	38259	0	193884228641	128464207	385376729	3436979	238	3785	1	37
1677700470	1011	3783018	3787924	0	6479488	183149878548	0	38259	0	194274789614	128723128	386245365	3444688	239	3793	1	37
1677700472	1013	3783018	3787924	0	6479488	183339194823	0	38259	0	194475578478	128856622	386798044	3448968	240	3799	1	37
1677700474	1015	3832646	3837552	0	6621064	183607587234	0	56899	20480	194760090227	129045033	387313104	3453751	240	3805	1	37
1677700476	1017	3832682	3837588	0	6621112	183607587234	0	402317	368640	194760090836	129045042	387315043	3453763	241	3807	1	37
