Time	wtime	pss	rss	swap	vmem	rchar	read_bytes	wchar	write_bytes	rx_bytes	rx_packets	tx_bytes	tx_packets	stime	utime	nprocs	nthreads
1677700480	1	406280	410408	0	613720	36302001	0	35936	0	555	5	798	6	0	0	1	1
1677700482	3	539457	544532	0	1207816	45849456	0	36373	0	170420	150	12659	70	0	2	1	6
1677700484	5	619273	624348	0	1283820	48014080	0	36419	0	170636	153	13523	75	0	4	1	6
1677700486	7	619333	624408	0	1283820	48014080	0	36419	0	170981	158	14462	83	0	6	1	6
1677700488	9	658269	663344	0	1321088	48014080	0	36465	0	171272	162	15467	90	0	8	1	6
1677700490	11	658549	663624	0	1321340	48014412	0	36465	0	171819	166	16611	97	0	10	1	6
1677700492	13	684241	689316	0	1522652	48835203	0	37081	0	1050274	849	48533	312	0	11	1	6
1677700494	15	705909	710984	0	1602916	49109118	0	37281	0	1343811	1082	61107	401	0	13	1	6
1677700496	17	746257	751332	0	6001552	57720526	0	37315	0	10530980	7881	336499	2182	0	14	1	69
1677700498	19	3257509	3262584	0	7703440	819254146	0	37331	0	817998278	542125	1910327	18605	2	26	1	69
1677700500	21	3571557	3576632	0	8162192	853005591	0	37331	0	853826033	566324	2167530	20404	3	32	1	69
1677700502	23	3616757	3621832	0	6521556	919694498	0	37331	0	924575987	613624	2562254	23679	3	36	1	69
1677700504	25	3958553	3963628	0	7735748	1572386712	0	37331	0	1619345542	1073470	4180820	40317	4	48	1	69
1677700506	27	4440057	4445132	0	8518656	2183814394	0	37331	0	2267680276	1502507	5215127	50485	5	61	1	69
1677700508	29	4398749	4403824	0	7277956	2459498707	0	37331	0	2562672941	1698184	5998266	57595	6	64	1	69
1677700510	31	4609941	4615016	0	7510804	3018999184	0	37331	0	3155681440	2090717	7213749	69532	7	77	1	69
1677700512	33	4666009	4671084	0	7576340	3021295303	0	37331	0	3158121716	2092400	7255181	69771	7	78	1	69
1677700514	35	4795321	4800396	0	8821524	3618438349	0	37331	0	3795088615	2513726	8755974	85014	7	89	1	69
1677700516	37	4795337	4800412	0	8821524	3620211338	0	37331	0	3796975168	2515064	8802114	85270	7	90	1	69
1677700518	39	4795337	4800412	0	8821524	3620211338	0	37331	0	3796975393	2515067	8802921	85276	7	90	1	69
1677700520	41	4795337	4800412	0	8821524	3620368352	0	37331	0	3797142472	2515184	8804312	85286	7	90	1	69
1677700522	43	4760125	4765200	0	8195460	3661567284	0	37331	0	3840851051	2544422	9034461	87002	8	91	1	69
1677700524	45	4925709	4930784	0	8660572	4384597998	0	37331	0	4609742460	3053198	10440512	101404	8	105	1	69
1677700526	47	5183693	5188768	0	8791644	4765906139	0	37347	0	5014074876	3321015	11436136	110752	9	113	1	69
1677700528	49	5298941	5304016	0	9119324	5434582946	0	37347	0	5726308484	3792499	13148786	127721	10	127	1	69
1677700530	51	5321357	5326432	0	8690452	5928769545	0	37379	0	6252859382	4141038	14195717	138008	11	135	1	69
1677700532	53	5430661	5435736	0	8859504	6162166237	0	37379	0	6500357357	4305246	14965746	144908	11	143	1	69
1677700534	55	5594345	5599420	0	9199164	6832412413	0	37379	0	7211048565	4775702	16175132	156559	12	158	1	69
1677700536	57	5732941	5738016	0	9741032	7365549098	0	37379	0	7776349384	5149788	17083640	165073	13	169	1	69
1677700538	59	5771009	5776084	0	9835868	7996686878	0	37379	0	8445566812	5592701	18208104	176140	14	182	1	69
1677700540	61	5744757	5749832	0	9180508	8125357602	0	37379	0	8582039140	5683517	18700904	180074	15	185	1	69
1677700542	63	5778337	5783412	0	9377116	8629838891	0	37379	0	9121004660	6040198	20170974	194432	15	195	1	69
1677700544	65	5838877	5843952	0	10163548	9178697495	0	37379	0	9702993672	6425570	21301890	205202	16	208	1	69
1677700546	67	5771057	5776132	0	8983948	9559049966	0	37395	0	10106316333	6692777	22275679	214505	17	214	1	69
1677700548	69	5782621	5787696	0	8990036	10390891398	0	37395	0	10995141457	7280958	23597113	226856	18	227	1	69
1677700550	71	5793841	5798916	0	9055572	10711473088	0	37395	0	11332751240	7504809	24496162	235097	18	240	1	69
1677700552	73	5810801	5815876	0	9383252	11260870249	0	37427	0	11916705321	7891387	25945072	249190	19	251	1	69
1677700554	75	5930309	5935384	0	10169684	11931562013	0	37427	0	12632574259	8364911	27365869	263699	20	264	1	69
1677700556	77	5913789	5918864	0	9776656	11992924151	0	37427	0	12697798668	8408654	27773216	266561	20	266	1	69
1677700558	79	5935361	5940436	0	10169872	12608408477	0	37427	0	13355901104	8844102	29092496	279530	21	279	1	69
1677700560	81	5902305	5907380	0	9973264	13243077938	0	37443	0	14028866822	9289548	30160101	289628	22	293	1	69
1677700562	83	5894057	5899132	0	9776656	13267254912	0	37443	0	14054517835	9306713	30308292	290656	22	294	1	69
1677700564	85	5884093	5889168	0	9317904	13481694366	0	37443	0	14281912668	9457426	30858929	295783	22	298	1	69
1677700566	87	5884093	5889168	0	9317904	13481694382	0	37443	0	14281913006	9457430	30859791	295789	22	298	1	69
1677700568	89	5894869	5899944	0	9448976	13706838525	0	37443	0	14520635091	9615359	31259166	299893	23	302	1	69
1677700570	91	5888989	5894064	0	9248344	14268919990	0	37443	0	15116646582	10010027	32452363	311289	23	314	1	69
1677700572	93	5922037	5927112	0	9576024	14733480712	0	37443	0	15609258235	10336331	33632544	322461	24	323	1	69
1677700574	95	5923033	5928108	0	9444952	15291340830	0	37443	0	16200796492	10728081	34776069	333194	25	333	1	69
1677700576	97	5914485	5919560	0	9185052	15783855222	0	37443	0	16723176128	11074050	35655337	341181	26	344	1	69
1677700578	99	5923157	5928232	0	9316124	15797494565	0	37443	0	16737504507	11083502	35682018	341465	26	346	1	69
1677700580	101	5923157	5928232	0	9316124	15797494565	0	37443	0	16737504875	11083507	35682845	341471	26	346	1	69
1677700582	103	5923157	5928232	0	9316124	15797494565	0	37443	0	16737505085	11083510	35683571	341476	26	346	1	69
1677700584	105	5926885	5931960	0	9316124	15812436460	0	37443	0	16753354746	11094077	35753887	341986	26	346	1	69
1677700586	107	5959473	5964548	0	9973760	16285812876	0	37443	0	17257633508	11427546	36965409	354557	26	356	1	69
1677700588	109	5959473	5964548	0	9973760	16288293983	0	37443	0	17260264353	11429288	36969635	354603	26	356	1	69
1677700590	111	5963605	5968680	0	10039296	16321116149	0	37443	0	17295070857	11452395	37052319	355311	26	356	1	69
1677700592	113	5951417	5956492	0	9449472	16950245044	0	37443	0	17965402991	11896080	38224760	366370	27	368	1	69
1677700594	115	5923313	5928388	0	9121792	17037859014	0	37443	0	18058356934	11958285	38762287	370297	28	371	1	69
1677700596	117	5944233	5949308	0	9383936	17631958099	0	37443	0	18688288610	12375045	39924790	382369	28	383	1	69
1677700598	119	5955397	5960472	0	9449472	18086719014	0	37443	0	19170489522	12694210	40763614	390278	29	392	1	69
1677700600	121	5946309	5951384	0	9318400	18247007855	0	37443	0	19340492966	12807266	41367214	395029	30	396	1	69
1677700602	123	5914561	5919636	0	9206620	18882311292	0	37443	0	20014128992	13253132	42520629	406326	31	409	1	69
1677700604	125	5979301	5984376	0	9443460	19483874685	0	37443	0	20651972937	13675072	43494785	416033	31	419	1	69
1677700606	127	6018853	6023928	0	9536448	20109065255	0	37443	0	21319072269	14116747	44867107	428697	32	430	1	69
1677700608	129	6021137	6026212	0	9442164	20195455771	0	37443	0	21410398139	14177846	45345101	432109	33	438	1	69
1677700610	131	6136681	6141756	0	10199536	20791216784	0	37443	0	22044524977	14597329	46602415	444262	33	451	1	69
1677700612	133	6198045	6203120	0	10383704	21460268706	0	37443	0	22755428169	15067845	47913567	456478	34	465	1	69
1677700614	135	6032209	6037284	0	9308396	21575481140	0	37443	0	22877636908	15149293	48422176	460400	35	467	1	69
1677700616	137	6243025	6248100	0	10088144	22112360517	0	37443	0	23450777106	15528531	49592494	472208	36	480	1	69
1677700618	139	6254129	6259204	0	10447528	22756990802	0	37459	0	24134302907	15980933	50637376	481747	36	494	1	69
1677700620	141	6253285	6258360	0	10422816	23406071129	0	37459	0	24826539134	16439126	51751820	492297	38	509	1	69
1677700622	143	6281689	6286764	0	10122616	24035558099	0	37459	0	25494015644	16881006	52812660	501914	38	522	1	69
1677700624	145	6164713	6169788	0	9534300	24304136929	0	37459	0	25793688126	17079838	54028340	512335	39	526	1	69
1677700626	147	6264829	6269904	0	10087180	24709032664	0	37459	0	26211826830	17356648	54946111	521242	40	539	1	69
1677700628	149	6315801	6320876	0	10376452	25337145130	0	37459	0	26883753249	17801183	56012010	531902	41	550	1	69
1677700630	151	6208241	6213316	0	9635372	25530734137	0	37459	0	27089071404	17937700	56745362	537914	41	556	1	69
1677700632	153	6325281	6330356	0	10438404	25992880513	0	37459	0	27579097570	18261972	57532012	545492	42	566	1	69
1677700634	155	6213189	6218264	0	9671612	26157177399	0	37459	0	27753835314	18378099	58067418	549958	42	570	1	69
1677700636	157	6345509	6350584	0	10343088	26606402029	0	37459	0	28234466082	18695970	58854626	557792	43	580	1	69
1677700638	159	6315081	6320156	0	10255196	27201915710	0	37459	0	28865924734	19114073	60040751	569016	44	590	1	69
1677700640	161	6323613	6328688	0	9766444	27822639002	0	37459	0	29526876548	19551621	61233521	580573	45	602	1	69
1677700642	163	6372545	6377620	0	9967808	28241990680	0	37459	0	29971711162	19846438	62179857	588832	45	613	1	69
1677700644	165	6430717	6435792	0	10582876	28765749509	0	37459	0	30528663728	20215085	63226699	598758	46	626	1	69
1677700646	167	6360313	6365388	0	9997448	29341998591	0	37459	0	31143452327	20621867	64615983	612895	47	634	1	69
1677700648	169	6338177	6343252	0	9999292	29494974012	0	37459	0	31305528120	20729591	65148985	617343	47	642	1	69
1677700650	171	6385257	6390332	0	10517340	30050249608	0	37459	0	31897294595	21121207	66543953	630746	48	654	1	69
1677700652	173	6301669	6306744	0	9776108	30412469784	0	37459	0	32290032646	21381343	67536255	639691	49	657	1	69
1677700654	175	6403001	6408076	0	10718744	30722228318	0	37459	0	32612994418	21595136	68264390	646732	49	669	1	69
1677700656	177	6448441	6453516	0	10783792	31325594838	0	37459	0	33257537977	22021839	69901433	662500	50	682	1	69
1677700658	179	6450433	6455508	0	10457760	31931634187	0	37459	0	33902098710	22448464	71636764	679864	51	695	1	69
1677700660	181	6389505	6394580	0	9902016	32518246303	0	37459	0	34524236168	22860373	72584484	688162	52	701	1	69
1677700662	183	6403253	6408328	0	10028588	32657789430	0	37459	0	34672222908	22959107	73222727	692955	52	714	1	69
1677700664	185	6417409	6422484	0	10130364	33259400568	0	37459	0	35310045268	23381190	74132183	701444	53	727	1	69
1677700666	187	6470041	6475116	0	10517340	33862127628	0	37459	0	35949128420	23804043	75124480	710930	54	741	1	69
1677700668	189	6433621	6438696	0	10320732	34451412072	0	37459	0	36576853730	24219397	76034679	719569	54	750	1	69
1677700670	191	6464117	6469192	0	10032528	34554939804	0	37459	0	36686477082	24292687	76600545	723748	55	757	1	69
1677700672	193	6500513	6505588	0	10531704	35191454452	0	37459	0	37365264250	24741642	77955137	737139	55	771	1	69
1677700674	195	6498281	6503356	0	10714460	35849519748	0	37459	0	38067862896	25206622	79044051	747443	57	786	1	69
1677700676	197	6413261	6418336	0	10094124	35867328484	0	37459	0	38086800160	25219843	79398341	749464	57	786	1	69
1677700678	199	6490749	6495824	0	10591020	36479038107	0	37459	0	38742948306	25653784	80495828	760864	58	799	1	69
1677700680	201	6398569	6403644	0	9832684	36851198724	0	37459	0	39142592072	25918687	81524672	770182	59	804	1	69
1677700682	203	6474801	6479876	0	10357848	37153386159	0	37475	0	39462742896	26130907	82417561	778453	59	814	1	69
1677700684	205	6550509	6555584	0	10455476	37768254062	0	37475	0	40114724584	26562610	83802398	791810	60	827	1	69
1677700686	207	6547197	6552272	0	10443944	38352788108	0	37475	0	40734524724	26972805	84862208	802260	61	837	1	69
1677700688	209	6524709	6529784	0	10188956	38861870744	0	37475	0	41276205469	27331531	85941535	812432	62	848	1	69
1677700690	211	6481589	6486664	0	10190932	39512719203	0	37475	0	41964496119	27787154	87180738	824229	62	861	1	69
1677700692	213	6549725	6554800	0	10219924	39836646228	0	37475	0	42313533046	28018640	88092959	832302	63	870	1	69
1677700694	215	6532865	6537940	0	10266564	40353329395	0	37475	0	42855846410	28377756	89040267	840872	64	883	1	69
1677700696	217	6535389	6540464	0	10339764	40832159452	0	37475	0	43365844068	28715473	90316587	853377	65	894	1	69
1677700698	219	6776073	6781148	0	10988184	41394144502	0	37475	0	43965767769	29112389	91541326	865450	65	906	1	69
1677700700	221	6872793	6877868	0	11191468	42036576791	0	37475	0	44654929131	29568524	93304911	882684	66	920	1	69
1677700702	223	6869033	6874108	0	10989380	42663703996	0	37475	0	45324357090	30011547	94529474	894683	67	931	1	69
1677700704	225	6775837	6780912	0	10407276	42701197505	0	37475	0	45364175871	30038716	94989500	897517	68	935	1	69
1677700706	227	6899609	6904684	0	11062636	43294160129	0	37491	0	45992890070	30454512	95686813	904217	68	950	1	69
1677700708	229	6899609	6904684	0	11062636	43294567525	0	37491	0	45993323256	30454813	95696361	904262	68	950	1	69
1677700710	231	6899609	6904684	0	11062636	43294567525	0	37491	0	45993323725	30454818	95697478	904271	68	950	1	69
1677700712	233	6822725	6827800	0	10768956	43331560173	0	37491	0	46032581957	30481194	95942705	906031	69	951	1	69
1677700714	235	6881345	6886420	0	11125932	43921784941	0	37491	0	46661155223	30896951	97197064	918394	69	965	1	69
1677700716	237	6860281	6865356	0	10798252	44597087272	0	37491	0	47381541728	31373681	98617932	932164	70	974	1	69
1677700718	239	6795341	6800416	0	10405036	44670710686	0	37491	0	47460168763	31426593	99172979	935896	71	982	1	69
1677700720	241	6829521	6834596	0	10470572	45301745707	0	37491	0	48135044458	31873227	100308173	946972	72	997	1	69
1677700722	243	6864629	6869704	0	10667180	45929653966	0	37507	0	48806440247	32317722	101627077	959292	73	1011	1	69
1677700724	245	6938069	6943144	0	11322540	46530900417	0	37507	0	49446113343	32740904	102713804	969989	73	1024	1	69
1677700726	247	6875841	6880916	0	10732716	46574760725	0	37507	0	49492677903	32772394	103131020	972831	74	1025	1	69
1677700728	249	6892149	6897224	0	10601644	47202960834	0	37507	0	50164731052	33217278	104792057	988848	75	1039	1	69
1677700730	251	6962457	6967532	0	11125932	47828578805	0	37507	0	50834551343	33660374	106338451	1004095	76	1053	1	69
1677700732	253	6966009	6971084	0	11257004	48428304135	0	37523	0	51472954547	34083036	107660823	1016380	77	1068	1	69
1677700734	255	6925145	6930220	0	11191468	49065810464	0	37523	0	52148925141	34530399	108629812	1025313	78	1079	1	69
1677700736	257	6935701	6940776	0	11322540	49072371934	0	37523	0	52155882103	34534998	108639938	1025427	78	1083	1	69
1677700738	259	6939913	6944988	0	11388076	49084390363	0	37523	0	52168647951	34543755	108804005	1026354	78	1083	1	69
1677700740	261	6910905	6915980	0	11125932	49710719977	0	37523	0	52835307233	34985011	110089964	1038614	79	1098	1	69
1677700742	263	6852349	6857424	0	10601644	49787491055	0	37523	0	52926867033	35046306	110768558	1043527	79	1100	1	69
1677700744	265	6876309	6881384	0	10536108	50351050875	0	37523	0	53523761080	35441443	112163459	1057479	80	1114	1	69
1677700746	267	6935261	6940336	0	11125932	50950487249	0	37523	0	54164844756	35865293	113226150	1068651	81	1127	1	69
1677700748	269	6935261	6940336	0	11125932	50950487249	0	37523	0	54164845161	35865299	113227137	1068660	81	1127	1	69
1677700750	271	6935261	6940336	0	11125932	50954168472	0	37523	0	54168762137	35868069	113320850	1069165	81	1127	1	69
1677700752	273	6861553	6866628	0	10601644	51069231546	0	37523	0	54295543246	35952565	113805667	1072597	82	1128	1	69
1677700754	275	6872693	6877768	0	10929324	51621774587	0	37523	0	54883169807	36341657	115051359	1084460	82	1142	1	69
1677700756	277	6861929	6867004	0	10798252	51623929331	0	37523	0	54885454475	36343168	115056755	1084519	82	1142	1	69
1677700758	279	6914161	6919236	0	11322540	52220359051	0	37523	0	55522779683	36764685	116136283	1095656	83	1155	1	69
1677700760	281	6857421	6862496	0	10667180	52238793833	0	37523	0	55542368077	36778173	116406735	1097316	83	1156	1	69
1677700762	283	6903777	6908852	0	10732716	52882439727	0	37523	0	56224866391	37230113	117584941	1108135	84	1171	1	69
1677700764	285	6935421	6940496	0	11191468	53428297489	0	37523	0	56809257826	37616633	118529564	1117678	85	1184	1	69
1677700766	287	6926557	6931632	0	10994860	53827567019	0	37523	0	57232639877	37897119	119543830	1127358	85	1191	1	69
1677700768	289	6947981	6953056	0	10798252	54316047747	0	37539	0	57750726043	38240276	120662667	1137971	86	1202	1	69
1677700770	291	6969225	6974300	0	10994860	54730590024	0	37539	0	58190177441	38531249	121453975	1145292	87	1212	1	69
1677700772	293	6985997	6991072	0	10994860	55283004660	0	37539	0	58776755740	38919857	122648929	1156307	88	1223	1	69
1677700774	295	6999697	7004772	0	11060396	55853146971	0	37539	0	59380506438	39319593	123792502	1166943	88	1236	1	69
1677700776	297	7048653	7053728	0	11125932	56448375644	0	37539	0	60011666124	39737548	124855474	1176657	89	1249	1	69
1677700778	299	7066209	7071284	0	11453612	56936114849	0	37555	0	60529946237	40080627	125658083	1183889	90	1260	1	69
1677700780	301	7103769	7108844	0	11584684	57684342481	0	37555	0	61328302145	40609028	127248089	1199592	91	1276	1	69
1677700782	303	7045341	7050416	0	11125932	58177560095	0	37555	0	61857781905	40959606	128573367	1211907	92	1281	1	69
1677700784	305	7024405	7029480	0	10732716	58325299076	0	37555	0	62014404145	41064019	129328330	1218059	93	1290	1	69
1677700786	307	7073065	7078140	0	11322540	58940935395	0	37555	0	62667172471	41495887	130142078	1225593	93	1304	1	69
1677700788	309	7080629	7085704	0	11519148	59586278620	0	37555	0	63356011791	41951799	131269663	1236337	94	1319	1	69
1677700790	311	7088777	7093852	0	11322540	60172934847	0	37555	0	63983523528	42367162	132723376	1250270	95	1328	1	69
1677700792	313	7039741	7044816	0	10732716	60315709155	0	37555	0	64134978901	42468144	133448131	1255866	96	1335	1	69
1677700794	315	7093881	7098956	0	11060396	60894917130	0	37555	0	64752448820	42876799	134883422	1270047	96	1348	1	69
1677700796	317	7147949	7153024	0	11453612	61476078819	0	37555	0	65371734036	43286416	135790585	1279034	97	1360	1	69
1677700798	319	7160073	7165148	0	11257004	62068974635	0	37571	0	66004398391	43705294	136896949	1289288	98	1369	1	69
1677700800	321	7177401	7182476	0	11715756	62124416046	0	37571	0	66062810716	43744009	137064395	1290778	98	1374	1	69
1677700802	323	7058785	7063860	0	10863788	62670039512	0	37571	0	66643957110	44128753	138047199	1299768	99	1381	1	69
1677700804	325	7114385	7119460	0	11125932	62758292809	0	37571	0	66737580105	44191309	138523277	1303328	99	1389	1	69
1677700806	327	7194521	7199596	0	11912364	63385105784	0	37571	0	67406466232	44633809	140003582	1318025	100	1402	1	69
1677700808	329	7175557	7180632	0	11584684	64006527600	0	37571	0	68065386502	45069964	140970432	1326832	101	1416	1	69
1677700810	331	7103689	7108764	0	10863788	64082119073	0	37571	0	68145600150	45123800	141489779	1330468	101	1419	1	69
1677700812	333	7161949	7167024	0	11453612	64617889397	0	37571	0	68717457866	45502037	142415899	1339796	102	1431	1	69
1677700814	335	7175405	7180480	0	11519148	65221626155	0	37571	0	69362905379	45929484	143727674	1352104	103	1446	1	69
1677700816	337	7122917	7127992	0	11257004	65798284946	0	37571	0	69974369709	46334349	144652703	1360300	104	1460	1	69
1677700818	339	7133869	7138944	0	11322540	66414713737	0	37571	0	70628001137	46767085	145682299	1369691	105	1474	1	69
1677700820	341	7102389	7107464	0	10798252	66513007178	0	37571	0	70733846266	46837809	146237321	1373796	106	1476	1	69
1677700822	343	7110457	7115532	0	10929324	67095867129	0	37571	0	71350296769	47245701	147062903	1381548	106	1491	1	69
1677700824	345	7127889	7132964	0	11191468	67679487947	0	37571	0	71973062763	47657786	148208036	1392734	107	1503	1	69
1677700826	347	7125821	7130896	0	11191468	68303788533	0	37571	0	72643392698	48101452	149411418	1404142	108	1514	1	69
1677700828	349	7102473	7107548	0	10798252	68512980958	0	37587	0	72874853153	48255330	150367120	1411916	109	1520	1	69
1677700830	351	7109713	7114788	0	10863788	68987668174	0	37587	0	73371739471	48584314	151408585	1422217	110	1532	1	69
1677700832	353	7159265	7164340	0	11060396	69521309439	0	37603	0	73940384072	48960700	152486847	1432315	111	1544	1	69
1677700834	355	7190957	7196032	0	11191468	70016070836	0	37603	0	74467942805	49310106	153558692	1442413	111	1555	1	69
1677700836	357	7181569	7186644	0	11060396	70645522116	0	37603	0	75140612447	49755307	154769115	1454314	112	1566	1	69
1677700838	359	7151485	7156560	0	10929324	70811118189	0	37603	0	75316247904	49872154	155469945	1459994	113	1571	1	69
1677700840	361	7179757	7184832	0	10994860	71310116231	0	37603	0	75845372847	50222600	156561340	1470218	114	1582	1	69
1677700842	363	7169821	7174896	0	10863788	71898902098	0	37603	0	76469679309	50635724	157642805	1481145	114	1593	1	69
1677700844	365	7205357	7210432	0	11257004	72375873487	0	37603	0	76978192280	50972477	158710375	1491117	115	1604	1	69
1677700846	367	7188261	7193336	0	10929324	72752661247	0	37603	0	77377741802	51237270	159684909	1500204	116	1611	1	69
1677700848	369	7194673	7199748	0	10994860	73133012592	0	37603	0	77781062671	51504467	160596633	1508695	117	1619	1	69
1677700850	371	7202021	7207096	0	11125932	73561885009	0	37603	0	78239996484	51807998	161285801	1515760	117	1628	1	69
1677700852	373	7202021	7207096	0	11125932	73561885009	0	37603	0	78239996634	51808000	161286467	1515764	117	1628	1	69
1677700854	375	7202021	7207096	0	11125932	73561885009	0	37603	0	78239996945	51808004	161287360	1515771	117	1628	1	69
1677700856	377	7195369	7200444	0	10994860	73753758779	0	37603	0	78443480396	51943094	161849193	1520464	118	1633	1	69
1677700858	379	7199429	7204504	0	10994860	74312791290	0	37603	0	79041738529	52339214	163152180	1532937	119	1644	1	69
1677700860	381	7205681	7210756	0	10994860	74932191674	0	37603	0	79698268627	52773911	164506937	1546042	119	1657	1	69
1677700862	383	7196881	7201956	0	10929324	75412885678	0	37603	0	80208136562	53111554	165533865	1555908	120	1665	1	69
1677700864	385	7201469	7206544	0	11060396	75792119527	0	37603	0	80611604078	53378843	166317684	1562752	121	1675	1	69
1677700866	387	7225925	7231000	0	11125932	76443069081	0	37603	0	81303079967	53836434	167909895	1578485	122	1690	1	69
1677700868	389	7215261	7220336	0	10994860	76661779633	0	37603	0	81535025226	53990464	168557622	1583758	123	1694	1	69
1677700870	391	7212185	7217260	0	11060396	77061806552	0	37603	0	81959666374	54271704	169555847	1593214	123	1703	1	69
1677700872	393	7205629	7210704	0	10994860	77561964770	0	37603	0	82490978598	54623610	170795151	1604385	124	1714	1	69
1677700874	395	7221813	7226888	0	10994860	78183368316	0	37603	0	83149874661	55059688	172104568	1617457	125	1725	1	69
1677700876	397	7210077	7215152	0	10994860	78785717111	0	37603	0	83788583127	55482634	173314829	1629027	126	1740	1	69
1677700878	399	7165413	7170488	0	10929324	78995922559	0	37603	0	84011504008	55630588	173930684	1634217	126	1744	1	69
1677700880	401	7175801	7180876	0	11060396	79216896337	0	37603	0	84245820592	55785789	174445106	1639109	127	1749	1	69
1677700882	403	7172741	7177816	0	11060396	79607596149	0	37603	0	84661105229	56060691	175181847	1646109	127	1757	1	69
1677700884	405	7181733	7186808	0	11060396	79829101513	0	37603	0	84895999540	56216456	175753175	1651088	127	1762	1	69
1677700886	407	7192281	7197356	0	11322540	80204731295	0	37603	0	85294291235	56480034	176502327	1658547	128	1770	1	69
1677700888	409	7179425	7184500	0	11125932	80418475261	0	37603	0	85520962133	56630440	177080483	1663389	128	1774	1	69
1677700890	411	7172825	7177900	0	10929324	81067878976	0	37603	0	86209996796	57086625	178232655	1674335	129	1785	1	69
1677700892	413	7188617	7193692	0	10929324	81532206885	0	37603	0	86703866852	57413535	179217665	1683632	130	1797	1	69
1677700894	415	7188617	7193692	0	10929324	81532206885	0	37603	0	86703867002	57413537	179218331	1683636	130	1797	1	69
1677700896	417	7188617	7193692	0	10929324	81616073519	0	37619	0	86792825649	57472721	179548119	1686181	130	1798	1	69
1677700898	419	7180249	7185324	0	10994860	82051834590	0	37619	0	87254878328	57778605	180519556	1695830	130	1807	1	69
1677700900	421	7176397	7181472	0	10929324	82233925809	0	37619	0	87447964042	57906495	180952373	1699910	131	1810	1	69
1677700902	423	7196913	7201988	0	11191468	82831176180	0	37619	0	88081273814	58325956	182247473	1712088	132	1822	1	69
1677700904	425	7200053	7205128	0	11191468	83170134676	0	37619	0	88440694720	58563984	182873273	1717773	132	1830	1	69
1677700906	427	7201733	7206808	0	11125932	83398111258	0	37619	0	88682451157	58724290	183522820	1723556	133	1834	1	69
1677700908	429	7193697	7198772	0	10994860	83863410784	0	37619	0	89177770793	59052341	184906263	1736872	133	1844	1	69
1677700910	431	7214905	7219980	0	11257004	84241824171	0	37619	0	89579022313	59317977	185758824	1745099	134	1852	1	69
1677700912	433	7197753	7202828	0	10994860	84747817144	0	37619	0	90115561573	59673299	186749291	1754381	135	1861	1	69
1677700914	435	7206637	7211712	0	11257004	85151426423	0	37619	0	90545453278	59958146	187614922	1762172	135	1869	1	69
1677700916	437	7206985	7212060	0	10929324	85901212063	0	37635	0	91338781351	60483251	188976850	1775204	136	1882	1	69
1677700918	439	7232761	7237836	0	10994860	86419772789	0	37635	0	91897727222	60853393	190234769	1786860	137	1893	1	69
1677700920	441	7232769	7237844	0	10994860	86752394737	0	37651	0	92241931172	61081833	191215520	1795411	138	1901	1	69
1677700922	443	7281437	7286512	0	11257004	87163677343	0	37651	0	92677335171	61370260	191939929	1801646	139	1912	1	69
1677700924	445	7297217	7302292	0	11584684	87725701499	0	37651	0	93282113571	61770436	193427563	1816019	139	1923	1	69
1677700926	447	7303929	7309004	0	11519148	88313423254	0	37651	0	93908820162	62185217	195248943	1834125	140	1934	1	69
1677700928	449	7267285	7272360	0	11060396	88907545941	0	37683	0	94538805112	62602353	196217722	1842603	141	1943	1	69
1677700930	451	7261141	7266216	0	10994860	88952641865	0	37683	0	94586688239	62634903	196700668	1845643	142	1950	1	69
1677700932	453	7297253	7302168	0	11322540	89519783354	0	37683	0	95193738156	63036566	198354944	1861986	143	1962	1	69
1677700934	455	7303313	7308228	0	11388076	90097260572	0	37683	0	95810097728	63444618	199533257	1873259	143	1973	1	69
1677700936	457	7286461	7291376	0	11125932	90440632065	0	37683	0	96182787230	63691667	200537731	1882219	144	1978	1	69
1677700938	459	7285445	7290360	0	11060396	90759676213	0	37683	0	96516014577	63912677	201497564	1890802	145	1987	1	69
1677700940	461	7290137	7295052	0	11125932	91316912282	0	37683	0	97106882309	64303875	202748916	1903039	145	1997	1	69
1677700942	463	7299317	7304232	0	11191468	91852128767	0	37683	0	97674447833	64679845	203970064	1914463	146	2008	1	69
1677700944	465	7313209	7318124	0	11322540	92112951747	0	37683	0	97950978833	64862878	204485126	1919569	147	2013	1	69
1677700946	467	7322941	7327856	0	11322540	92389614712	0	37683	0	98244348667	65057222	205062766	1924809	147	2017	1	69
1677700948	469	7322937	7327852	0	11322540	92532309492	0	37683	0	98395666255	65157532	205477716	1928600	148	2022	1	69
1677700950	471	7316181	7321096	0	11453612	92979687749	0	37683	0	98870161133	65471696	206521909	1938839	148	2028	1	69
1677700952	473	7328209	7333124	0	11453612	93344816715	0	37683	0	99257236211	65728232	207385440	1946694	149	2037	1	69
1677700954	475	7320241	7325156	0	11322540	93866587938	0	37683	0	99810505795	66094622	208495063	1957307	150	2047	1	69
1677700956	477	7365293	7370208	0	11519148	94227393433	0	37683	0	100193111397	66348237	209421350	1965675	150	2055	1	69
1677700958	479	7338609	7343524	0	11322540	94719141844	0	37683	0	100714551774	66693616	210487486	1975596	151	2064	1	69
1677700960	481	7362617	7367532	0	11257004	95200903012	0	37683	0	101225395326	67031923	211405454	1984157	151	2074	1	69
1677700962	483	7370977	7375892	0	11388076	95669480889	0	37683	0	101722931753	67361738	212555724	1994598	152	2082	1	69
1677700964	485	7391253	7396168	0	11453612	96142579340	0	37699	0	102223945981	67693539	213639282	2004591	153	2092	1	69
1677700966	487	7411745	7416660	0	11453612	96707610396	0	37699	0	102823083842	68090267	214711217	2014652	154	2103	1	69
1677700968	489	7416405	7421320	0	11322540	97095436042	0	37699	0	103234936728	68363149	215583159	2022550	154	2109	1	69
1677700970	491	7457933	7462848	0	11453612	97404577132	0	37699	0	103562152147	68580033	216368184	2029666	155	2116	1	69
1677700972	493	7453865	7458780	0	11453612	97889992449	0	37699	0	104076876532	68920967	217457506	2039744	156	2125	1	69
1677700974	495	7431445	7436360	0	11453612	98405020465	0	37699	0	104623364653	69282900	218635971	2050984	156	2133	1	69
1677700976	497	7451013	7455928	0	11388076	98816867229	0	37715	0	105059722414	69572058	219679412	2060676	157	2143	1	69
1677700978	499	7455353	7460268	0	11453612	99217641695	0	37715	0	105484706406	69853692	220567324	2068658	158	2150	1	69
1677700980	501	7478689	7483604	0	11584684	99793171596	0	37731	0	106094984271	70257894	221918210	2081592	159	2161	1	69
1677700982	503	7489413	7494328	0	11715756	100205635288	0	37731	0	106532349371	70547552	222844548	2090368	159	2169	1	69
1677700984	505	7517925	7522840	0	11846828	100737242838	0	37731	0	107096054789	70920928	223926335	2100322	160	2180	1	69
1677700986	507	7525413	7530328	0	11781292	101223588691	0	37731	0	107614312143	71264160	225199009	2112454	161	2189	1	69
1677700988	509	7546297	7551212	0	11715756	101664293476	0	37731	0	108086156617	71576716	226323756	2122867	162	2194	1	69
1677700990	511	7556137	7561052	0	11715756	101917817371	0	37731	0	108352201270	71753153	227085781	2129774	162	2202	1	69
1677700992	513	7596965	7601880	0	12043436	102390246835	0	37731	0	108855919459	72086614	228277016	2141106	163	2211	1	69
1677700994	515	7549377	7554292	0	11781292	102715510368	0	37731	0	109222503211	72329435	229584948	2153289	164	2215	1	69
1677700996	517	7647349	7652264	0	11912364	103030469602	0	37731	0	109537566199	72538533	230721124	2163603	164	2224	1	69
1677700998	519	7644745	7649660	0	11846828	103539204168	0	37731	0	110082718163	72899521	231773266	2173550	165	2234	1	69
1677701000	521	7724257	7729172	0	12502188	104024232356	0	37747	0	110597011838	73239904	232638505	2181797	166	2244	1	69
1677701002	523	7737185	7742100	0	12108972	104561353905	0	37747	0	111170101708	73619481	234170500	2196331	167	2254	1	69
1677701004	525	7731565	7736480	0	12043436	104627002620	0	37747	0	111239753922	73666109	234561243	2199065	167	2256	1	69
1677701006	527	7761745	7766660	0	12174508	105103336956	0	37747	0	111744845316	74000620	235456758	2207114	168	2266	1	69
1677701008	529	7789449	7794364	0	12567724	105605694628	0	37763	0	112277516838	74353221	236301406	2215109	169	2276	1	69
1677701010	531	7817257	7822172	0	12567724	106117885806	0	37763	0	112820635414	74712995	237151118	2222335	170	2287	1	69
1677701012	533	7823521	7828436	0	12305580	106609112534	0	37763	0	113341533100	75058155	238371390	2233333	171	2296	1	69
1677701014	535	7812565	7817480	0	12305580	106936795724	0	37763	0	113698738362	75295053	239436495	2242601	172	2300	1	69
1677701016	537	7794845	7799760	0	12174508	107227116128	0	37763	0	113999933467	75494890	240355073	2250899	172	2309	1	69
1677701018	539	7783313	7788228	0	12108972	107673492133	0	37763	0	114477242891	75810682	241680013	2264194	173	2318	1	69
1677701020	541	7792629	7797544	0	12108972	107717040646	0	37763	0	114523465711	75841867	242036373	2266585	173	2319	1	69
1677701022	543	7810965	7815880	0	12305580	108194271508	0	37779	0	115031420009	76178114	243538738	2281463	174	2329	1	69
1677701024	545	7791017	7795932	0	12174508	108629488244	0	37795	0	115492901072	76483614	244364902	2289578	175	2336	1	69
1677701026	547	7791037	7795952	0	12108972	108935474571	0	37811	0	115817529831	76699022	245277248	2297513	175	2342	1	69
1677701028	549	7812249	7817164	0	12240044	109238305445	0	37811	0	116138513098	76911706	246071564	2305304	176	2349	1	69
1677701030	551	7802469	7807384	0	12174508	109600523869	0	37811	0	116525615803	77168200	247310661	2316786	177	2356	1	69
1677701032	553	7824945	7829860	0	12174508	110104769663	0	37811	0	117060308857	77522389	248548607	2328410	177	2366	1	69
1677701034	555	7827353	7832268	0	12240044	110594048143	0	37827	0	117579135407	77866120	249535525	2337189	178	2376	1	69
1677701036	557	7831961	7836876	0	12240044	111091837260	0	37827	0	118106980393	78215748	250502543	2345982	179	2386	1	69
1677701038	559	7835021	7839936	0	12240044	111545663674	0	37843	0	118590755321	78536341	252046891	2360514	180	2395	1	69
1677701040	561	7851761	7856676	0	12305580	111615204280	0	37843	0	118664545158	78585848	252530874	2363965	180	2397	1	69
1677701042	563	7841661	7846576	0	12174508	112102478490	0	37843	0	119186172228	78931302	253715642	2375274	181	2406	1	69
1677701044	565	7846305	7851220	0	12174508	112574452985	0	37843	0	119686653310	79262937	254772055	2385015	182	2415	1	69
1677701046	567	7870685	7875600	0	12436652	113033751428	0	37859	0	120173683151	79585508	255629768	2392551	183	2425	1	69
1677701048	569	7884649	7889564	0	12436652	113522866103	0	37875	0	120692333639	79929098	256569601	2400948	183	2435	1	69
1677701050	571	7881925	7886840	0	12436652	113991656249	0	37891	0	121195068316	80262274	257646914	2410530	184	2444	1	69
1677701052	573	7827001	7831916	0	12240044	114302989029	0	37891	0	121530728362	80484820	258432935	2417209	185	2447	1	69
1677701054	575	7848741	7853656	0	12305580	114476682156	0	37891	0	121714932464	80607148	259030938	2422374	186	2453	1	69
1677701056	577	7865493	7870408	0	12371116	114977403143	0	37891	0	122245892909	80958921	260055652	2431626	186	2463	1	69
1677701058	579	7846109	7851024	0	12174508	115238231513	0	37891	0	122522501207	81142532	260849140	2438506	187	2468	1	69
1677701060	581	7868673	7873588	0	12305580	115552710417	0	37891	0	122855974104	81363506	261636567	2446017	188	2474	1	69
1677701062	583	7879481	7884396	0	12371116	115870598228	0	37891	0	123193062647	81586849	262485051	2453932	188	2480	1	69
1677701064	585	7848653	7853568	0	12240044	116129790793	0	37891	0	123471692098	81771605	263104012	2459302	189	2483	1	69
1677701066	587	7863145	7868060	0	12436652	116426034716	0	37891	0	123782080585	81977564	263907481	2466117	189	2491	1	69
1677701068	589	7898749	7903664	0	12502188	116785122229	0	37891	0	124162848263	82229818	264543922	2471773	190	2498	1	69
1677701070	591	7912453	7917368	0	12502188	117206704829	0	37891	0	124609890792	82525940	265321644	2478570	191	2506	1	69
1677701072	593	7912261	7917176	0	12567724	117496983213	0	37907	0	124917721302	82730159	266114181	2485518	192	2511	1	69
1677701074	595	7912817	7917732	0	12502188	117709807173	0	37907	0	125143418321	82879936	266741386	2490962	192	2515	1	69
1677701076	597	7893633	7898548	0	12371116	118064907967	0	37907	0	125519987738	83129720	267789801	2500100	193	2522	1	69
1677701078	599	7923117	7928032	0	12698796	118417256875	0	37907	0	125893600003	83377047	268460846	2506534	193	2529	1	69
1677701080	601	7912145	7917060	0	12567724	118682208551	0	37907	0	126174579178	83563515	269326142	2514298	194	2533	1	69
1677701082	603	7919969	7924884	0	12502188	119006611401	0	37907	0	126518591615	83791666	270193068	2522049	195	2540	1	69
1677701084	605	7905709	7910624	0	12502188	119359282522	0	37907	0	126892574031	84039608	271072319	2530064	195	2547	1	69
1677701086	607	7928221	7933136	0	12502188	119820220186	0	37923	0	127381367451	84363677	272195305	2539929	196	2556	1	69
1677701088	609	7922905	7927820	0	12502188	120200212986	0	37939	0	127785229879	84631355	273184898	2548867	197	2563	1	69
1677701090	611	7947117	7952032	0	12633260	120566034092	0	37939	0	128173150189	84888428	273941182	2555603	198	2570	1	69
1677701092	613	7933057	7937972	0	12502188	121096036620	0	37939	0	128735180037	85261052	275382258	2568633	199	2580	1	69
1677701094	615	7968697	7973612	0	12698796	121426508946	0	37939	0	129087069779	85494455	276103038	2574760	200	2587	1	69
1677701096	617	7974841	7979756	0	12698796	121845252046	0	37939	0	129529664819	85787694	277147904	2584290	200	2595	1	69
1677701098	619	7995901	8000816	0	12698796	122205528105	0	37971	0	129911715559	86041024	278024143	2592005	201	2602	1	69
1677701100	621	8013993	8018908	0	12764332	122631711921	0	37971	0	130363654396	86340659	279133592	2602050	202	2610	1	69
1677701102	623	8013093	8018008	0	12698796	123143982339	0	37971	0	130906856208	86700485	280316936	2613214	203	2619	1	69
1677701104	625	8013941	8018856	0	12698796	123274082455	0	37971	0	131044857964	86792460	280901102	2617667	203	2622	1	69
1677701106	627	8017921	8022836	0	12764332	123671988322	0	37971	0	131466801477	87072111	281846272	2626357	204	2629	1	69
1677701108	629	7997549	8002464	0	12567724	123963030847	0	37971	0	131775410444	87276446	282298940	2630421	205	2635	1	69
1677701110	631	8020093	8025008	0	12764332	124084192035	0	37971	0	131903904409	87361771	282619351	2633038	205	2637	1	69
1677701112	633	8009853	8014768	0	12764332	124479342154	0	37971	0	132332387175	87645669	283725232	2643236	206	2644	1	69
1677701114	635	8014117	8019032	0	12698796	124704448140	0	37987	0	132561857644	87798113	284469837	2649534	206	2649	1	69
1677701116	637	8014749	8019664	0	12698796	125031303714	0	37987	0	132908265063	88027819	285550019	2659250	207	2656	1	69
1677701118	639	8024189	8029104	0	12698796	125363727149	0	37987	0	133260781279	88261599	286304765	2665809	208	2662	1	69
1677701120	641	8045209	8050124	0	12829868	125754619603	0	37987	0	133675275225	88536128	287023178	2671991	208	2670	1	69
1677701122	643	8045737	8050652	0	12764332	126164616608	0	37987	0	134110038456	88824238	287961116	2680454	209	2679	1	69
1677701124	645	8026265	8031180	0	12764332	126317753415	0	38003	0	134285317025	88940857	288773188	2686955	209	2681	1	69
1677701126	647	8033529	8038444	0	12698796	126638220930	0	38019	0	134617139023	89160907	289552944	2693603	210	2688	1	69
1677701128	649	8024389	8029304	0	12633260	127047577924	0	38019	0	135051239165	89448789	290536646	2702088	211	2697	1	69
1677701130	651	8052321	8057236	0	12895404	127459164300	0	38019	0	135492022199	89740626	291459013	2710693	212	2704	1	69
1677701132	653	8042005	8046920	0	12764332	127887939843	0	38019	0	135946716140	90042182	292647221	2721617	213	2712	1	69
1677701134	655	8031757	8036672	0	12698796	128149940454	0	38019	0	136224889267	90226787	293409811	2728243	213	2716	1	69
1677701136	657	8046433	8051348	0	12764332	128313106086	0	38019	0	136397583967	90341196	293850607	2732303	214	2721	1	69
1677701138	659	8046433	8051348	0	12764332	128314744078	0	38019	0	136399328089	90342447	293894573	2732548	214	2721	1	69
1677701140	661	8035589	8040504	0	12764332	128653236214	0	38019	0	136758274149	90580419	294647837	2739273	215	2727	1	69
1677701142	663	8034185	8039100	0	12698796	128847651307	0	38019	0	136964441531	90717158	295231880	2744684	215	2731	1	69
1677701144	665	8034185	8039100	0	12698796	128875083009	0	38019	0	136993545983	90736624	295414240	2745900	215	2731	1	69
1677701146	667	8044837	8049752	0	12764332	129153830359	0	38035	0	137289137357	90932586	296142454	2752593	216	2736	1	69
1677701148	669	8052069	8056984	0	12829868	129605404136	0	38035	0	137767999293	91250069	297277577	2762851	217	2745	1	69
1677701150	671	8076925	8081840	0	12895404	130034377930	0	38035	0	138222881731	91551470	298242784	2771807	217	2753	1	69
1677701152	673	8045853	8050768	0	12698796	130137032340	0	38035	0	138331779328	91624154	298746870	2775452	218	2755	1	69
1677701154	675	8059773	8064688	0	12764332	130455442394	0	38035	0	138672160085	91849905	299511515	2781876	219	2762	1	69
1677701156	677	8044525	8049440	0	12633260	130903618034	0	38035	0	139147415864	92164964	300481182	2790351	220	2770	1	69
1677701158	679	8082141	8087056	0	12829868	131214973619	0	38035	0	139477636863	92383684	301194972	2796986	220	2775	1	69
1677701160	681	8078601	8083516	0	12829868	131554048606	0	38035	0	139838606382	92622998	302240276	2806372	221	2783	1	69
1677701162	683	8060065	8064980	0	12698796	131711687825	0	38051	0	140005799662	92734187	302848395	2811234	221	2786	1	69
1677701164	685	8060069	8064984	0	12698796	132095693320	0	38051	0	140413011175	93004163	303781071	2819623	222	2793	1	69
1677701166	687	8078245	8083160	0	12829868	132367268641	0	38051	0	140700990197	93194995	304363880	2824821	223	2798	1	69
1677701168	689	8081477	8086392	0	12829868	132896563876	0	38051	0	141262255748	93566911	305535625	2835583	224	2808	1	69
1677701170	691	8064989	8069904	0	12698796	132980279091	0	38051	0	141351064898	93626230	305979498	2838807	224	2811	1	69
1677701172	693	8080585	8085500	0	12829868	133361204547	0	38051	0	141755005235	93893979	306940843	2847653	225	2818	1	69
1677701174	695	8088097	8093012	0	12829868	133706864894	0	38051	0	142121573648	94136967	307818890	2855604	225	2825	1	69
1677701176	697	8085737	8090652	0	12829868	134137752791	0	38051	0	142578499646	94439899	308854795	2864918	226	2833	1	69
1677701178	699	8079277	8084192	0	12764332	134573770016	0	38051	0	143040860438	94746371	309860480	2873977	227	2841	1	69
1677701180	701	8088361	8093276	0	12829868	134847844461	0	38051	0	143331497715	94939066	310460740	2879121	228	2846	1	69
1677701182	703	8090665	8095580	0	12829868	134990198253	0	38051	0	143482490135	95039616	311051330	2883619	228	2849	1	69
1677701184	705	8100237	8105152	0	12895404	135319409920	0	38067	0	143831588781	95270978	311843615	2890968	229	2856	1	69
1677701186	707	8105685	8110600	0	12960940	135623462562	0	38067	0	144154020314	95484802	312643212	2898097	229	2862	1	69
1677701188	709	8098357	8103272	0	12829868	135720258643	0	38067	0	144256668450	95552882	312929169	2900637	229	2863	1	69
1677701190	711	8093001	8097916	0	12895404	135933038808	0	38067	0	144482306635	95702469	313470831	2905533	230	2867	1	69
1677701192	713	8107789	8112704	0	12895404	136241678833	0	38067	0	144809615645	95919666	314332121	2912962	231	2873	1	69
1677701194	715	8106569	8111484	0	12895404	136636736280	0	38067	0	145228543390	96197381	315179700	2920442	231	2881	1	69
1677701196	717	8106569	8111484	0	12895404	136643861299	0	38067	0	145236108723	96202515	315265117	2920934	232	2881	1	69
1677701198	719	8134681	8139596	0	13092012	136966711139	0	38067	0	145580352545	96430674	316284696	2930277	232	2888	1	69
1677701200	721	8142689	8147604	0	12895404	137352686455	0	38067	0	145989649935	96701991	317287850	2939334	233	2895	1	69
1677701202	723	8153169	8158084	0	12960940	137603732170	0	38067	0	146255997021	96878710	317982907	2945384	234	2899	1	69
1677701204	725	8140877	8145792	0	12829868	138006334721	0	38067	0	146682817697	97161798	319019102	2954404	234	2908	1	69
1677701206	727	8143037	8147952	0	12829868	138381685634	0	38067	0	147080845195	97425609	320009165	2963700	235	2915	1	69
1677701208	729	8171069	8175984	0	13157548	138658314971	0	38067	0	147374194891	97620132	320699152	2969678	236	2920	1	69
1677701210	731	8149197	8154112	0	12895404	138981235843	0	38067	0	147716640154	97847297	321539495	2976927	236	2927	1	69
1677701212	733	8155505	8160420	0	13026476	139175398673	0	38067	0	147922605055	97983853	322029118	2981334	237	2931	1	69
1677701214	735	8151337	8156252	0	12895404	139562670668	0	38067	0	148333210726	98256059	323021434	2990390	238	2938	1	69
1677701216	737	8158925	8163840	0	12960940	139931347884	0	38067	0	148724172464	98515333	323921314	2998266	238	2945	1	69
1677701218	739	8167293	8172208	0	13092012	140308085689	0	38083	0	149123670890	98780124	324809597	3006312	239	2953	1	69
1677701220	741	8166205	8171120	0	13026476	140713846215	0	38083	0	149555942899	99066520	325950389	3016786	240	2960	1	69
1677701222	743	8146669	8151584	0	12829868	140797537083	0	38083	0	149644741723	99126025	326468314	3020403	240	2962	1	69
1677701224	745	8153781	8158696	0	12895404	141196458804	0	38083	0	150067751510	99406243	327337592	3028584	241	2970	1	69
1677701226	747	8156925	8161840	0	12960940	141394105633	0	38083	0	150277428558	99545465	327958087	3033938	242	2974	1	69
1677701228	749	8158973	8163888	0	12960940	141785662634	0	38083	0	150692574296	99820651	328853892	3041827	242	2981	1	69
1677701230	751	8152825	8157740	0	12895404	142106411189	0	38083	0	151032708762	100046189	329605373	3048354	243	2987	1	69
1677701232	753	8160477	8165392	0	12960940	142333262782	0	38083	0	151273273517	100205733	330238909	3054103	243	2992	1	69
1677701234	755	8172557	8177472	0	13092012	142584527146	0	38099	0	151539714629	100382283	330821545	3059514	244	2997	1	69
1677701236	757	8172557	8177472	0	13092012	142609431596	0	38099	0	151566129042	100399860	330923976	3060330	244	2998	1	69
1677701238	759	8172557	8177472	0	13092012	142617611702	0	38099	0	151574806213	100405644	330960679	3060619	244	2998	1	69
1677701240	761	8146689	8151604	0	12829868	142804996892	0	38099	0	151773519779	100537450	331452571	3064983	244	3001	1	69
1677701242	763	8169329	8174244	0	13026476	143016655684	0	38099	0	151997955899	100686090	331845029	3068733	245	3006	1	69
1677701244	765	8146689	8151604	0	12829868	143175986583	0	38099	0	152166939608	100798416	332389113	3073020	245	3009	1	69
1677701246	767	8171385	8176300	0	13092012	143431869432	0	38099	0	152438269094	100978106	332882862	3077787	246	3014	1	69
1677701248	769	8163189	8168104	0	12960940	143528145891	0	38099	0	152540380405	101046000	333259400	3080853	246	3015	1	69
1677701250	771	8151933	8156848	0	12895404	143946893110	0	38099	0	152984421711	101340257	334246677	3090108	247	3024	1	69
1677701252	773	8156033	8160948	0	12960940	144216885501	0	38099	0	153270735827	101530152	334987180	3096574	247	3029	1	69
1677701254	775	8160185	8165100	0	12960940	144477834295	0	38099	0	153559501625	101721664	335841140	3104174	248	3034	1	69
1677701256	777	8145649	8150564	0	12895404	144848739068	0	38099	0	153944229333	101976692	336846807	3113354	249	3042	1	69
1677701258	779	8139437	8144352	0	12895404	145185823997	0	38099	0	154301812349	102213649	337573383	3119934	249	3048	1	69
1677701260	781	8138429	8143344	0	12829868	145552766927	0	38099	0	154690782358	102471369	338461889	3128225	250	3056	1	69
1677701262	783	8138429	8143344	0	12829868	145556582659	0	38099	0	154694841769	102474224	338558051	3128726	250	3056	1	69
1677701264	785	8138429	8143344	0	12829868	145556582659	0	38099	0	154694841994	102474227	338559152	3128733	250	3056	1	69
1677701266	787	8138429	8143344	0	12829868	145556582659	0	38099	0	154694842219	102474230	338559959	3128739	250	3056	1	69
1677701268	789	8138429	8143344	0	12829868	145556582659	0	38099	0	154694842369	102474232	338560919	3128744	250	3056	1	69
1677701270	791	8145629	8150544	0	12960940	145707591907	0	38099	0	154854982885	102580470	338968292	3132373	250	3059	1	69
1677701272	793	8124125	8129040	0	12895404	146116923667	0	38099	0	155289052875	102868282	340060550	3142298	251	3067	1	69
1677701274	795	8136013	8140928	0	12960940	146521189771	0	38099	0	155717941041	103152461	341019398	3151191	252	3074	1	69
1677701276	797	8146181	8151096	0	12895404	146702514218	0	38099	0	155910041923	103280117	341650431	3156303	253	3079	1	69
1677701278	799	8145273	8150188	0	12960940	147040667478	0	38099	0	156268625326	103517798	342395154	3162876	253	3086	1	69
1677701280	801	8135025	8139940	0	12829868	147301497973	0	38099	0	156545216267	103701140	343096218	3169334	254	3090	1	69
1677701282	803	8143229	8148144	0	12895404	147619635322	0	38099	0	156882805367	103925080	343952537	3177108	255	3096	1	69
1677701284	805	8137077	8141992	0	12829868	147757766281	0	38099	0	157029067229	104022051	344350513	3180595	255	3100	1	69
1677701286	807	8140185	8145100	0	12895404	148121102317	0	38099	0	157414337012	104277199	345084742	3187659	255	3107	1	69
1677701288	809	8140185	8145100	0	12895404	148125657734	0	38099	0	157419177354	104280530	345161391	3188093	255	3108	1	69
1677701290	811	8147401	8152316	0	12895404	148541373163	0	38099	0	157860006019	104572691	346045241	3195839	256	3116	1	69
1677701292	813	8133913	8138828	0	12829868	148607722224	0	38099	0	157930395489	104619735	346426874	3198662	256	3118	1	69
1677701294	815	8133917	8138832	0	12829868	149021431482	0	38099	0	158372013041	104912256	347805726	3211990	257	3125	1	69
1677701296	817	8164077	8168992	0	13026476	149383724004	0	38099	0	158756186069	105166822	348526961	3218311	258	3133	1	69
1677701298	819	8155881	8160796	0	13026476	149682153973	0	38099	0	159072660601	105376764	349324761	3225288	258	3138	1	69
1677701300	821	8158969	8163884	0	12895404	149925883266	0	38099	0	159331124938	105548204	349997599	3231193	259	3144	1	69
1677701302	823	8147525	8152440	0	12829868	150179950123	0	38099	0	159600536205	105726710	350539539	3236059	260	3149	1	69
1677701304	825	8155725	8160640	0	12960940	150537985161	0	38099	0	159980336936	105978283	351282920	3242875	260	3153	1	69
1677701306	827	8143357	8148272	0	12764332	150647411062	0	38099	0	160096282220	106055733	351858170	3247299	261	3159	1	69
1677701308	829	8168049	8172964	0	13026476	151041202956	0	38099	0	160513825687	106332078	352532963	3253812	261	3167	1	69
1677701310	831	8160525	8165440	0	12960940	151459015171	0	38099	0	160959369804	106627275	353405562	3261733	262	3176	1	69
1677701312	833	8151565	8156480	0	12895404	151688739246	0	38099	0	161209848902	106793713	354197103	3267999	263	3178	1	69
1677701314	835	8160833	8165748	0	12895404	151914772761	0	38099	0	161446133958	106950347	354862238	3274058	263	3185	1	69
1677701316	837	8157773	8162688	0	12895404	151949810624	0	38099	0	161483302120	106975156	355052857	3275670	263	3186	1	69
1677701318	839	8157773	8162688	0	12895404	151949810624	0	38099	0	161483302345	106975159	355053664	3275676	263	3186	1	69
1677701320	841	8149537	8154452	0	12829868	152268276637	0	38099	0	161820979151	107198603	355622423	3281299	263	3192	1	69
1677701322	843	8147497	8152412	0	12895404	152356152139	0	38099	0	161914186744	107260683	355987022	3284331	264	3194	1	69
1677701324	845	8155689	8160604	0	12895404	152369412477	0	38099	0	161928267404	107270248	356142768	3285207	264	3195	1	69
1677701326	847	8155689	8160604	0	12895404	152369412477	0	38099	0	161928267554	107270250	356143434	3285211	264	3195	1	69
1677701328	849	8151589	8156504	0	12895404	152711697987	0	38099	0	162291375143	107510428	356699717	3291056	264	3202	1	69
1677701330	851	8145449	8150364	0	12829868	153009414805	0	38099	0	162609677391	107721621	357454389	3297189	265	3205	1	69
1677701332	853	8152569	8157484	0	12829868	153145172925	0	38099	0	162753169238	107816547	357782100	3300750	265	3211	1	69
1677701334	855	8152569	8157484	0	12829868	153151388902	0	38099	0	162759783059	107821205	357938978	3301596	265	3211	1	69
1677701336	857	8143397	8148312	0	12764332	153461243355	0	38099	0	163088368662	108039141	358830310	3309776	266	3217	1	69
1677701338	859	8158765	8163680	0	12895404	153729991444	0	38099	0	163373424156	108228337	359633400	3316783	267	3223	1	69
1677701340	861	8158621	8163536	0	12895404	154042625121	0	38099	0	163704896198	108448038	360482326	3324661	267	3229	1	69
1677701342	863	8158621	8163536	0	12895404	154042625121	0	38099	0	163704896423	108448041	360483219	3324668	267	3229	1	69
1677701344	865	8157757	8162672	0	12895404	154340535683	0	38099	0	164020790546	108657241	361010898	3329563	268	3235	1	69
1677701346	867	8149549	8154464	0	12829868	154527968499	0	38099	0	164219568567	108789242	361633238	3334877	268	3239	1	69
1677701348	869	8155697	8160612	0	12895404	154678074416	0	38099	0	164378737387	108894674	362004903	3338493	268	3242	1	69
1677701350	871	8149549	8154464	0	12829868	154816890804	0	38099	0	164525967441	108992602	362518765	3342668	269	3245	1	69
1677701352	873	8149553	8154468	0	12829868	155231088766	0	38099	0	164965189207	109283723	363496833	3351530	270	3253	1	69
1677701354	875	8149553	8154468	0	12829868	155238191321	0	38099	0	164972720034	109288704	363509913	3351675	270	3253	1	69
1677701356	877	8153725	8158640	0	12895404	155242878672	0	38099	0	164977697157	109292078	363565733	3352015	270	3253	1	69
1677701358	879	8153725	8158640	0	12895404	155250267883	0	38099	0	164985531875	109297259	363577634	3352150	270	3254	1	69
1677701360	881	8153913	8158828	0	12960940	155603000160	0	38099	0	165359555594	109544919	364339726	3359672	270	3259	1	69
1677701362	883	8147681	8152596	0	12829868	155823394332	0	38115	0	165593264611	109699814	364852868	3364274	271	3265	1	69
1677701364	885	8147681	8152596	0	12829868	155937505808	0	38115	0	165714483802	109780395	365212926	3367134	271	3266	1	69
1677701366	887	8144765	8149680	0	12764332	156264057607	0	38115	0	166060558092	110009651	365879632	3373259	272	3273	1	69
1677701368	889	8152965	8157880	0	12895404	156369611264	0	38115	0	166172508945	110084097	366248606	3376109	272	3276	1	69
1677701370	891	8152965	8157880	0	12895404	156369611264	0	38115	0	166172509302	110084102	366249475	3376116	272	3276	1	69
1677701372	893	8153161	8158076	0	12895404	156694969204	0	38115	0	166517518131	110312704	366946143	3382291	272	3283	1	69
1677701374	895	8159109	8164024	0	12895404	157095625720	0	38115	0	166942375134	110594235	367797288	3389971	273	3291	1	69
1677701376	897	8148877	8153792	0	12829868	157184931079	0	38115	0	167037089406	110657161	368093779	3392489	274	3293	1	69
1677701378	899	8164977	8169892	0	12960940	157359777172	0	38115	0	167222518827	110780332	368675371	3397373	274	3297	1	69
1677701380	901	8164977	8169892	0	12960940	157365207603	0	38115	0	167228276702	110784140	368686668	3397497	274	3297	1	69
1677701382	903	8164977	8169892	0	12960940	157365207603	0	38115	0	167228276852	110784142	368687452	3397502	274	3297	1	69
1677701384	905	8164977	8169892	0	12960940	157365207603	0	38115	0	167228277002	110784144	368688118	3397506	274	3297	1	69
1677701386	907	8164977	8169892	0	12960940	157365207603	0	38115	0	167228277528	110784150	368689278	3397515	274	3297	1	69
1677701388	909	8178317	8183232	0	13026476	157626365754	0	38115	0	167505190952	110967399	369131751	3401915	274	3303	1	69
1677701390	911	8178317	8183232	0	13026476	157626365754	0	38115	0	167505191177	110967402	369132558	3401921	274	3303	1	69
1677701392	913	8178317	8183232	0	13026476	157626632784	0	38115	0	167505474686	110967594	369134077	3401935	274	3303	1	69
1677701394	915	8178317	8183232	0	13026476	157634531359	0	38115	0	167513858925	110973272	369207703	3402444	274	3303	1	69
1677701396	917	8164269	8169184	0	12960940	157636435487	0	38115	0	167515884228	110974684	369253129	3402663	274	3303	1	69
1677701398	919	8164269	8169184	0	12960940	157636435487	0	38115	0	167515884464	110974687	369253881	3402668	274	3303	1	69
1677701400	921	8164269	8169184	0	12960940	157647643376	0	38115	0	167527786725	110982805	369357015	3403395	275	3303	1	69
1677701402	923	8165273	8170188	0	12960940	158077986478	0	38115	0	167984116157	111285083	370291391	3411896	275	3312	1	69
1677701404	925	8176297	8181212	0	13026476	158338603331	0	38115	0	168260497821	111468514	371018548	3418035	276	3317	1	69
1677701406	927	8170481	8175396	0	12895404	158633953459	0	38115	0	168573689282	111676076	371731121	3424731	277	3323	1	69
1677701408	929	8186965	8191880	0	13026476	158932221823	0	38115	0	168893546169	111888044	372819244	3434755	277	3330	1	69
1677701410	931	8171361	8176276	0	12895404	159082918286	0	38115	0	169053349704	111994004	373191361	3438249	278	3333	1	69
1677701412	933	8189685	8194600	0	13092012	159382242380	0	38115	0	169370756930	112204359	374002147	3445768	278	3339	1	69
1677701414	935	8187629	8192544	0	13026476	159823650132	0	38115	0	169838840881	112514589	375266735	3457471	279	3348	1	69
1677701416	937	8180397	8185312	0	12960940	160108597690	0	38115	0	170141014379	112714999	375994840	3463777	280	3353	1	69
1677701418	939	8189613	8194528	0	13026476	160211098514	0	38115	0	170249718856	112787185	376366714	3466964	280	3356	1	69
1677701420	941	8192693	8197608	0	13026476	160575614251	0	38115	0	170636259935	113043435	377216144	3474505	281	3364	1	69
1677701422	943	8182449	8187364	0	12960940	160892784846	0	38115	0	170972604572	113266507	378090084	3482284	282	3370	1	69
1677701424	945	8194573	8199488	0	13026476	161079257969	0	38115	0	171170410654	113397596	378588291	3486964	282	3373	1	69
1677701426	947	8180401	8185316	0	12895404	161220852656	0	38115	0	171320496574	113497143	378987913	3490625	282	3376	1	69
1677701428	949	8180401	8185316	0	12895404	161220853390	0	38115	0	171320498060	113497152	378989277	3490636	282	3376	1	69
1677701430	951	8193313	8198228	0	13026476	161512529170	0	38115	0	171629803834	113702192	379786127	3498039	283	3382	1	69
1677701432	953	8041345	8046260	0	12680664	161931904084	0	38115	0	172074505476	113996888	380629071	3505422	284	3391	1	69
1677701434	955	8041345	8046260	0	12680664	161946371599	0	38131	0	172089854976	114007122	380695200	3505904	284	3391	1	69
1677701436	957	8041345	8046260	0	12680664	161947826427	0	38131	0	172091398184	114008151	380699327	3505948	284	3391	1	69
1677701438	959	7985817	7990732	0	12578888	162323385039	0	38131	0	172489632610	114271921	381494087	3513497	284	3396	1	69
1677701440	961	7991641	7996556	0	12578888	162549061145	0	38131	0	172728968115	114430877	382230283	3519739	285	3403	1	69
1677701442	963	7991641	7996556	0	12578888	162857712925	0	38131	0	173056268291	114647836	382957380	3526306	285	3410	1	69
1677701444	965	7991641	7996556	0	12578888	162880119985	0	38131	0	173080036893	114663684	383068400	3527113	286	3410	1	69
1677701446	967	7967221	7972136	0	12525856	163230588792	0	38131	0	173451681328	114910038	383970289	3535440	286	3417	1	69
1677701448	969	7998489	8003404	0	12578936	163675723589	0	38131	0	173923694680	115222704	384975398	3544892	287	3426	1	69
1677701450	971	7998489	8003404	0	12578936	163741998105	0	38147	0	173993981404	115269392	385208000	3546784	287	3428	1	69
1677701452	973	7964837	7969752	0	12447864	164026793548	0	38147	0	174295989398	115469648	385977297	3553801	288	3435	1	69
1677701454	975	7969905	7974820	0	12447864	164376289583	0	38147	0	174666598553	115715266	386764981	3560771	288	3442	1	69
1677701456	977	7980529	7985444	0	12447864	164736437493	0	38147	0	175048504216	115968386	387691073	3569382	289	3449	1	69
1677701458	979	7984785	7989700	0	12447864	165124507761	0	38147	0	175460017228	116241116	388657378	3578322	290	3458	1	69
1677701460	981	8004777	8009692	0	12513400	165508112337	0	38147	0	175866858411	116510698	389571759	3586802	290	3465	1	69
1677701462	983	7974425	7979340	0	12393736	165850991437	0	38147	0	176230389467	116751687	390423205	3594454	291	3473	1	69
1677701464	985	8009905	8014820	0	12447660	166185856054	0	38147	0	176585497511	116987201	391314011	3602353	292	3480	1	69
1677701466	987	8013933	8018848	0	12447660	166482899147	0	38147	0	176900475283	117195833	391936894	3608144	292	3486	1	69
1677701468	989	8013941	8018856	0	12447660	166644202857	0	38147	0	177071779037	117309525	392424934	3612346	293	3489	1	69
1677701470	991	8016045	8020960	0	12447660	166981830238	0	38147	0	177429556795	117546596	393203614	3619579	293	3496	1	69
1677701472	993	8014185	8019100	0	12447344	167356898659	0	38147	0	177827280833	117810163	394106365	3627981	294	3504	1	69
1677701474	995	8039357	8044272	0	12512880	167544956311	0	38147	0	178026717445	117942560	394726007	3633327	294	3508	1	69
1677701476	997	8009809	8014724	0	12481328	168060259243	0	38147	0	178573138478	118304548	395864288	3644017	295	3516	1	69
1677701478	999	7977805	7982720	0	12422032	168232797990	0	38147	0	178756124007	118426133	396444692	3648833	296	3522	1	69
1677701480	1001	7980077	7984992	0	12422032	168684050198	0	38163	0	179234623275	118743090	397567180	3659444	297	3530	1	69
1677701482	1003	7984177	7989092	0	12451328	168862388012	0	38179	0	179423746976	118868582	398114953	3664160	297	3535	1	69
1677701484	1005	8035989	8040904	0	12508568	169219460032	0	38179	0	179802393278	119119566	399086011	3673193	298	3543	1	69
1677701486	1007	8039333	8044248	0	12481328	169632331021	0	38179	0	180240205851	119409723	400103124	3682567	299	3552	1	69
1677701488	1009	8039893	8044808	0	12508952	170132533165	0	38179	0	180770613833	119761102	401344358	3694258	300	3561	1	69
1677701490	1011	8002629	8007544	0	12422032	170195722959	0	38179	0	180837657876	119806004	401724683	3697006	300	3563	1	69
1677701492	1013	8051941	8056856	0	12487528	170597561352	0	38195	0	181266978411	120090277	403054315	3709886	301	3571	1	69
1677701494	1015	8044141	8049056	0	12481328	170912488735	0	38195	0	181600939486	120311731	403808963	3716637	301	3577	1	69
1677701496	1017	8044141	8049056	0	12481328	170923526993	0	38195	0	181612661377	120319700	403943734	3717413	301	3578	1	69
1677701498	1019	8057461	8062376	0	12544628	171321844062	0	38195	0	182035035706	120599571	404837886	3725747	302	3586	1	69
1677701500	1021	8006873	8011788	0	12516864	171563813422	0	38195	0	182291798505	120770062	405580877	3732090	303	3589	1	69
1677701502	1023	8076597	8081512	0	12584296	171784139225	0	38211	0	182525298540	120924979	406249551	3737962	303	3595	1	69
1677701504	1025	8069213	8074128	0	12574068	172123252605	0	38211	0	182884900818	121163342	407082076	3745591	304	3602	1	69
1677701506	1027	8067473	8072388	0	12546864	172524327505	0	38211	0	183310228417	121445152	408055650	3754890	305	3609	1	69
1677701508	1029	8045425	8050340	0	12517568	172683167529	0	38211	0	183478669740	121557236	408663286	3759676	305	3612	1	69
1677701510	1031	8077349	8082264	0	12517572	173014376095	0	38211	0	183832286769	121791695	409784883	3769674	306	3619	1	69
1677701512	1033	8089869	8094784	0	12546864	173372085338	0	38211	0	184211598541	122043000	410571599	3776936	306	3626	1	69
1677701514	1035	8092865	8097780	0	12554008	173711744633	0	38211	0	184571783878	122281789	411487376	3785315	307	3633	1	69
1677701516	1037	8092869	8097784	0	12583304	173838875941	0	38211	0	184706626361	122371552	411986977	3789278	308	3635	1	69
1677701518	1039	8084017	8088932	0	12544024	174223570023	0	38211	0	185114570331	122642055	412850966	3796749	308	3643	1	69
1677701520	1041	8049909	8054824	0	12582400	174539148370	0	38211	0	185449218894	122863911	413616638	3803434	309	3649	1	69
1677701522	1043	8045881	8050796	0	12516864	174876989268	0	38211	0	185807480497	123101497	414506175	3811455	310	3656	1	69
1677701524	1045	8083609	8088524	0	12546864	175137981544	0	38211	0	186084310172	123285073	415229528	3817997	310	3660	1	69
1677701526	1047	8090897	8095812	0	12550668	175565156734	0	38211	0	186539402780	123586706	416635228	3831225	311	3668	1	69
1677701528	1049	8090897	8095812	0	12550668	175568832934	0	38211	0	186543314266	123589458	416726332	3831697	311	3668	1	69
1677701530	1051	8090897	8095812	0	12550668	175569922368	0	38211	0	186544473635	123590274	416755381	3831856	311	3668	1	69
1677701532	1053	8102249	8107164	0	12612400	175999771819	0	38211	0	187000292488	123892402	417894832	3842573	312	3676	1	69
1677701534	1055	8102245	8107160	0	12611000	176187377808	0	38211	0	187199268779	124024723	418565864	3847801	313	3680	1	69
1677701536	1057	8087749	8092664	0	12610880	176509181394	0	38211	0	187540863579	124251279	419482608	3856212	314	3686	1	69
1677701538	1059	8064317	8069232	0	12582400	176624187511	0	38211	0	187662493428	124332067	419840998	3859243	314	3688	1	69
1677701540	1061	8045881	8050796	0	12516864	176948225388	0	38211	0	188006127939	124560082	420754754	3867436	315	3694	1	69
1677701542	1063	8061277	8066192	0	12582400	177237110134	0	38211	0	188315002472	124764533	421829679	3878182	315	3699	1	69
1677701544	1065	8005681	8010596	0	12487568	177485934495	0	38211	0	188578932878	124939997	422708425	3885504	316	3702	1	69
1677701546	1067	8005681	8010596	0	12487568	177628903320	0	38211	0	188730533540	125040804	423200534	3889508	316	3706	1	69
1677701548	1069	8005685	8010600	0	12516864	177863377179	0	38211	0	188979182353	125205718	423824079	3894977	317	3710	1	69
1677701550	1071	8005689	8010604	0	12516864	177939446661	0	38211	0	189059852073	125259248	424037850	3896936	317	3711	1	69
1677701552	1073	8005689	8010604	0	12516864	178283029835	0	38211	0	189424205752	125500904	424862429	3903964	318	3717	1	69
1677701554	1075	8005693	8010608	0	12516864	178629037372	0	38211	0	189794225893	125746283	426169547	3916117	319	3723	1	69
1677701556	1077	8005693	8010608	0	12516864	178927967006	0	38211	0	190111242254	125956739	427023700	3923325	320	3728	1	69
1677701558	1079	8005693	8010608	0	12516864	179312381878	0	38211	0	190518885623	126226968	427895736	3931069	320	3735	1	69
1677701560	1081	8005693	8010608	0	12516864	179390982137	0	38211	0	190602293144	126282992	428418163	3934620	321	3737	1	69
1677701562	1083	8005693	8010608	0	12516864	179703283678	0	38211	0	190935644654	126503982	429548552	3945308	322	3742	1	69
1677701564	1085	8005693	8010608	0	12516864	179959122847	0	38211	0	191206949431	126683915	430202002	3950968	322	3747	1	69
1677701566	1087	8005693	8010608	0	12516864	180136376711	0	38227	0	191394949703	126808990	430902118	3956777	323	3750	1	69
1677701568	1089	8005693	8010608	0	12516864	180419670210	0	38227	0	191695375344	127008326	431691302	3963654	323	3755	1	69
1677701570	1091	8005693	8010608	0	12516864	180694551842	0	38227	0	191986877448	127201705	432364569	3969359	324	3760	1	69
1677701572	1093	8005693	8010608	0	12516864	181013589724	0	38227	0	192325272126	127426205	433313894	3977868	325	3765	1	69
1677701574	1095	8005693	8010608	0	12516864	181039979632	0	38227	0	192353207732	127444930	433479250	3979101	325	3766	1	69
1677701576	1097	8005693	8010608	0	12516864	181368580922	0	38227	0	192703056288	127676893	434624854	3989679	326	3771	1	69
1677701578	1099	8005693	8010608	0	12516864	181761814750	0	38227	0	193120051041	127953343	435697871	3999740	326	3778	1	69
1677701580	1101	8005693	8010608	0	12516864	181811943724	0	38227	0	193173250572	127989118	436088878	4002451	327	3779	1	69
1677701582	1103	8005693	8010608	0	12516864	182100873319	0	38227	0	193479638856	128192192	436802761	4008998	327	3784	1	69
1677701584	1105	8005697	8010612	0	12516864	182454356622	0	38227	0	193854493775	128440871	437753536	4017428	328	3790	1	69
1677701586	1107	8005697	8010612	0	12516864	182792634424	0	38227	0	194214448289	128679482	438479989	4023782	329	3796	1	69
1677701588	1109	8005697	8010612	0	12516864	182852430011	0	38227	0	194277901861	128722127	438903268	4026697	329	3798	1	69
1677701590	1111	8005697	8010612	0	12516864	183178091913	0	38227	0	194626483529	128953064	440053332	4037523	330	3805	1	69
1677701592	1113	8005697	8010612	0	12516864	183199631896	0	38227	0	194649359249	128968660	440294913	4039108	331	3807	1	69
1677701594	1115	8005697	8010612	0	12516864	183203689669	0	38227	0	194653661811	128971507	440302200	4039186	331	3809	1	69
1677701596	1117	8005697	8010612	0	12516864	183478406291	0	38227	0	194944966924	129164463	440893671	4044704	332	3816	1	69
1677701598	1119	8111233	8116148	0	12658440	183645700639	0	187923	151552	195122272395	129281817	441214644	4048045	332	3820	1	69
1677701600	1121	8111381	8116296	0	12658560	183645700639	0	517378	487424	195122273412	129281830	441217111	4048061	332	3823	1	69
