Time	wtime	pss	rss	swap	vmem	rchar	read_bytes	wchar	write_bytes	rx_bytes	rx_packets	tx_bytes	tx_packets	stime	utime	nprocs	nthreads
1677696876	1	239464	242976	0	458004	2600616	0	34504	0	0	0	0	0	0	0	1	1
1677696878	3	533208	538444	0	1137704	45850458	0	36372	0	169925	146	11534	63	0	1	1	6
1677696880	5	595184	600420	0	1259740	48015082	0	36418	0	170639	153	12940	74	0	3	1	6
1677696882	7	620004	625240	0	1284692	48015082	0	36418	0	170789	155	13736	79	0	5	1	6
1677696884	9	638564	643800	0	1302096	48015082	0	36464	0	171065	159	14666	85	0	7	1	6
1677696886	11	657572	662808	0	1320860	48015082	0	36464	0	171380	163	15563	92	0	9	1	6
1677696888	13	678796	684032	0	1517660	48836766	0	37006	0	1051306	854	49033	321	0	11	1	6
1677696890	15	687864	693100	0	1585312	49110681	0	37218	0	1345004	1089	61232	406	0	13	1	6
1677696892	17	1057956	1063192	0	2335104	222870699	0	37330	0	185604866	123235	612184	5947	0	16	1	13
1677696894	19	1065476	1070712	0	2238676	305549423	0	37346	0	273292675	181526	980970	9616	0	18	1	13
1677696896	21	1071988	1077224	0	2235284	704237187	0	37346	0	696063867	461670	2269515	22779	0	23	1	13
1677696898	23	1099696	1104932	0	2276500	1038982694	0	37346	0	1051040634	697024	3354673	33652	1	28	1	13
1677696900	25	1110452	1115688	0	2371968	1171729378	0	37346	0	1191807626	790327	3740340	37465	1	31	1	13
1677696902	27	1115764	1121000	0	2343420	1527246395	0	37346	0	1568793942	1040060	4750878	47622	1	36	1	13
1677696904	29	1077136	1082372	0	2182196	1829361512	0	37362	0	1889164531	1252430	5618583	56018	1	40	1	13
1677696906	31	1109956	1115192	0	2244384	2218888211	0	37378	0	2302211148	1526018	6606694	65709	1	46	1	13
1677696908	33	1076048	1081284	0	2181004	2570495132	0	37378	0	2675100206	1773010	7486339	74356	2	51	1	13
1677696910	35	1067543	1072772	0	2213988	2840868791	0	37378	0	2961754933	1962975	8216752	81348	2	56	1	13
1677696912	37	1068691	1073920	0	2207592	3195987326	0	37378	0	3338333155	2212319	9034288	89486	2	60	1	13
1677696914	39	1107231	1112460	0	2239960	3580960131	0	37394	0	3746520563	2482618	10008403	99132	2	66	1	13
1677696916	41	1109943	1115172	0	2273128	3903770804	0	37394	0	4088824449	2709371	10849490	107329	3	72	1	13
1677696918	43	1114951	1120180	0	2281632	4276632338	0	37394	0	4484193174	2971170	11760652	116335	3	77	1	13
1677696920	45	1077511	1082740	0	2309368	4681840924	0	37394	0	4913868049	3255772	12772934	126143	3	83	1	13
1677696922	47	1110267	1115496	0	2242848	4855435983	0	37394	0	5097953991	3377822	13248945	130522	3	86	1	13
1677696924	49	1154835	1160064	0	2281024	5216008851	0	37394	0	5480342604	3631016	14102486	138899	3	91	1	13
1677696926	51	1134239	1139468	0	2312936	5567957695	0	37394	0	5853597348	3878156	14902477	146790	4	96	1	13
1677696928	53	1167023	1172252	0	2533788	5896478973	0	37394	0	6201831863	4108699	15616748	153773	4	101	1	13
1677696930	55	1163067	1168296	0	2338164	6344593420	0	37410	0	6676989494	4423251	16644838	163991	4	108	1	13
1677696932	57	1147311	1152540	0	2378980	6735311686	0	37410	0	7091570830	4697767	17533006	172636	4	114	1	13
1677696934	59	1164643	1169872	0	2337644	7160294919	0	37410	0	7542027991	4996051	18569000	182874	5	120	1	13
1677696936	61	1175279	1180508	0	2411752	7574876610	0	37426	0	7981525199	5286931	19441233	191486	5	126	1	13
1677696938	63	1180487	1185716	0	2476440	7994583232	0	37426	0	8426560628	5581546	20364140	200555	5	133	1	13
1677696940	65	1170143	1175372	0	2463248	8410444607	0	37426	0	8867520362	5873481	21270563	209384	5	140	1	13
1677696942	67	1177391	1182620	0	2411140	8698342117	0	37426	0	9172794799	6075603	21911242	215660	6	144	1	13
1677696944	69	1174115	1179344	0	2347064	8916548534	0	37442	0	9404173492	6228824	22387848	220235	6	148	1	13
1677696946	71	1169235	1174464	0	2342176	9313156094	0	37442	0	9824715643	6507217	23226437	228451	6	153	1	13
1677696948	73	1156523	1161752	0	2333548	9712768594	0	37442	0	10248449579	6787795	24110547	236997	6	160	1	13
1677696950	75	1178191	1183420	0	2475740	10148672405	0	37442	0	10710657626	7093748	25015453	245901	7	166	1	13
1677696952	77	1139239	1144468	0	2312024	10553294238	0	37442	0	11139982751	7378029	25882225	254205	7	173	1	13
1677696954	79	1145271	1150500	0	2442976	10908187861	0	37442	0	11516013691	7626952	26637554	261642	7	178	1	13
1677696956	81	1177487	1182716	0	2409124	11311767016	0	37442	0	11943950525	7910270	27518964	270283	7	184	1	13
1677696958	83	1177479	1182708	0	2411528	11711830386	0	37442	0	12368159722	8191126	28383015	278688	8	190	1	13
1677696960	85	1184775	1190004	0	2541208	11857142556	0	37442	0	12522241044	8293123	28693885	281760	8	193	1	13
1677696962	87	1184775	1190004	0	2541208	11857142556	0	37442	0	12522241280	8293126	28694637	281765	8	193	1	13
1677696964	89	1184775	1190004	0	2541208	11857142556	0	37442	0	12522241700	8293132	28695717	281775	8	193	1	13
1677696966	91	1151807	1157036	0	2326716	12205301481	0	37442	0	12891418437	8537615	29456169	289000	8	198	1	13
1677696968	93	1171967	1177196	0	2410352	12404579944	0	37442	0	13102726451	8677543	29895094	293253	8	201	1	13
1677696970	95	1165031	1170260	0	2339928	12629793038	0	37442	0	13341535722	8835694	30386939	297951	8	204	1	13
1677696972	97	1143143	1148372	0	2378760	13007669891	0	37442	0	13742216890	9100946	31190908	305822	8	210	1	13
1677696974	99	1148923	1154152	0	2509832	13158643591	0	37442	0	13902300212	9206899	31490755	308760	8	212	1	13
1677696976	101	1157319	1162548	0	2454188	13248826769	0	37442	0	13997927682	9270227	31700565	310793	8	214	1	13
1677696978	103	1168095	1173324	0	2467624	13632597992	0	37442	0	14404861857	9539651	32488005	318371	9	220	1	13
1677696980	105	1171291	1176520	0	2344120	13897931548	0	37442	0	14686209227	9725917	33015939	323448	9	223	1	13
1677696982	107	1122503	1127732	0	2279524	14207324330	0	37442	0	15014283768	9943235	33706294	329937	9	229	1	13
1677696984	109	1142679	1147908	0	2378848	14542467359	0	37442	0	15369653353	10178499	34400106	336689	9	234	1	13
1677696986	111	1170591	1175820	0	2345436	14793777840	0	37442	0	15636135339	10354972	34944655	341907	9	238	1	13
1677696988	113	1171419	1176648	0	2344204	15186240505	0	37442	0	16052490413	10630616	35721586	349478	10	243	1	13
1677696990	115	1176383	1181612	0	2539372	15579609577	0	37442	0	16469388727	10906553	36506826	357125	10	250	1	13
1677696992	117	1144711	1149940	0	2378644	15962570272	0	37442	0	16875463461	11175407	37291321	364650	10	256	1	13
1677696994	119	1167079	1172308	0	2461532	16381920112	0	37442	0	17320122343	11469793	38131077	372703	10	262	1	13
1677696996	121	1176359	1181588	0	2347204	16744489979	0	37442	0	17704672654	11724450	38897597	379995	11	268	1	13
1677696998	123	1155963	1161192	0	2444392	17039430795	0	37442	0	18017316295	11931375	39464152	385550	11	273	1	13
1677697000	125	1141547	1146776	0	2377884	17383304490	0	37442	0	18381948752	12172841	40199918	392545	11	278	1	13
1677697002	127	1167871	1173100	0	2429288	17816460347	0	37442	0	18841241365	12476843	41032472	400675	11	285	1	13
1677697004	129	1132459	1137688	0	2404200	18117534595	0	37442	0	19160492746	12688286	41666451	406588	11	289	1	13
1677697006	131	1132315	1137544	0	2309368	18539079318	0	37442	0	19607475561	12984164	42496887	414679	12	294	1	13
1677697008	133	1179331	1184560	0	2411536	18905380861	0	37442	0	19995887211	13241344	43244668	421825	12	301	1	13
1677697010	135	1179055	1184284	0	2440644	19071714339	0	37442	0	20172261526	13358137	43600273	425240	12	303	1	13
1677697012	137	1176071	1181300	0	2376256	19372216430	0	37442	0	20490903329	13569134	44227793	431248	12	308	1	13
1677697014	139	1170315	1175544	0	2362100	19752361483	0	37442	0	20893989392	13835971	44980741	438558	12	314	1	13
1677697016	141	1186871	1192100	0	2477716	20171273226	0	37442	0	21338183110	14130038	45837658	446831	13	321	1	13
1677697018	143	1160275	1165504	0	2535272	20528197793	0	37442	0	21716648310	14380588	46540145	453600	13	327	1	13
1677697020	145	1128271	1133500	0	2309368	20854700727	0	37442	0	22062860778	14609851	47242905	460288	13	332	1	13
1677697022	147	1172559	1177788	0	2354760	21240156829	0	37442	0	22471579957	14880438	48033576	467933	13	339	1	13
1677697024	149	1184395	1189624	0	2441044	21604299642	0	37442	0	22857700349	15136072	48772969	475057	13	345	1	13
1677697026	151	1175199	1180428	0	2469736	22028153732	0	37442	0	23307134219	15433605	49620159	483226	14	352	1	13
1677697028	153	1174619	1179848	0	2408760	22235154527	0	37442	0	23526632753	15578984	50052624	487310	14	356	1	13
1677697030	155	1140555	1145784	0	2338664	22417574879	0	37442	0	23720063964	15707058	50442783	491055	14	358	1	13
1677697032	157	1170915	1176144	0	2370540	22797549554	0	37442	0	24122972294	15973817	51245348	498792	14	365	1	13
1677697034	159	1177295	1182524	0	2375160	23123319461	0	37442	0	24468409566	16202591	51949087	505464	14	370	1	13
1677697036	161	1144947	1150176	0	2313392	23419830985	0	37442	0	24782818803	16410774	52561892	511327	15	375	1	13
1677697038	163	1168003	1173232	0	2429188	23715818067	0	37442	0	25096667044	16618522	53137788	516962	15	381	1	13
1677697040	165	1168003	1173232	0	2429188	23715818067	0	37442	0	25096667194	16618524	53138690	516968	15	381	1	13
1677697042	167	1177771	1183000	0	2407144	24006734180	0	37442	0	25405141946	16822757	53732586	522704	15	385	1	13
1677697044	169	1176983	1182212	0	2563096	24342287811	0	37442	0	25760950674	17058365	54450685	529550	15	391	1	13
1677697046	171	1178195	1183424	0	2439632	24434119028	0	37442	0	25858323024	17122815	54626381	531286	15	392	1	13
1677697048	173	1175079	1180308	0	2407016	24779775743	0	37442	0	26224843802	17365503	55348100	538213	15	398	1	13
1677697050	175	1173831	1179060	0	2434776	25111381312	0	37442	0	26576468387	17598365	56065961	545016	16	404	1	13
1677697052	177	1168899	1174128	0	2368776	25482478111	0	37442	0	26969964049	17858904	56832307	552388	16	410	1	13
1677697054	179	1180995	1186224	0	2412744	25803265438	0	37458	0	27310112191	18084099	57478920	558621	16	415	1	13
1677697056	181	1167903	1173132	0	2365720	26254957768	0	37458	0	27789067178	18401209	58389749	567376	16	423	1	13
1677697058	183	1182211	1187440	0	2472504	26629156456	0	37458	0	28185849313	18663890	59176232	575039	17	429	1	13
1677697060	185	1192179	1197408	0	2431000	27030171357	0	37458	0	28611082874	18945424	60019565	583215	17	436	1	13
1677697062	187	1136783	1142012	0	2338664	27351133227	0	37458	0	28951403574	19170769	60692087	589659	17	440	1	13
1677697064	189	1184227	1189456	0	2411372	27727483062	0	37458	0	29350541035	19435089	61500153	597347	17	447	1	13
1677697066	191	1164507	1169736	0	2338664	28126665266	0	37474	0	29773838610	19715363	62341286	605522	17	454	1	13
1677697068	193	1175279	1180508	0	2483432	28503756413	0	37474	0	30173602353	19980066	63153590	613283	18	461	1	13
1677697070	195	1171907	1177136	0	2498416	28808043145	0	37474	0	30496254498	20193686	63743083	618892	18	465	1	13
1677697072	197	1173551	1178780	0	2432084	29135740628	0	37474	0	30843735309	20423809	64428820	625375	18	471	1	13
1677697074	199	1140899	1146128	0	2309368	29544781646	0	37474	0	31277460757	20710920	65208125	632883	18	477	1	13
1677697076	201	1144803	1150032	0	2313136	29957960510	0	37474	0	31715577573	21000991	66050367	640963	19	484	1	13
1677697078	203	1169887	1175116	0	2338332	30310761883	0	37474	0	32089822954	21248777	66773296	647923	19	490	1	13
1677697080	205	1184867	1190096	0	2441388	30680414410	0	37474	0	32481637552	21508202	67516823	655057	19	496	1	13
1677697082	207	1186123	1191352	0	2505376	30986330057	0	37474	0	32806022548	21723043	68167350	661162	19	502	1	13
1677697084	209	1173563	1178792	0	2434072	31327211429	0	37474	0	33167478720	21962361	68862864	667868	19	508	1	13
1677697086	211	1146195	1151424	0	2318416	31726205614	0	37474	0	33590644301	22242553	69691638	675833	20	514	1	13
1677697088	213	1173711	1178940	0	2342132	32107778257	0	37474	0	33995158490	22510364	70459590	683177	20	521	1	13
1677697090	215	1142563	1147792	0	2312900	32496712597	0	37474	0	34407572243	22783475	71266594	690843	20	527	1	13
1677697092	217	1175015	1180244	0	2433860	32921745937	0	37474	0	34858256968	23081838	72133053	699264	20	534	1	13
1677697094	219	1133935	1139164	0	2469736	33305771411	0	37474	0	35265463285	23351474	72916847	706727	20	540	1	13
1677697096	221	1140839	1146068	0	2382788	33671408326	0	37474	0	35653173007	23608227	73695770	714124	21	547	1	13
1677697098	223	1142803	1148032	0	2313120	34034899980	0	37474	0	36039120355	23863814	74422159	721029	21	553	1	13
1677697100	225	1165607	1170836	0	2399368	34264939288	0	37474	0	36282529214	24024936	74868442	725299	21	557	1	13
1677697102	227	1127227	1132456	0	2309368	34415849197	0	37474	0	36442546729	24130871	75156440	728056	21	559	1	13
1677697104	229	1180551	1185780	0	2475484	34766533838	0	37474	0	36814396133	24377049	75859015	734853	21	566	1	13
1677697106	231	1163539	1168768	0	2333964	34841622417	0	37474	0	36894017926	24429779	76009104	736276	21	567	1	13
1677697108	233	1184643	1189872	0	2411640	35208076940	0	37474	0	37282593636	24687093	76754737	743325	22	574	1	13
1677697110	235	1170763	1175992	0	2370472	35524304066	0	37474	0	37617909454	24909131	77403922	749498	22	579	1	13
1677697112	237	1164464	1169700	0	2366224	35938103863	0	37474	0	38056747297	25199662	78195971	757081	22	585	1	13
1677697114	239	1176368	1181604	0	2374028	36264669587	0	37474	0	38402961449	25428869	78865513	763558	22	591	1	13
1677697116	241	1168712	1173948	0	2431832	36594048289	0	37474	0	38752221446	25660123	79518138	769766	23	597	1	13
1677697118	243	1133444	1138680	0	2410596	36926501691	0	37474	0	39104740437	25893519	80152347	775785	23	602	1	13
1677697120	245	1141320	1146556	0	2309368	37272463203	0	37474	0	39471584185	26136416	80857957	782564	23	608	1	13
1677697122	247	1187144	1192380	0	2440956	37610230254	0	37474	0	39829742839	26373612	81550554	789064	23	614	1	13
1677697124	249	1181064	1186300	0	2421784	37998103157	0	37474	0	40241022710	26645869	82295151	796243	23	621	1	13
1677697126	251	1172472	1177708	0	2433592	38309683161	0	37474	0	40571415995	26864714	82948486	802309	24	627	1	13
1677697128	253	1127796	1133032	0	2309368	38677153924	0	37474	0	40961067761	27122718	83677457	809201	24	633	1	13
1677697130	255	1142980	1148216	0	2313240	38798449243	0	37474	0	41089762889	27207985	83967434	811875	24	636	1	13
1677697132	257	1174728	1179964	0	2345112	39162272454	0	37474	0	41475503932	27463354	84706670	819045	24	643	1	13
1677697134	259	1173956	1179192	0	2344036	39539939645	0	37474	0	41875963219	27728457	85452948	826298	24	649	1	13
1677697136	261	1131552	1136788	0	2345060	39941490169	0	37474	0	42301752955	28010408	86317988	834591	25	657	1	13
1677697138	263	1176376	1181612	0	2439532	40080298775	0	37474	0	42448940305	28107870	86600861	837288	25	660	1	13
1677697140	265	1174044	1179280	0	2373712	40371179745	0	37474	0	42757382342	28312140	87224249	843150	25	666	1	13
1677697142	267	1179108	1184344	0	2478820	40628599140	0	37474	0	43030334972	28492811	87734883	848181	25	671	1	13
1677697144	269	1176268	1181504	0	2373884	40884410408	0	37474	0	43301728415	28672574	88281804	853258	25	676	1	13
1677697146	271	1163208	1168444	0	2333564	41336174203	0	37474	0	43780852478	28989708	89154606	861803	25	684	1	13
1677697148	273	1168792	1174028	0	2338664	41672249222	0	37474	0	44136984648	29225616	89887873	868630	26	690	1	13
1677697150	275	1135960	1141196	0	2410596	42033701345	0	37474	0	44520250595	29479346	90623441	875767	26	697	1	13
1677697152	277	1159152	1164388	0	2404200	42444829350	0	37474	0	44956191268	29767952	91419984	883417	26	704	1	13
1677697154	279	1181580	1186816	0	2433816	42783543699	0	37474	0	45315350549	30005766	92127541	890215	26	711	1	13
1677697156	281	1147616	1152852	0	2378748	43134013797	0	37474	0	45686973251	30251801	92841602	897095	27	717	1	13
1677697158	283	1135252	1140488	0	2309368	43468726164	0	37474	0	46041890124	30486817	93529568	903649	27	723	1	13
1677697160	285	1181168	1186404	0	2436372	43844947701	0	37474	0	46440821330	30750974	94293999	910892	27	731	1	13
1677697162	287	1171308	1176544	0	2430396	44230398406	0	37474	0	46849538292	31021604	95080910	918396	27	737	1	13
1677697164	289	1170224	1175460	0	2340548	44624255384	0	37474	0	47267240588	31298242	95876056	925879	27	744	1	13
1677697166	291	1127428	1132664	0	2309368	45038319453	0	37474	0	47706564944	31589050	96693137	933748	28	751	1	13
1677697168	293	1137104	1142340	0	2374904	45445534512	0	37490	0	48138018627	31874728	97527120	941683	28	759	1	13
1677697170	295	1127052	1132288	0	2279524	45793813572	0	37490	0	48507319506	32119251	98233745	948432	28	766	1	13
1677697172	297	1183928	1189164	0	2506208	46147019394	0	37490	0	48881845426	32367239	98943539	955190	28	772	1	13
1677697174	299	1177688	1182924	0	2345956	46412334531	0	37490	0	49163180742	32553595	99530022	960685	29	778	1	13
1677697176	301	1175756	1180992	0	2407292	46806200375	0	37490	0	49580817735	32830090	100311289	968185	29	785	1	13
1677697178	303	1181192	1186428	0	2501020	47146961395	0	37490	0	49942149198	33069366	101004494	974731	29	791	1	13
1677697180	305	1158592	1163828	0	2404200	47562568568	0	37490	0	50382839301	33361118	101847897	982884	29	798	1	13
1677697182	307	1145500	1150736	0	2374904	48018488730	0	37490	0	50866276838	33681191	102756957	991579	29	807	1	13
1677697184	309	1174552	1179788	0	2374152	48279118488	0	37490	0	51142639353	33864194	103288508	996606	30	812	1	13
1677697186	311	1174980	1180216	0	2345244	48625353428	0	37490	0	51509775633	34107320	104000326	1003332	30	819	1	13
1677697188	313	1182744	1187980	0	2504740	48954002579	0	37490	0	51858260460	34338040	104636383	1009385	30	825	1	13
1677697190	315	1191696	1196932	0	2373840	49154514671	0	37490	0	52070883299	34478881	105058655	1013282	30	829	1	13
1677697192	317	1186060	1191296	0	2402292	49524914184	0	37490	0	52463640710	34738991	105825080	1020459	30	836	1	13
1677697194	319	1176052	1181288	0	2340756	49865551989	0	37490	0	52824846232	34978231	106536507	1027082	31	842	1	13
1677697196	321	1157144	1162380	0	2311912	50143899627	0	37490	0	53119997158	35173688	107096468	1032331	31	848	1	13
1677697198	323	1184076	1189312	0	2433796	50507436287	0	37490	0	53505483100	35429012	107894384	1039806	31	856	1	13
1677697200	325	1185440	1190676	0	2340332	50820172273	0	37490	0	53837100859	35648650	108538237	1045784	31	863	1	13
1677697202	327	1195868	1201104	0	2375960	51177790452	0	37490	0	54216308945	35899789	109297312	1052920	31	870	1	13
1677697204	329	1198756	1203992	0	2437172	51477514541	0	37490	0	54534129680	36110295	109910742	1058604	32	876	1	13
1677697206	331	1188952	1194188	0	2434652	51802708366	0	37490	0	54878957816	36338695	110609858	1065131	32	884	1	13
1677697208	333	1184120	1189356	0	2431884	52155200100	0	37490	0	55252733040	36586270	111359356	1072066	32	891	1	13
1677697210	335	1158180	1163416	0	2338664	52491202903	0	37490	0	55609020001	36822216	112097920	1079136	32	897	1	13
1677697212	337	1158344	1163580	0	2338664	52837765658	0	37490	0	55976670765	37065712	112822183	1085891	32	904	1	13
1677697214	339	1160572	1165808	0	2313276	53155196546	0	37490	0	56313104104	37288564	113482933	1091992	33	911	1	13
1677697216	341	1164812	1170048	0	2444440	53479520366	0	37490	0	56657007576	37516317	114171349	1098511	33	919	1	13
1677697218	343	1193216	1198452	0	2375344	53773663476	0	37490	0	56968912701	37722940	114839388	1104710	33	926	1	13
1677697220	345	1194496	1199732	0	2356828	54107796058	0	37490	0	57323215323	37957558	115502992	1110938	33	933	1	13
1677697222	347	1191172	1196408	0	2344008	54393923947	0	37490	0	57626620643	38158537	116130836	1116784	33	939	1	13
1677697224	349	1180160	1185396	0	2338664	54674691811	0	37490	0	57924341911	38355747	116731625	1122348	34	944	1	13
1677697226	351	1183956	1189192	0	2366080	54896768779	0	37490	0	58159827625	38511724	117226595	1127000	34	949	1	13
1677697228	353	1192836	1198072	0	2345672	55260135841	0	37490	0	58545133487	38766925	118009107	1134318	34	956	1	13
1677697230	355	1160388	1165624	0	2313092	55569249282	0	37490	0	58872910530	38984029	118664559	1140430	34	963	1	13
1677697232	357	1158508	1163744	0	2313256	55864218451	0	37490	0	59185694517	39191271	119323719	1146500	34	969	1	13
1677697234	359	1207792	1213028	0	2375364	56149661363	0	37490	0	59488368464	39391699	119919068	1152095	34	975	1	13
1677697236	361	1166580	1171816	0	2319408	56481130383	0	37490	0	59839853989	39624544	120648943	1158865	35	982	1	13
1677697238	363	1183880	1189116	0	2336576	56814404280	0	37490	0	60193248309	39858588	121368358	1165674	35	989	1	13
1677697240	365	1187980	1193216	0	2494568	57102370254	0	37490	0	60498603774	40060875	122009751	1171607	35	995	1	13
1677697242	367	1169572	1174808	0	2324444	57472407367	0	37490	0	60890982027	40320753	122816727	1179229	35	1003	1	13
1677697244	369	1190412	1195648	0	2435920	57792089588	0	37490	0	61230056886	40545360	123516083	1185718	36	1010	1	13
1677697246	371	1179584	1184820	0	2336504	58183369040	0	37490	0	61644869715	40820086	124342230	1193477	36	1018	1	13
1677697248	373	1179620	1184856	0	2365832	58513343699	0	37490	0	61994767890	41051846	125056344	1200135	36	1025	1	13
1677697250	375	1190928	1196164	0	2420568	58784148826	0	37490	0	62281924656	41242055	125636731	1205553	36	1030	1	13
1677697252	377	1152456	1157692	0	2309368	59184055162	0	37490	0	62705974052	41522892	126479421	1213461	36	1038	1	13
1677697254	379	1190416	1195652	0	2343168	59355907886	0	37490	0	62888207245	41643670	126876354	1217072	36	1043	1	13
1677697256	381	1190424	1195660	0	2368284	59668750628	0	37490	0	63219937080	41863347	127527001	1223203	37	1049	1	13
1677697258	383	1162680	1167916	0	2313316	60058783217	0	37490	0	63633516843	42137255	128335095	1230732	37	1057	1	13
1677697260	385	1172028	1177264	0	2388408	60418076731	0	37490	0	64014501152	42389566	129106118	1238029	37	1065	1	13
1677697262	387	1195808	1201044	0	2375864	60731891374	0	37490	0	64347261381	42609948	129765208	1244207	37	1072	1	13
1677697264	389	1185112	1190348	0	2365168	61023514987	0	37490	0	64656494235	42814787	130375103	1249813	38	1078	1	13
1677697266	391	1194960	1200196	0	2440252	61356014340	0	37490	0	65009067959	43048301	131087140	1256437	38	1085	1	13
1677697268	393	1166664	1171900	0	2378680	61702083811	0	37506	0	65376028858	43291311	131827392	1263470	38	1092	1	13
1677697270	395	1162644	1167880	0	2313280	62058749608	0	37506	0	65754229616	43541816	132607857	1270768	38	1099	1	13
1677697272	397	1191412	1196648	0	2373516	62376302498	0	37506	0	66090957187	43764866	133288502	1277085	38	1106	1	13
1677697274	399	1178160	1183396	0	2404200	62727649247	0	37522	0	66463515615	44011607	134019751	1283938	39	1113	1	13
1677697276	401	1160484	1165720	0	2313168	63029643380	0	37522	0	66783973755	44223939	134693596	1290114	39	1120	1	13
1677697278	403	1192472	1197708	0	2374576	63408651479	0	37522	0	67185633621	44489880	135460631	1297383	39	1127	1	13
1677697280	405	1174336	1179572	0	2535272	63653981412	0	37522	0	67445800124	44662255	136004431	1302376	39	1133	1	13
1677697282	407	1208184	1213420	0	2476964	63991793429	0	37522	0	67803985296	44899453	136694848	1308875	39	1140	1	13
1677697284	409	1192800	1198036	0	2404200	64316549248	0	37522	0	68148346566	45127508	137374760	1315289	40	1147	1	13
1677697286	411	1189468	1194704	0	2342280	64604717697	0	37522	0	68453914601	45329905	137974463	1320821	40	1152	1	13
1677697288	413	1197376	1202612	0	2440920	64922854813	0	37522	0	68791264342	45553402	138699972	1327553	40	1160	1	13
1677697290	415	1148816	1154052	0	2345060	65257272823	0	37522	0	69145878331	45788340	139447827	1334432	40	1167	1	13
1677697292	417	1193044	1198280	0	2438632	65594207581	0	37522	0	69503154025	46024948	140176211	1341361	40	1174	1	13
1677697294	419	1194524	1199760	0	2359996	65882089171	0	37522	0	69808417001	46227135	140790419	1347089	41	1180	1	13
1677697296	421	1198768	1204004	0	2440076	66225689478	0	37522	0	70172762630	46468452	141542905	1354168	41	1187	1	13
1677697298	423	1162492	1167728	0	2378660	66548764202	0	37538	0	70515346318	46695392	142250817	1360728	41	1194	1	13
1677697300	425	1160716	1165952	0	2404200	66872174714	0	37538	0	70858282545	46922520	142929632	1367115	41	1200	1	13
1677697302	427	1199928	1205164	0	2441112	67212164562	0	37538	0	71218796310	47161254	143636521	1373787	41	1207	1	13
1677697304	429	1154512	1159748	0	2309368	67512583724	0	37538	0	71537353555	47372243	144275216	1379743	42	1213	1	13
1677697306	431	1150720	1155956	0	2374904	67858824045	0	37538	0	71904499309	47615423	145025385	1386774	42	1220	1	13
1677697308	433	1189684	1194920	0	2340440	68190941787	0	37538	0	72256668911	47848674	145754529	1393633	42	1227	1	13
1677697310	435	1154520	1159756	0	2338664	68572973837	0	37538	0	72661768741	48117014	146587830	1401361	42	1235	1	13
1677697312	437	1194072	1199308	0	2437672	68849606311	0	37538	0	72955107436	48311356	147244636	1407475	42	1241	1	13
1677697314	439	1188388	1193624	0	2342040	69121729181	0	37538	0	73243659418	48502461	147803772	1412727	43	1247	1	13
1677697316	441	1213088	1218324	0	2401332	69415871313	0	37538	0	73555562324	48709064	148444044	1418681	43	1253	1	13
1677697318	443	1203100	1208336	0	2443408	69781574474	0	37538	0	73943385531	48965996	149247654	1426162	43	1260	1	13
1677697320	445	1231572	1236808	0	2438508	70108713377	0	37538	0	74290240256	49195723	149958050	1432744	43	1268	1	13
1677697322	447	1237124	1242360	0	2412396	70484191960	0	37538	0	74688389517	49459438	150807432	1440743	43	1276	1	13
1677697324	449	1191440	1196676	0	2374904	70804012153	0	37538	0	75027517129	49684024	151461107	1446858	44	1282	1	13
1677697326	451	1222996	1228232	0	2404200	71110162267	0	37538	0	75352157162	49899118	152196742	1453688	44	1289	1	13
1677697328	453	1199542	1204644	0	2440440	71450462885	0	37538	0	75713004949	50138132	152931033	1460522	44	1296	1	13
1677697330	455	1204662	1209764	0	2469736	71800679551	0	37554	0	76084367204	50384107	153687175	1467586	44	1304	1	13
1677697332	457	1230786	1235888	0	2405912	72169876697	0	37554	0	76476040983	50643558	154493253	1475056	44	1311	1	13
1677697334	459	1241278	1246380	0	2478032	72457307624	0	37554	0	76780643241	50845310	155091300	1480639	45	1318	1	13
1677697336	461	1185430	1190532	0	2345060	72677749771	0	37554	0	77014400916	51000211	155580141	1485036	45	1324	1	13
1677697338	463	1235834	1240936	0	2440556	73029718462	0	37554	0	77387620327	51247405	156306356	1491797	45	1331	1	13
1677697340	465	1185466	1190568	0	2374904	73365897040	0	37554	0	77744100288	51483566	157116765	1499428	45	1338	1	13
1677697342	467	1217962	1223064	0	2393088	73706402921	0	37554	0	78105164403	51722705	157856481	1506413	45	1345	1	13
1677697344	469	1237558	1242660	0	2476308	74059905637	0	37554	0	78480008937	51970958	158612271	1513482	46	1353	1	13
1677697346	471	1223106	1228208	0	2404200	74326524363	0	37554	0	78762727457	52158240	159180673	1518709	46	1358	1	13
1677697348	473	1230042	1235144	0	2496180	74641722044	0	37554	0	79096961729	52379693	159864719	1524898	46	1366	1	13
1677697350	475	1229254	1234356	0	2435628	74951920450	0	37554	0	79425892497	52597601	160526359	1530957	46	1373	1	13
1677697352	477	1195385	1200488	0	2404200	75339344573	0	37554	0	79837245742	52870050	161340730	1538580	46	1380	1	13
1677697354	479	1197437	1202540	0	2404200	75563212652	0	37554	0	80074094467	53026918	161814708	1542986	47	1384	1	13
1677697356	481	1203501	1208604	0	2404200	75755781662	0	37554	0	80278294540	53162224	162235329	1546768	47	1389	1	13
1677697358	483	1227133	1232236	0	2402428	75965274831	0	37554	0	80500570691	53309501	162674769	1550782	47	1394	1	13
1677697360	485	1234901	1240004	0	2475792	76332337428	0	37554	0	80889662443	53567174	163456194	1558099	47	1402	1	13
1677697362	487	1239653	1244756	0	2482972	76686960602	0	37554	0	81265701711	53816302	164222344	1565118	47	1409	1	13
1677697364	489	1202985	1208088	0	2378528	77039677887	0	37554	0	81640014075	54064285	164980132	1572138	47	1417	1	13
1677697366	491	1220961	1226064	0	2404200	77393349670	0	37554	0	82014746547	54312503	165758366	1579282	48	1424	1	13
1677697368	493	1201085	1206188	0	2376612	77679542686	0	37554	0	82318222888	54513558	166373681	1584873	48	1430	1	13
1677697370	495	1228249	1233352	0	2494728	77809324260	0	37554	0	82455841953	54604732	166646740	1587373	48	1434	1	13
1677697372	497	1233169	1238272	0	2478784	78069326112	0	37554	0	82731544030	54787362	167215533	1592661	48	1439	1	13
1677697374	499	1235173	1240276	0	2439220	78402293755	0	37554	0	83084619382	55021270	167960260	1599554	48	1446	1	13
1677697376	501	1210065	1215168	0	2387768	78729665276	0	37554	0	83431760718	55251249	168663707	1605967	49	1454	1	13
1677697378	503	1231253	1236356	0	2436200	79022044703	0	37554	0	83741794941	55456620	169285787	1611705	49	1460	1	13
1677697380	505	1226957	1232060	0	2469736	79322690795	0	37554	0	84060591051	55667743	169907009	1617539	49	1466	1	13
1677697382	507	1247433	1252536	0	2439208	79541936183	0	37554	0	84293078171	55821786	170424775	1622356	49	1471	1	13
1677697384	509	1205417	1210520	0	2404200	79875881532	0	37554	0	84647186238	56056323	171127469	1628887	49	1478	1	13
1677697386	511	1224253	1229356	0	2429200	80167361850	0	37554	0	84956268550	56261084	171767021	1634762	49	1484	1	13
1677697388	513	1233929	1239032	0	2469736	80485672766	0	37554	0	85293800334	56484670	172452743	1641124	50	1491	1	13
1677697390	515	1230745	1235848	0	2497064	80640255434	0	37554	0	85457718216	56593262	172770117	1643996	50	1495	1	13
1677697392	517	1205209	1210312	0	2378680	80956668578	0	37554	0	85793491877	56815654	173450556	1650405	50	1501	1	13
1677697394	519	1197209	1202312	0	2374904	81303161073	0	37554	0	86160656679	57058859	174172389	1657073	50	1508	1	13
1677697396	521	1226701	1231804	0	2404092	81643891069	0	37554	0	86521952807	57298176	174915925	1663944	50	1516	1	13
1677697398	523	1235785	1240888	0	2473072	81961916166	0	37554	0	86859179706	57521539	175582265	1670125	51	1523	1	13
1677697400	525	1233045	1238148	0	2472128	82251289148	0	37554	0	87166060389	57724895	176257450	1676214	51	1530	1	13
1677697402	527	1195165	1200268	0	2374904	82594431120	0	37554	0	87529887416	57965818	176965835	1682929	51	1536	1	13
1677697404	529	1227077	1232180	0	2466280	82869758137	0	37554	0	87821842732	58159255	177578306	1688534	51	1543	1	13
1677697406	531	1235345	1240448	0	2410984	83175779764	0	37554	0	88146344418	58374228	178262399	1694873	51	1549	1	13
1677697408	533	1203261	1208364	0	2378772	83528511054	0	37554	0	88520374062	58621982	179042127	1702126	52	1556	1	13
1677697410	535	1220773	1225876	0	2461936	83864635951	0	37570	0	88876792914	58858047	179747752	1708717	52	1564	1	13
1677697412	537	1229381	1234484	0	2405020	84218009619	0	37570	0	89251505824	59106280	180513044	1715751	52	1572	1	13
1677697414	539	1221853	1226956	0	2395444	84474674772	0	37570	0	89523668344	59286552	181077937	1721052	52	1577	1	13
1677697416	541	1236297	1241400	0	2473424	84832304843	0	37570	0	89902891860	59537736	181835404	1728081	52	1585	1	13
1677697418	543	1215833	1220936	0	2391468	85042300508	0	37570	0	90125591935	59685291	182306020	1732467	53	1589	1	13
1677697420	545	1231705	1236808	0	2468324	85423737376	0	37570	0	90530034884	59953138	183116831	1740014	53	1598	1	13
1677697422	547	1224877	1229980	0	2402560	85786769302	0	37570	0	90914987907	60208138	183899282	1747232	53	1605	1	13
1677697424	549	1236193	1241296	0	2473180	86077603235	0	37570	0	91223386046	60412459	184535794	1753088	53	1612	1	13
1677697426	551	1239033	1244136	0	2412620	86435099216	0	37570	0	91602466619	60663539	185282412	1759997	54	1619	1	13
1677697428	553	1205425	1210528	0	2378880	86802553354	0	37570	0	91992111445	60921680	186091188	1767402	54	1627	1	13
1677697430	555	1217397	1222500	0	2444280	87116805286	0	37570	0	92325341302	61142446	186774617	1773670	54	1634	1	13
1677697432	557	1287641	1292744	0	2599300	87379515652	0	37586	0	92603918325	61327021	187352229	1778958	54	1639	1	13
1677697434	559	1261561	1266664	0	2439876	87627052269	0	37586	0	92866414937	61501068	187950584	1784220	54	1644	1	13
1677697436	561	1255973	1261076	0	2476132	87932813107	0	37586	0	93190778850	61715988	188626101	1790423	54	1650	1	13
1677697438	563	1267085	1272188	0	2505976	88225184902	0	37586	0	93500673553	61921317	189270145	1796274	55	1655	1	13
1677697440	565	1275505	1280608	0	2535272	88525003911	0	37586	0	93818771325	62132179	189984892	1802677	55	1661	1	13
1677697442	567	1303341	1308444	0	2600808	88791170490	0	37586	0	94100862993	62319140	190605473	1808278	55	1666	1	13
1677697444	569	1306229	1311332	0	2569952	89090088966	0	37602	0	94417830174	62529204	191286301	1814417	55	1672	1	13
1677697446	571	1305489	1310592	0	2628768	89348840050	0	37618	0	94692215338	62711079	191924118	1820180	55	1677	1	13
1677697448	573	1259553	1264656	0	2476132	89553916915	0	37618	0	94909686872	62855284	192431261	1824632	55	1681	1	13
1677697450	575	1277161	1282264	0	2509660	89842938377	0	37618	0	95216168570	63058405	193087921	1830496	56	1686	1	13
1677697452	577	1307221	1312324	0	2567620	90108885228	0	37618	0	95498175547	63245225	193675097	1835974	56	1691	1	13
1677697454	579	1308361	1313464	0	2570284	90394778671	0	37618	0	95801468779	63446316	194367180	1842155	56	1697	1	13
1677697456	581	1302861	1307964	0	2628224	90712988335	0	37618	0	96138775937	63669816	195099274	1848810	56	1703	1	13
1677697458	583	1317537	1322640	0	2638600	91015112283	0	37618	0	96459150112	63882124	195778865	1854959	56	1708	1	13
1677697460	585	1269257	1274360	0	2505976	91263013177	0	37618	0	96722029461	64056378	196371432	1860305	57	1713	1	13
1677697462	587	1305597	1310700	0	2619728	91553645166	0	37618	0	97030219087	64260632	197041933	1866351	57	1719	1	13
1677697464	589	1299033	1304136	0	2562388	91813676014	0	37618	0	97305965098	64443465	197683560	1872023	57	1724	1	13
1677697466	591	1314277	1319380	0	2637604	92114656610	0	37618	0	97625123535	64654926	198342933	1878046	57	1730	1	13
1677697468	593	1269257	1274360	0	2505976	92383300827	0	37618	0	97909997007	64843725	198952556	1883568	57	1735	1	13
1677697470	595	1311869	1316972	0	2605976	92491826669	0	37618	0	98025083265	64920054	199225826	1885974	57	1737	1	13
1677697472	597	1314777	1319880	0	2572596	92754744997	0	37618	0	98303882276	65104790	199817959	1891376	58	1742	1	13
1677697474	599	1310565	1315668	0	2633764	93005505618	0	37618	0	98569794412	65281060	200403698	1896598	58	1747	1	13
1677697476	601	1279913	1285016	0	2510052	93328668746	0	37618	0	98912481455	65508191	201167615	1903455	58	1753	1	13
1677697478	603	1302801	1307904	0	2562668	93590110769	0	37618	0	99189720877	65691974	201776684	1908859	58	1759	1	13
1677697480	605	1304873	1309976	0	2566788	93843441782	0	37634	0	99458354471	65869991	202336653	1913933	58	1763	1	13
1677697482	607	1313369	1318472	0	2567888	94178565531	0	37634	0	99813722087	66105491	203099838	1920848	59	1769	1	13
1677697484	609	1299089	1304192	0	2562744	94444316841	0	37634	0	100095536914	66292383	203748970	1926515	59	1775	1	13
1677697486	611	1311545	1316648	0	2571408	94730881078	0	37634	0	100399414776	66493799	204413494	1932447	59	1780	1	13
1677697488	613	1261777	1266880	0	2505976	95000866295	0	37634	0	100686101197	66683851	205048534	1938126	59	1785	1	13
1677697490	615	1287021	1292124	0	2521688	95305743827	0	37634	0	101009004526	66897785	205734473	1944463	59	1790	1	13
1677697492	617	1315417	1320520	0	2552500	95626636870	0	37634	0	101349485107	67123468	206524957	1951602	60	1797	1	13
1677697494	619	1261361	1266464	0	2476132	95874970231	0	37666	0	101612627998	67297958	207150917	1957139	60	1802	1	13
1677697496	621	1303133	1308236	0	2556528	96225321245	0	37666	0	101984139412	67544113	207946205	1964470	60	1808	1	13
1677697498	623	1311777	1316880	0	2634976	96401205419	0	37666	0	102170651429	67667757	208365366	1968216	60	1812	1	13
1677697500	625	1261769	1266872	0	2535272	96648137129	0	37666	0	102432501706	67841308	208916913	1973147	60	1816	1	13
1677697502	627	1284977	1290080	0	2519644	96943072812	0	37666	0	102745256256	68048607	209579995	1979048	60	1822	1	13
1677697504	629	1301081	1306184	0	2538256	97131754758	0	37666	0	102945337226	68181211	210011856	1982951	61	1826	1	13
1677697506	631	1279497	1284600	0	2509940	97331347992	0	37682	0	103156990284	68321513	210467148	1986954	61	1830	1	13
1677697508	633	1303133	1308236	0	2562980	97486279350	0	37682	0	103321397232	68430462	210818899	1990171	61	1833	1	13
1677697510	635	1313869	1318972	0	2607632	97783392911	0	37682	0	103636346595	68639241	211549560	1996739	61	1838	1	13
1677697512	637	1265893	1270996	0	2541668	98100592394	0	37682	0	103972707656	68862156	212277516	2003297	61	1844	1	13
1677697514	639	1305193	1310296	0	2565272	98411607055	0	37682	0	104302510138	69080718	213007843	2009962	61	1850	1	13
1677697516	641	1261373	1266476	0	2476132	98678160195	0	37682	0	104585169439	69268095	213635344	2015516	61	1856	1	13
1677697518	643	1275913	1281016	0	2535272	98850141581	0	37682	0	104767544423	69389015	214037455	2019070	62	1859	1	13
1677697520	645	1314173	1319276	0	2574024	99146046215	0	37682	0	105081319337	69596895	214666996	2024821	62	1864	1	13
1677697522	647	1277373	1282476	0	2535272	99392819517	0	37682	0	105343313495	69770520	215209782	2029696	62	1869	1	13
1677697524	649	1297309	1302412	0	2561256	99592655291	0	37682	0	105554911707	69910801	215689606	2033981	62	1873	1	13
1677697526	651	1301213	1306316	0	2535868	99860474678	0	37682	0	105838906487	70098968	216272087	2039317	62	1878	1	13
1677697528	653	1308333	1313436	0	2570232	100203523171	0	37682	0	106202681066	70340085	217079438	2046566	62	1884	1	13
1677697530	655	1309589	1314692	0	2562916	100490903750	0	37682	0	106507421657	70542037	217742055	2052585	63	1890	1	13
1677697532	657	1299049	1304152	0	2562760	100767899470	0	37682	0	106801153320	70736737	218375295	2058194	63	1895	1	13
1677697534	659	1299049	1304152	0	2562672	101069338336	0	37682	0	107120802757	70948586	219060320	2064365	63	1901	1	13
1677697536	661	1309421	1314524	0	2571320	101411894669	0	37682	0	107484053378	71189327	219841892	2071448	63	1906	1	13
1677697538	663	1261373	1266476	0	2476132	101714037033	0	37682	0	107804546609	71401774	220554471	2077850	63	1913	1	13
1677697540	665	1261757	1266860	0	2505976	101979142568	0	37682	0	108085571062	71588004	221133478	2082988	64	1918	1	13
1677697542	667	1310309	1315412	0	2572212	102306313198	0	37682	0	108432507417	71817949	221882219	2089674	64	1924	1	13
1677697544	669	1306481	1311584	0	2568380	102574514433	0	37682	0	108716909168	72006416	222498097	2095315	64	1929	1	13
1677697546	671	1305765	1310868	0	2538372	102875348423	0	37682	0	109035912818	72217778	223178295	2101536	64	1935	1	13
1677697548	673	1309073	1314176	0	2570972	103207925452	0	37682	0	109388581189	72451508	223960029	2108630	64	1941	1	13
1677697550	675	1299045	1304148	0	2535272	103558707572	0	37698	0	109760549055	72697958	224734778	2115722	65	1947	1	13
1677697552	677	1300389	1305492	0	2562292	103812052880	0	37698	0	110029203079	72876058	225393939	2121731	65	1952	1	13
1677697554	679	1301093	1306196	0	2559872	104102142237	0	37698	0	110336817102	73079960	226068801	2127852	65	1958	1	13
1677697556	681	1300925	1306028	0	2600808	104406669451	0	37698	0	110659740650	73293938	226770688	2134216	65	1963	1	13
1677697558	683	1271321	1276424	0	2505976	104631344548	0	37698	0	110897986058	73451801	227280153	2138887	65	1968	1	13
1677697560	685	1302981	1308084	0	2533540	104861431615	0	37698	0	111141973191	73613509	227817709	2143751	65	1973	1	13
1677697562	687	1305421	1310524	0	2535980	105172083638	0	37698	0	111471390790	73831809	228521431	2150135	66	1978	1	13
1677697564	689	1299049	1304152	0	2562032	105491015737	0	37714	0	111809587665	74055918	229238945	2156657	66	1985	1	13
1677697566	691	1313557	1318660	0	2552752	105814276294	0	37714	0	112152373229	74283054	229974268	2163338	66	1991	1	13
1677697568	693	1311513	1316616	0	2568576	106100123871	0	37714	0	112455491887	74483981	230659687	2169500	66	1997	1	13
1677697570	695	1265645	1270748	0	2476132	106412947286	0	37714	0	112787213087	74703827	231398199	2176197	66	2003	1	13
1677697572	697	1316873	1321976	0	2543160	106672421135	0	37714	0	113062361023	74886170	232001516	2181679	67	2009	1	13
1677697574	699	1278741	1283844	0	2535272	106922141916	0	37714	0	113327164284	75061623	232605809	2187268	67	2013	1	13
1677697576	701	1283877	1288980	0	2510032	107156647461	0	37714	0	113575845224	75226548	233221413	2192684	67	2018	1	13
1677697578	703	1265649	1270752	0	2476132	107483278042	0	37714	0	113922199653	75455990	233931385	2199239	67	2025	1	13
1677697580	705	1283701	1288804	0	2575364	107716648184	0	37714	0	114169662577	75619927	234434637	2203873	67	2029	1	13
1677697582	707	1309741	1314844	0	2600808	108003919401	0	37714	0	114474291404	75821863	235118983	2209985	67	2036	1	13
1677697584	709	1307249	1312352	0	2562824	108312280770	0	37714	0	114801278729	76038541	235831410	2216485	68	2042	1	13
1677697586	711	1309461	1314564	0	2537792	108536140620	0	37714	0	115038666600	76195927	236376569	2221338	68	2046	1	13
1677697588	713	1269733	1274836	0	2541668	108848017962	0	37714	0	115369380048	76415044	237082785	2227855	68	2052	1	13
1677697590	715	1314145	1319248	0	2540428	109121299657	0	37714	0	115659169462	76607084	237697794	2233407	68	2058	1	13
1677697592	717	1316201	1321304	0	2571776	109429412284	0	37714	0	115985896145	76823595	238381039	2239606	68	2064	1	13
1677697594	719	1307421	1312524	0	2562772	109746380111	0	37714	0	116322008194	77046301	239100321	2246214	69	2070	1	13
1677697596	721	1265649	1270752	0	2476132	110047997830	0	37714	0	116642076895	77258485	239809706	2252464	69	2077	1	13
1677697598	723	1316557	1321660	0	2542840	110185292658	0	37714	0	116787433873	77354736	240080461	2255062	69	2079	1	13
1677697600	725	1305369	1310472	0	2536932	110440784962	0	37714	0	117058360157	77534285	240658853	2260299	69	2085	1	13
1677697602	727	1304177	1309280	0	2530460	110686943761	0	37714	0	117319388811	77707267	241209001	2265249	69	2089	1	13
1677697604	729	1303425	1308528	0	2535272	110968854847	0	37714	0	117618325610	77905326	241822520	2270851	69	2095	1	13
1677697606	731	1307725	1312828	0	2562664	111245004756	0	37714	0	117911157969	78099399	242465106	2276694	70	2101	1	13
1677697608	733	1312645	1317748	0	2540976	111522041378	0	37714	0	118204930098	78294089	243099831	2282402	70	2106	1	13
1677697610	735	1277813	1282916	0	2571512	111857326678	0	37714	0	118560465176	78529654	243848095	2289231	70	2113	1	13
1677697612	737	1265973	1271076	0	2505976	112108274993	0	37714	0	118826577452	78706070	244467556	2294810	70	2118	1	13
1677697614	739	1265653	1270756	0	2476132	112377008223	0	37714	0	119111541072	78894877	245063156	2300288	70	2124	1	13
1677697616	741	1281425	1286528	0	2509624	112637574291	0	37714	0	119387841906	79077912	245630935	2305550	70	2128	1	13
1677697618	743	1280133	1285236	0	2571512	112924301826	0	37714	0	119691890137	79279408	246293147	2311576	71	2134	1	13
1677697620	745	1317657	1322760	0	2543812	113223940859	0	37714	0	120009626294	79489932	246957836	2317637	71	2140	1	13
1677697622	747	1315393	1320496	0	2541672	113453476117	0	37714	0	120253028319	79651251	247491094	2322443	71	2145	1	13
1677697624	749	1301977	1307080	0	2532352	113801947187	0	37714	0	120622545666	79896080	248250647	2329376	71	2152	1	13
1677697626	751	1281305	1286408	0	2509504	114111405918	0	37714	0	120950697224	80113537	248959146	2335826	71	2158	1	13
1677697628	753	1303141	1308244	0	2533516	114425178975	0	37714	0	121283423393	80334011	249658676	2342159	72	2165	1	13
1677697630	755	1265653	1270756	0	2476132	114620013316	0	37714	0	121490033742	80471015	250136426	2346365	72	2169	1	13
1677697632	757	1316589	1321692	0	2542868	115000692416	0	37730	0	121893703308	80738459	251007440	2354429	72	2176	1	13
1677697634	759	1308709	1313812	0	2537036	115283619853	0	37730	0	122193723208	80937305	251673964	2360465	72	2182	1	13
1677697636	761	1302529	1307632	0	2532904	115622289502	0	37730	0	122552844292	81175210	252411531	2367259	72	2188	1	13
1677697638	763	1280193	1285296	0	2508520	115853116034	0	37746	0	122797615491	81337435	252933258	2371930	73	2193	1	13
1677697640	765	1317473	1322576	0	2607188	116143473309	0	37746	0	123105585404	81541569	253615300	2378095	73	2199	1	13
1677697642	767	1300041	1305144	0	2530416	116406641576	0	37746	0	123384578049	81726417	254201478	2383449	73	2205	1	13
1677697644	769	1314309	1319412	0	2606124	116719159837	0	37746	0	123715975201	81946042	254919467	2389953	73	2211	1	13
1677697646	771	1311713	1316816	0	2540040	116993171463	0	37746	0	124006541293	82138627	255555029	2395699	73	2217	1	13
1677697648	773	1312917	1318020	0	2598456	117280488895	0	37746	0	124311209746	82340464	256167239	2401328	74	2222	1	13
1677697650	775	1303973	1309076	0	2532256	117609657939	0	37762	0	124660261882	82571770	256910889	2408076	74	2229	1	13
1677697652	777	1306269	1311372	0	2593876	117915270745	0	37762	0	124984334976	82786522	257600591	2414328	74	2236	1	13
1677697654	779	1268125	1273228	0	2505976	118213768237	0	37762	0	125300877807	82996311	258276987	2420423	74	2242	1	13
1677697656	781	1275645	1280748	0	2505976	118491083756	0	37762	0	125594927125	83191113	258881971	2425960	74	2248	1	13
1677697658	783	1309549	1314652	0	2533736	118796378757	0	37762	0	125918658950	83405587	259550863	2432086	75	2255	1	13
1677697660	785	1319145	1324248	0	2543332	119062713758	0	37762	0	126201080768	83592728	260164505	2437697	75	2261	1	13
1677697662	787	1308721	1313824	0	2598384	119357090278	0	37762	0	126513235526	83799539	260814019	2443674	75	2268	1	13
1677697664	789	1290789	1295892	0	2519072	119549917359	0	37762	0	126717707333	83935000	261229874	2447478	75	2272	1	13
1677697666	791	1286013	1291116	0	2510072	119777549656	0	37762	0	126959315196	84095166	261746983	2452123	75	2277	1	13
1677697668	793	1318685	1323788	0	2542872	120000410507	0	37762	0	127195413326	84251578	262264208	2456826	75	2283	1	13
1677697670	795	1300385	1305488	0	2524572	120143517211	0	37762	0	127347280874	84352180	262554220	2459561	75	2285	1	13
1677697672	797	1305609	1310712	0	2533892	120410065662	0	37762	0	127629810994	84539409	263174103	2465143	76	2292	1	13
1677697674	799	1306973	1312076	0	2535256	120662200349	0	37762	0	127897176814	84716599	263768066	2470532	76	2297	1	13
1677697676	801	1309065	1314168	0	2598672	120983160746	0	37762	0	128237517507	84942040	264470995	2477106	76	2304	1	13
1677697678	803	1320537	1325640	0	2603844	121230802520	0	37762	0	128500116422	85116035	265008412	2482009	76	2309	1	13
1677697680	805	1267745	1272848	0	2476132	121493895204	0	37762	0	128779101711	85300921	265602481	2487355	76	2315	1	13
1677697682	807	1305553	1310656	0	2533836	121811200049	0	37762	0	129115572508	85523883	266326779	2493927	77	2322	1	13
1677697684	809	1289157	1294260	0	2513344	122160278684	0	37762	0	129485731202	85769101	267076830	2500828	77	2329	1	13
1677697686	811	1323513	1328616	0	2609132	122455831546	0	37762	0	129799138198	85976807	267750336	2506876	77	2337	1	13
1677697688	813	1308009	1313112	0	2533752	122784093176	0	37762	0	130147230580	86207507	268498912	2513606	77	2343	1	13
1677697690	815	1320869	1325972	0	2671504	123058514834	0	37762	0	130438227590	86400331	269149858	2519545	77	2349	1	13
1677697692	817	1307345	1312448	0	2533088	123313034688	0	37762	0	130708128604	86579279	269755851	2524833	78	2355	1	13
1677697694	819	1324189	1329292	0	2609284	123624078501	0	37778	0	131037961512	86797857	270472398	2531384	78	2361	1	13
1677697696	821	1321325	1326428	0	2606332	123879852742	0	37778	0	131309192124	86977676	271084195	2536798	78	2366	1	13
1677697698	823	1325261	1330364	0	2608384	124143878633	0	37778	0	131589164636	87163181	271671921	2542192	78	2372	1	13
1677697700	825	1287261	1292364	0	2574484	124440084047	0	37778	0	131903264671	87371357	272374297	2548584	78	2378	1	13
1677697702	827	1311637	1316740	0	2535332	124699063611	0	37778	0	132177890745	87553383	272984301	2554063	78	2383	1	13
1677697704	829	1270285	1275388	0	2476132	124951267606	0	37778	0	132445331598	87730642	273572961	2559366	79	2388	1	13
1677697706	831	1307993	1313096	0	2533736	125261550716	0	37778	0	132774362730	87948752	274309727	2565962	79	2395	1	13
1677697708	833	1318553	1323656	0	2601268	125561312534	0	37778	0	133092233575	88159423	274996376	2572151	79	2401	1	13
1677697710	835	1310005	1315108	0	2533700	125830432404	0	37778	0	133377613391	88348587	275623110	2577784	79	2407	1	13
1677697712	837	1293885	1298988	0	2519628	126083833848	0	37778	0	133646321787	88526653	276189722	2582911	79	2411	1	13
1677697714	839	1285957	1291060	0	2509524	126392957478	0	37794	0	133974122204	88743931	276933245	2589652	80	2418	1	13
1677697716	841	1270285	1275388	0	2476132	126635009473	0	37794	0	134230805234	88914155	277535954	2594930	80	2423	1	13
1677697718	843	1322769	1327872	0	2607876	126970433474	0	37794	0	134586485563	89149791	278279762	2601830	80	2430	1	13
1677697720	845	1313705	1318808	0	2664188	127261166926	0	37810	0	134894785756	89354160	278970993	2608011	80	2436	1	13
1677697722	847	1307705	1312808	0	2533448	127467585541	0	37810	0	135113678089	89499278	279474255	2612521	80	2440	1	13
1677697724	849	1317069	1322172	0	2664828	127734965529	0	37810	0	135397207834	89687147	280054380	2617805	80	2446	1	13
1677697726	851	1310437	1315540	0	2597564	128004868675	0	37810	0	135683421553	89876907	280706167	2623577	81	2451	1	13
1677697728	853	1288521	1293624	0	2510036	128299072009	0	37810	0	135995401821	90083718	281383533	2629589	81	2457	1	13
1677697730	855	1315889	1320992	0	2539580	128442127893	0	37810	0	136147104227	90184315	281731764	2632655	81	2460	1	13
1677697732	857	1311709	1316812	0	2533352	128705565500	0	37810	0	136426679022	90369636	282341000	2638148	81	2465	1	13
1677697734	859	1298165	1303268	0	2580976	128990847648	0	37810	0	136728966788	90569866	282957900	2643838	81	2471	1	13
1677697736	861	1312809	1317912	0	2599568	129220086633	0	37810	0	136972190141	90731077	283478076	2648455	82	2476	1	13
1677697738	863	1307745	1312848	0	2533484	129466226318	0	37810	0	137233070402	90904050	284058074	2653585	82	2481	1	13
1677697740	865	1306465	1311568	0	2532204	129716365552	0	37810	0	137498318620	91079815	284623538	2658703	82	2487	1	13
1677697742	867	1272349	1277452	0	2541668	129805150788	0	37810	0	137592470931	91142260	284831183	2660514	82	2489	1	13
1677697744	869	1293005	1298108	0	2518744	129892087320	0	37810	0	137684657018	91203321	285019548	2662273	82	2490	1	13
1677697746	871	1313869	1318972	0	2664236	130110237145	0	37810	0	137915986114	91356642	285521013	2666782	82	2495	1	13
1677697748	873	1292617	1297720	0	2575508	130379814377	0	37810	0	138202062477	91546317	286190854	2672842	82	2500	1	13
1677697750	875	1324573	1329676	0	2607208	130637315871	0	37810	0	138474909938	91727117	286783713	2678177	83	2506	1	13
1677697752	877	1287129	1292232	0	2508644	130985603406	0	37810	0	138844312318	91971880	287555488	2685216	83	2512	1	13
1677697754	879	1270289	1275392	0	2476132	131187645988	0	37810	0	139058489390	92113926	288070476	2689700	83	2517	1	13
1677697756	881	1278189	1283292	0	2505976	131489236468	0	37810	0	139378293866	92325804	288705666	2695517	83	2523	1	13
1677697758	883	1276141	1281244	0	2505976	131763798727	0	37810	0	139669445396	92518801	289351019	2701254	83	2529	1	13
1677697760	885	1314737	1319840	0	2536380	132024218670	0	37810	0	139945600355	92701860	289965327	2706718	83	2534	1	13
1677697762	887	1318665	1323768	0	2663020	132324325437	0	37810	0	140263834823	92912744	290637684	2712832	84	2541	1	13
1677697764	889	1274093	1279196	0	2505976	132585426751	0	37810	0	140540711041	93096260	291238141	2718197	84	2546	1	13
1677697766	891	1270289	1275392	0	2476132	132782448839	0	37810	0	140749633406	93234697	291667757	2722098	84	2551	1	13
1677697768	893	1270289	1275392	0	2476132	133045647331	0	37810	0	141028734313	93419702	292288898	2727687	84	2556	1	13
1677697770	895	1320245	1325348	0	2541792	133319678123	0	37810	0	141319366081	93612360	292921484	2733318	84	2562	1	13
1677697772	897	1312257	1317360	0	2599392	133601796509	0	37826	0	141618485119	93810613	293593968	2739411	84	2568	1	13
1677697774	899	1278189	1283292	0	2505976	133926900121	0	37826	0	141963225209	94039042	294303866	2745847	85	2574	1	13
1677697776	901	1286177	1291280	0	2509740	134196936631	0	37826	0	142249577089	94228847	294924302	2751399	85	2580	1	13
1677697778	903	1318161	1323264	0	2664308	134457041012	0	37826	0	142525393875	94411633	295509587	2756702	85	2585	1	13
1677697780	905	1308177	1313280	0	2533916	134716551096	0	37826	0	142800584275	94594059	296130101	2762246	85	2591	1	13
1677697782	907	1320829	1325932	0	2542472	134998933260	0	37826	0	143100029723	94792568	296801793	2768217	85	2597	1	13
1677697784	909	1314213	1319316	0	2537904	135323665775	0	37826	0	143444376148	95020739	297541431	2774976	86	2603	1	13
1677697786	911	1314213	1319316	0	2537904	135328991139	0	37826	0	143450022528	95024472	297549407	2775065	86	2604	1	13
1677697788	913	1311477	1316580	0	2598636	135495343259	0	37842	0	143626433662	95141513	297965824	2778653	86	2607	1	13
1677697790	915	1270673	1275776	0	2505976	135786476660	0	37842	0	143935393965	95346278	298640339	2784769	86	2613	1	13
1677697792	917	1319501	1324604	0	2606624	136082463606	0	37842	0	144249019638	95554093	299333980	2791115	86	2619	1	13
1677697794	919	1278189	1283292	0	2505976	136364020650	0	37842	0	144547590220	95752025	300013822	2797169	86	2625	1	13
1677697796	921	1307313	1312416	0	2533052	136636068086	0	37842	0	144836070571	95943194	300648937	2802967	87	2631	1	13
1677697798	923	1307313	1312416	0	2533052	136636749981	0	37842	0	144836797091	95943719	300668042	2803077	87	2631	1	13
1677697800	925	1270289	1275392	0	2476132	136810710402	0	37842	0	145021269445	96066012	301081641	2806784	87	2634	1	13
1677697802	927	1317913	1323016	0	2602992	137076026967	0	37858	0	145302613568	96252464	301701011	2812454	87	2640	1	13
1677697804	929	1310925	1316028	0	2534616	137323951944	0	37858	0	145565521845	96426781	302292893	2817678	87	2645	1	13
1677697806	931	1307845	1312948	0	2533584	137573585049	0	37858	0	145830236180	96602229	302872057	2822893	87	2650	1	13
1677697808	933	1270289	1275392	0	2476132	137782053719	0	37858	0	146051306335	96748845	303385642	2827349	87	2655	1	13
1677697810	935	1305025	1310128	0	2530764	138100844958	0	37858	0	146389350399	96972809	304095613	2833871	88	2661	1	13
1677697812	937	1312093	1317196	0	2533736	138388382945	0	37858	0	146694261415	97174922	304769320	2839890	88	2667	1	13
1677697814	939	1276141	1281244	0	2505976	138584740326	0	37858	0	146902484493	97312965	305244899	2844156	88	2671	1	13
1677697816	941	1313237	1318340	0	2536928	138823941997	0	37858	0	147156135420	97481057	305781483	2849008	88	2677	1	13
1677697818	943	1317673	1322776	0	2541364	139039352374	0	37858	0	147384561454	97632478	306296560	2853632	88	2681	1	13
1677697820	945	1333849	1338952	0	2606636	139268152308	0	37874	0	147627188620	97793346	306859906	2858657	88	2686	1	13
1677697822	947	1324165	1329268	0	2599000	139548257422	0	37874	0	147924492121	97990432	307511365	2864479	89	2691	1	13
1677697824	949	1324437	1329540	0	2599272	139807265491	0	37874	0	148198878382	98172335	308123075	2869870	89	2696	1	13
1677697826	951	1343929	1349032	0	2673644	140082605267	0	37874	0	148490850663	98365825	308756638	2875617	89	2702	1	13
1677697828	953	1326065	1331168	0	2664320	140233010222	0	37874	0	148650345551	98471578	309119515	2878823	89	2704	1	13
1677697830	955	1294629	1299732	0	2571512	140485406442	0	37874	0	148918063970	98649100	309721606	2884185	89	2709	1	13
1677697832	957	1304881	1309984	0	2575492	140754896225	0	37874	0	149203846872	98838528	310369488	2889991	89	2714	1	13
1677697834	959	1304981	1310084	0	2575592	140994716348	0	37874	0	149458084279	99007091	310954892	2895207	90	2719	1	13
1677697836	961	1287877	1292980	0	2541668	141219820121	0	37874	0	149697158029	99165625	311515965	2900157	90	2723	1	13
1677697838	963	1323501	1328604	0	2600808	141318226868	0	37874	0	149801145701	99234549	311740918	2902176	90	2725	1	13
1677697840	965	1306069	1311172	0	2600808	141610983596	0	37874	0	150111587430	99440281	312383263	2907976	90	2731	1	13
1677697842	967	1324749	1329852	0	2598436	141833469679	0	37874	0	150347522438	99596753	312936027	2912808	90	2735	1	13
1677697844	969	1295777	1300880	0	2571512	142099043493	0	37874	0	150629141756	99783421	313557640	2918377	90	2740	1	13
1677697846	971	1307713	1312816	0	2640620	142368852305	0	37874	0	150915255049	99973109	314217641	2924284	91	2746	1	13
1677697848	973	1324233	1329336	0	2597920	142643022183	0	37874	0	151205989472	100165809	314860090	2930088	91	2750	1	13
1677697850	975	1325545	1330648	0	2599232	142891667978	0	37874	0	151469667571	100340708	315472556	2935328	91	2756	1	13
1677697852	977	1325281	1330384	0	2598968	143222887737	0	37874	0	151820896359	100573481	316244957	2942335	91	2762	1	13
1677697854	979	1336741	1341844	0	2606332	143457574248	0	37874	0	152069768316	100738520	316818683	2947394	91	2767	1	13
1677697856	981	1330289	1335392	0	2663340	143729818054	0	37874	0	152358455677	100929807	317426428	2952932	92	2772	1	13
1677697858	983	1340913	1346016	0	2673988	144013138982	0	37874	0	152658895629	101128967	318094852	2958914	92	2778	1	13
1677697860	985	1333521	1338624	0	2664256	144308049841	0	37874	0	152971626122	101336277	318791988	2965114	92	2784	1	13
1677697862	987	1304545	1309648	0	2578232	144629159758	0	37874	0	153312133359	101561947	319527646	2971786	92	2790	1	13
1677697864	989	1305425	1310528	0	2579112	144897904592	0	37874	0	153597115513	101750830	320165904	2977547	92	2795	1	13
1677697866	991	1304665	1309768	0	2574128	145176067993	0	37874	0	153892084239	101946338	320823561	2983476	92	2802	1	13
1677697868	993	1306137	1311240	0	2575600	145377138778	0	37874	0	154105305724	102087699	321327403	2988013	93	2806	1	13
1677697870	995	1333949	1339052	0	2665028	145656540064	0	37874	0	154401586413	102284063	321945608	2993540	93	2812	1	13
1677697872	997	1335077	1340180	0	2606716	145925083577	0	37874	0	154686354981	102472820	322583709	2999281	93	2817	1	13
1677697874	999	1329829	1334932	0	2599420	146138680435	0	37874	0	154912858386	102622976	323095920	3003851	93	2822	1	13
1677697876	1001	1287877	1292980	0	2541668	146378786097	0	37874	0	155167478731	102791849	323704069	3009154	93	2827	1	13
1677697878	1003	1311393	1316496	0	2585080	146625414018	0	37874	0	155429008085	102965148	324241172	3014004	94	2832	1	13
1677697880	1005	1308677	1313780	0	2571512	146842522381	0	37874	0	155659230318	103117764	324749938	3018515	94	2837	1	13
1677697882	1007	1323029	1328132	0	2575496	147168976488	0	37874	0	156005400403	103347117	325495740	3025415	94	2843	1	13
1677697884	1009	1343081	1348184	0	2599468	147418298373	0	37874	0	156269779705	103522280	326056965	3030577	94	2850	1	13
1677697886	1011	1351921	1357024	0	2606260	147556179104	0	37874	0	156415993372	103619226	326386041	3033484	94	2852	1	13
1677697888	1013	1342377	1347480	0	2628356	147854750232	0	37874	0	156732599265	103829030	327066108	3039645	94	2858	1	13
1677697890	1015	1305173	1310276	0	2571512	148140269327	0	37874	0	157035367661	104029703	327736081	3045679	95	2865	1	13
1677697892	1017	1354429	1359532	0	2699752	148488183562	0	37874	0	157404294452	104274140	328524939	3052900	95	2872	1	13
1677697894	1019	1304877	1309980	0	2541668	148762795756	0	37874	0	157695494233	104467110	329155488	3058610	95	2878	1	13
1677697896	1021	1320861	1325964	0	2575372	149091329054	0	37874	0	158043862185	104697830	329853274	3065194	95	2885	1	13
1677697898	1023	1351513	1356616	0	2635140	149348321163	0	37874	0	158316380177	104878451	330440975	3070464	95	2892	1	13
1677697900	1025	1312781	1317884	0	2600808	149677549356	0	37874	0	158665633445	105109913	331211036	3077492	96	2898	1	13
1677697902	1027	1326417	1331520	0	2637048	149986721379	0	37874	0	158993345823	105327097	331928813	3083973	96	2905	1	13
1677697904	1029	1370497	1375600	0	2668320	150298236629	0	37874	0	159323680989	105546038	332643939	3090405	96	2911	1	13
1677697906	1031	1364853	1369956	0	2694008	150571695342	0	37874	0	159613663509	105738276	333298557	3096211	96	2917	1	13
1677697908	1033	1374789	1379892	0	2672604	150900408416	0	37874	0	159962235567	105969307	334060170	3103068	96	2924	1	13
1677697910	1035	1354769	1359872	0	2654328	151191344479	0	37874	0	160270750449	106173813	334746876	3109194	97	2929	1	13
1677697912	1037	1344645	1349748	0	2644508	151442708073	0	37874	0	160537300158	106350481	335337010	3114515	97	2934	1	13
1677697914	1039	1365021	1370124	0	2694180	151689333634	0	37874	0	160798829746	106523875	335921434	3119697	97	2940	1	13
1677697916	1041	1385881	1390984	0	2679944	151903090270	0	37874	0	161025498303	106674080	336397725	3124023	97	2944	1	13
1677697918	1043	1335137	1340240	0	2637048	152152729743	0	37874	0	161290223393	106849583	336978470	3129179	97	2949	1	13
1677697920	1045	1350921	1356024	0	2650784	152431890030	0	37890	0	161586489048	107045935	337630486	3135102	97	2954	1	13
1677697922	1047	1350897	1356000	0	2646668	152656061937	0	37890	0	161823967093	107203380	338147392	3139636	98	2959	1	13
1677697924	1049	1344645	1349748	0	2644508	152982607145	0	37890	0	162170235613	107432822	338879862	3146336	98	2965	1	13
1677697926	1051	1367013	1372116	0	2664828	153250320446	0	37890	0	162454122734	107620982	339505499	3151970	98	2972	1	13
1677697928	1053	1327237	1332340	0	2607204	153426134635	0	37890	0	162640562368	107744605	339926349	3155662	98	2976	1	13
1677697930	1055	1378289	1383392	0	2674052	153722734372	0	37890	0	162955074616	107952972	340568424	3161552	98	2982	1	13
1677697932	1057	1352625	1357728	0	2666344	154064617938	0	37890	0	163317612956	108193261	341384648	3168938	98	2988	1	13
1677697934	1059	1369009	1374112	0	2679984	154328039129	0	37890	0	163596952906	108378463	342036987	3174734	99	2994	1	13
1677697936	1061	1365325	1370428	0	2694476	154677183886	0	37906	0	163967188504	108623819	342815266	3181746	99	3001	1	13
1677697938	1063	1379001	1384104	0	2703756	154978730615	0	37906	0	164287155814	108835869	343531807	3188273	99	3007	1	13
1677697940	1065	1365157	1370260	0	2665016	155207826732	0	37922	0	164529885537	108996716	344039399	3192837	99	3012	1	13
1677697942	1067	1331349	1336452	0	2637048	155440447069	0	37922	0	164776588264	109160246	344573723	3197610	99	3017	1	13
1677697944	1069	1362977	1368080	0	2662836	155707599688	0	37922	0	165059853098	109347989	345193916	3203191	100	3023	1	13
1677697946	1071	1337189	1342292	0	2637048	156007227118	0	37922	0	165377580353	109558548	345875117	3209333	100	3029	1	13
1677697948	1073	1374461	1379564	0	2672272	156326144126	0	37922	0	165716121963	109782946	346602797	3215872	100	3035	1	13
1677697950	1075	1335145	1340248	0	2666344	156627158031	0	37922	0	166034962007	109994229	347295946	3222134	100	3042	1	13
1677697952	1077	1338933	1344036	0	2644936	156940254270	0	37922	0	166366972205	110214266	348027099	3228762	100	3048	1	13
1677697954	1079	1374273	1379376	0	2699024	157192531749	0	37922	0	166634494042	110391616	348642565	3234281	100	3054	1	13
1677697956	1081	1344025	1349128	0	2639656	157506725547	0	37922	0	166967666892	110612404	349376529	3240979	101	3060	1	13
1677697958	1083	1377817	1382920	0	2702572	157629074018	0	37922	0	167097414136	110698490	349690236	3243661	101	3063	1	13
1677697960	1085	1345793	1350896	0	2641124	157897668716	0	37922	0	167382230992	110887201	350311534	3249413	101	3067	1	13
1677697962	1087	1364545	1369648	0	2664404	158116217384	0	37922	0	167613983963	111040815	350815543	3253930	101	3072	1	13
1677697964	1089	1374297	1379400	0	2672108	158354189774	0	37922	0	167866333581	111208072	351368133	3258897	101	3077	1	13
1677697966	1091	1366961	1372064	0	2666344	158444981635	0	37922	0	167962611518	111271896	351583777	3260842	101	3079	1	13
1677697968	1093	1364989	1370092	0	2666344	158724574339	0	37922	0	168259339038	111468552	352237336	3266760	102	3085	1	13
1677697970	1095	1365017	1370120	0	2664876	158970898805	0	37922	0	168520303440	111641550	352827771	3271999	102	3090	1	13
1677697972	1097	1344189	1349292	0	2644048	159262788968	0	37922	0	168829824460	111846656	353475226	3277864	102	3096	1	13
1677697974	1099	1327241	1332344	0	2607204	159550624013	0	37922	0	169135053918	112049024	354156017	3283853	102	3102	1	13
1677697976	1101	1327241	1332344	0	2607204	159849317568	0	37922	0	169451796594	112259006	354865370	3290150	102	3108	1	13
1677697978	1103	1365317	1370420	0	2664872	160120205624	0	37922	0	169739046685	112449345	355468466	3295637	102	3113	1	13
1677697980	1105	1327241	1332344	0	2607204	160392755542	0	37922	0	170028069755	112641001	356143743	3301571	103	3120	1	13
1677697982	1107	1375149	1380252	0	2672936	160634901735	0	37922	0	170284837791	112811090	356646078	3306194	103	3125	1	13
1677697984	1109	1375149	1380252	0	2672936	160634901735	0	37922	0	170284838016	112811093	356646885	3306200	103	3125	1	13
1677697986	1111	1375149	1380252	0	2672936	160634901735	0	37922	0	170284838166	112811095	356647551	3306204	103	3125	1	13
1677697988	1113	1375149	1380252	0	2672936	160634901735	0	37922	0	170284838316	112811097	356648217	3306208	103	3125	1	13
1677697990	1115	1367025	1372128	0	2664836	160727642596	0	37922	0	170383184528	112876315	356886288	3308327	103	3127	1	13
1677697992	1117	1335141	1340244	0	2637048	160939421854	0	37922	0	170607756677	113025135	357367267	3312707	103	3131	1	13
1677697994	1119	1373881	1378984	0	2671692	161178881802	0	37922	0	170861682594	113193423	357942476	3317957	103	3136	1	13
1677697996	1121	1374153	1379256	0	2671964	161393016706	0	37922	0	171088753721	113343915	358419951	3322232	103	3141	1	13
1677697998	1123	1379109	1384212	0	2674872	161547115697	0	37922	0	171252161522	113452207	358773993	3325452	103	3144	1	13
1677698000	1125	1379109	1384212	0	2674872	161547412012	0	37922	0	171252478108	113452450	358786830	3325533	103	3144	1	13
1677698002	1127	1368613	1373716	0	2664368	161625152917	0	37922	0	171334920625	113507137	358983250	3327280	104	3146	1	13
1677698004	1129	1368837	1373940	0	2693888	161853115904	0	37922	0	171576656886	113667367	359519145	3332092	104	3150	1	13
1677698006	1131	1327245	1332348	0	2607204	162042950091	0	37922	0	171777958809	113800772	359942375	3335897	104	3154	1	13
1677698008	1133	1378809	1383912	0	2703860	162137138540	0	37922	0	171877832360	113866898	360135445	3337769	104	3156	1	13
1677698010	1135	1335717	1340820	0	2666344	162306480004	0	37922	0	172057414342	113986051	360577020	3341542	104	3160	1	13
1677698012	1137	1386569	1391672	0	2665212	162606447657	0	37922	0	172375507402	114196917	361306852	3348136	104	3166	1	13
1677698014	1139	1380685	1385788	0	2702988	162853504582	0	37922	0	172637503058	114370730	361931799	3353536	104	3170	1	13
1677698016	1141	1329993	1335096	0	2607204	163112185243	0	37922	0	172911822660	114552679	362586286	3359195	105	3174	1	13
1677698018	1143	1374685	1379788	0	2667692	163321179023	0	37922	0	173133447958	114699637	363096446	3363690	105	3178	1	13
1677698020	1145	1371913	1377016	0	2664920	163562500772	0	37922	0	173389359957	114869393	363704818	3368965	105	3182	1	13
1677698022	1147	1333797	1338900	0	2637048	163756687459	0	37922	0	173595355909	115006062	364201320	3373289	105	3185	1	13
1677698024	1149	1377021	1382124	0	2701372	163957339333	0	37922	0	173808068224	115147103	364689425	3377567	105	3189	1	13
1677698026	1151	1346841	1351944	0	2639724	164172170212	0	37922	0	174035888844	115298242	365253370	3382464	105	3192	1	13
1677698028	1153	1381825	1386928	0	2674836	164377503049	0	37922	0	174253635431	115442668	365765228	3386909	106	3196	1	13
1677698030	1155	1345685	1350788	0	2666344	164603360276	0	37922	0	174493146543	115601525	366332673	3391882	106	3200	1	13
1677698032	1157	1339949	1345052	0	2666344	164865526140	0	37922	0	174771167703	115786005	367027943	3397872	106	3204	1	13
1677698034	1159	1348141	1353244	0	2641020	165044351966	0	37938	0	174960807759	115911831	367502991	3401955	106	3207	1	13
1677698036	1161	1374457	1379560	0	2698804	165269411314	0	37938	0	175199474150	116070146	368092160	3407118	106	3210	1	13
1677698038	1163	1335849	1340952	0	2637048	165490168191	0	37938	0	175433578699	116225445	368656909	3412017	106	3214	1	13
1677698040	1165	1369781	1374884	0	2666344	165633770205	0	37938	0	175585866980	116326512	369041836	3415318	106	3217	1	13
1677698042	1167	1367773	1372876	0	2694168	165890943383	0	37938	0	175858587455	116507396	369701829	3421121	107	3221	1	13
1677698044	1169	1367669	1372772	0	2666344	165974568824	0	37938	0	175947270759	116566248	369923410	3423005	107	3223	1	13
1677698046	1171	1347773	1352876	0	2640648	166157746227	0	37938	0	176141793132	116695379	370433430	3427419	107	3226	1	13
1677698048	1173	1371397	1376500	0	2664272	166209326088	0	37938	0	176196221609	116731389	370538840	3428444	107	3227	1	13
1677698050	1175	1337897	1343000	0	2637048	166258670301	0	37938	0	176248549059	116766094	370677606	3429670	107	3227	1	13
1677698052	1177	1364565	1369668	0	2661668	166471328688	0	37938	0	176474063082	116915663	371202411	3434238	107	3231	1	13
1677698054	1179	1365625	1370728	0	2690564	166643659995	0	37938	0	176656817514	117036942	371656420	3438115	107	3234	1	13
1677698056	1181	1381693	1386796	0	2703688	166928784724	0	37938	0	176959180882	117237509	372399109	3444587	107	3238	1	13
1677698058	1183	1330001	1335104	0	2636500	167152855942	0	37938	0	177196798241	117395115	372957643	3449460	108	3242	1	13
1677698060	1185	1330001	1335104	0	2636500	167417955638	0	37938	0	177477924912	117581581	373629757	3455316	108	3247	1	13
1677698062	1187	1361865	1366968	0	2684160	167702252063	0	37938	0	177779409406	117781561	374350299	3461578	108	3251	1	13
1677698064	1189	1357429	1362532	0	2666344	167951868052	0	37938	0	178044115786	117957134	374995965	3467256	108	3256	1	13
1677698066	1191	1367769	1372872	0	2664872	168158726225	0	37954	0	178263479972	118102637	375507904	3471658	108	3259	1	13
1677698068	1193	1330321	1335424	0	2637048	168337005761	0	37954	0	178452542531	118228100	375980965	3475691	108	3262	1	13
1677698070	1195	1329997	1335100	0	2607204	168586000973	0	37954	0	178716595786	118403307	376675026	3481724	109	3267	1	13
1677698072	1197	1371925	1377028	0	2694220	168821240742	0	37954	0	178966058170	118568752	377237286	3486615	109	3271	1	13
1677698074	1199	1382549	1387652	0	2704848	169012849403	0	37954	0	179169252102	118703546	377755961	3491203	109	3274	1	13
1677698076	1201	1382549	1387652	0	2704848	169012849403	0	37954	0	179169252447	118703551	377756900	3491211	109	3274	1	13
1677698078	1203	1367673	1372776	0	2693968	169232847816	0	37970	0	179402598729	118858391	378341594	3496272	109	3277	1	13
1677698080	1205	1377913	1383016	0	2700884	169462633640	0	37970	0	179646237306	119020035	378947712	3501473	109	3282	1	13
1677698082	1207	1367673	1372776	0	2695640	169696864563	0	37970	0	179894629366	119184797	379541848	3506603	109	3286	1	13
1677698084	1209	1361305	1366408	0	2658408	169925770001	0	37970	0	180137367713	119345729	380088333	3511454	110	3289	1	13
1677698086	1211	1367669	1372772	0	2679912	170178457303	0	37970	0	180405332299	119523473	380701823	3516760	110	3294	1	13
1677698088	1213	1365621	1370724	0	2666344	170380419337	0	37970	0	180619509143	119665599	381226649	3521207	110	3297	1	13
1677698090	1215	1377641	1382744	0	2672696	170626176396	0	37970	0	180880224595	119838604	381871972	3526791	110	3301	1	13
1677698092	1217	1368257	1373360	0	2666344	170888673867	0	37970	0	181158493647	120023134	382534327	3532607	110	3306	1	13
1677698094	1219	1369597	1374700	0	2664348	171006585213	0	37970	0	181283537396	120106120	382854678	3535377	111	3309	1	13
1677698096	1221	1369597	1374700	0	2664348	171185899207	0	37970	0	181473698045	120232331	383346218	3539562	111	3313	1	13
1677698098	1223	1369597	1374700	0	2664348	171220403162	0	37970	0	181510285827	120256569	383419181	3540241	111	3316	1	13
1677698100	1225	1369597	1374700	0	2664348	171334475088	0	37970	0	181631367583	120336976	383749236	3543108	112	3319	1	13
1677698102	1227	1369597	1374700	0	2664348	171527515863	0	37970	0	181835976400	120472732	384270581	3547585	112	3324	1	13
1677698104	1229	1369597	1374700	0	2664348	171754396583	0	37970	0	182076581569	120632426	384904952	3553028	113	3329	1	13
1677698106	1231	1369597	1374700	0	2664348	171960337639	0	37970	0	182294974556	120777302	385430067	3557573	113	3334	1	13
1677698108	1233	1369597	1374700	0	2664348	172096179543	0	37970	0	182439037685	120872970	385811776	3560732	113	3338	1	13
1677698110	1235	1369597	1374700	0	2664348	172297210374	0	37970	0	182652225392	121014416	386330983	3565187	114	3343	1	13
1677698112	1237	1369597	1374700	0	2664348	172420424110	0	37970	0	182782890791	121101117	386646126	3567877	114	3346	1	13
1677698114	1239	1369597	1374700	0	2664348	172607355562	0	37970	0	182981129731	121232687	387165864	3572320	115	3351	1	13
1677698116	1241	1369597	1374700	0	2664348	172797418408	0	37970	0	183182694680	121366530	387709205	3576855	115	3356	1	13
1677698118	1243	1369597	1374700	0	2664348	172987608579	0	37970	0	183384387133	121500363	388216451	3581268	116	3360	1	13
1677698120	1245	1369597	1374700	0	2664348	173193605141	0	37970	0	183602842406	121645323	388765102	3585978	116	3365	1	13
1677698122	1247	1369597	1374700	0	2664348	173357344459	0	37970	0	183776490155	121760618	389231683	3589913	116	3369	1	13
1677698124	1249	1369597	1374700	0	2664348	173541656514	0	37970	0	183971944894	121890260	389677727	3593790	117	3374	1	13
1677698126	1251	1369597	1374700	0	2664348	173740279661	0	37970	0	184182583645	122030066	390230876	3598544	117	3379	1	13
1677698128	1253	1369597	1374700	0	2664348	173871933121	0	37986	0	184322234271	122122788	390601278	3601745	118	3382	1	13
1677698130	1255	1369597	1374700	0	2664348	174065181558	0	37986	0	184527139519	122258756	391124647	3606167	118	3387	1	13
1677698132	1257	1369597	1374700	0	2664348	174229747529	0	37986	0	184701657718	122374553	391567645	3610030	119	3392	1	13
1677698134	1259	1369597	1374700	0	2664348	174428676577	0	37986	0	184912620605	122514573	392122514	3614771	119	3397	1	13
1677698136	1261	1369597	1374700	0	2664348	174620215864	0	37986	0	185115742577	122649339	392621751	3619062	120	3401	1	13
1677698138	1263	1369597	1374700	0	2664348	174811768951	0	37986	0	185318881746	122784146	393137745	3623525	120	3405	1	13
1677698140	1265	1369597	1374700	0	2664348	175006531018	0	37986	0	185525427570	122921260	393673261	3628055	120	3410	1	13
1677698142	1267	1369597	1374700	0	2664348	175206972622	0	37986	0	185737995668	123062363	394226072	3632726	121	3415	1	13
1677698144	1269	1369597	1374700	0	2664348	175423713002	0	37986	0	185967845110	123214893	394815205	3637814	121	3421	1	13
1677698146	1271	1369597	1374700	0	2664348	175550187937	0	38002	0	186101976948	123303996	395185414	3640839	122	3424	1	13
1677698148	1273	1369597	1374700	0	2664348	175752479326	0	38002	0	186316498784	123446293	395699746	3645322	122	3429	1	13
1677698150	1275	1369597	1374700	0	2664348	175930054880	0	38002	0	186504817287	123571296	396195625	3649554	123	3433	1	13
1677698152	1277	1369597	1374700	0	2664348	176141778476	0	38002	0	186729347951	123720315	396770519	3654459	123	3439	1	13
1677698154	1279	1369597	1374700	0	2664348	176305289412	0	38002	0	186902754478	123835465	397241394	3658401	123	3443	1	13
1677698156	1281	1369597	1374700	0	2664348	176494564213	0	38002	0	187103478096	123968679	397754358	3662811	124	3448	1	13
1677698158	1283	1369597	1374700	0	2664348	176694023572	0	38002	0	187315135805	124109174	398310234	3667530	124	3453	1	13
1677698160	1285	1369597	1374700	0	2664348	176880374490	0	38002	0	187512644798	124240222	398797779	3671755	125	3457	1	13
1677698162	1287	1369597	1374700	0	2664348	177061122734	0	38002	0	187704309564	124367464	399308187	3676074	125	3461	1	13
1677698164	1289	1369597	1374700	0	2664348	177263257219	0	38002	0	187918668442	124509699	399864018	3680912	126	3466	1	13
1677698166	1291	1369597	1374700	0	2664348	177468095669	0	38002	0	188135896782	124653861	400413794	3685635	126	3471	1	13
1677698168	1293	1369597	1374700	0	2664348	177654954349	0	38002	0	188334068719	124785491	400965658	3690200	127	3476	1	13
1677698170	1295	1369597	1374700	0	2664348	177857366272	0	38002	0	188548718636	124927895	401488206	3694744	127	3480	1	13
1677698172	1297	1369597	1374700	0	2664348	178074925081	0	38002	0	188779434848	125080989	402076951	3699802	127	3486	1	13
1677698174	1299	1369597	1374700	0	2664348	178235958094	0	38002	0	188950216068	125194431	402557614	3703814	128	3490	1	13
1677698176	1301	1369597	1374700	0	2664348	178387449291	0	38002	0	189110869414	125301034	402958867	3707219	128	3494	1	13
1677698178	1303	1369597	1374700	0	2664348	178618527527	0	38002	0	189355923780	125463636	403578292	3712589	129	3499	1	13
1677698180	1305	1369597	1374700	0	2664348	178854223805	0	38002	0	189605877896	125629538	404233734	3718206	129	3504	1	13
1677698182	1307	1369597	1374700	0	2664348	178975415665	0	38002	0	189734403279	125714872	404583975	3721153	130	3508	1	13
1677698184	1309	1369597	1374700	0	2664348	179096585314	0	38002	0	189862899553	125800115	404898672	3723927	130	3512	1	13
1677698186	1311	1369597	1374700	0	2664348	179255926628	0	38002	0	190031877926	125912245	405333297	3727691	130	3516	1	13
1677698188	1313	1369597	1374700	0	2664348	179448282456	0	38002	0	190235871334	126047660	405876933	3732325	131	3521	1	13
1677698190	1315	1369597	1374700	0	2664348	179611487100	0	38002	0	190408949843	126162551	406329340	3736187	131	3525	1	13
1677698192	1317	1369597	1374700	0	2664348	179833383698	0	38002	0	190644268709	126318728	406950524	3741543	132	3530	1	13
1677698194	1319	1369597	1374700	0	2664348	180020033250	0	38002	0	190842209849	126450115	407454214	3745777	132	3535	1	13
1677698196	1321	1369597	1374700	0	2664348	180215647228	0	38002	0	191049657018	126587801	407981367	3750280	133	3540	1	13
1677698198	1323	1369597	1374700	0	2664348	180434997163	0	38002	0	191282450962	126742398	408596442	3755446	133	3545	1	13
1677698200	1325	1369597	1374700	0	2664348	180576670780	0	38002	0	191432520779	126841928	408959022	3758579	133	3549	1	13
1677698202	1327	1369597	1374700	0	2664348	180753197806	0	38002	0	191619728630	126966209	409455621	3762775	134	3553	1	13
1677698204	1329	1369597	1374700	0	2664348	180954173247	0	38002	0	191832863316	127107693	410002402	3767375	134	3557	1	13
1677698206	1331	1369597	1374700	0	2664348	181187513737	0	38002	0	192080322752	127271984	410664750	3772961	135	3563	1	13
1677698208	1333	1369597	1374700	0	2664348	181400930527	0	38002	0	192306653438	127422252	411266593	3778023	135	3568	1	13
1677698210	1335	1369597	1374700	0	2664348	181590427657	0	38002	0	192507610260	127555589	411776096	3782478	136	3573	1	13
1677698212	1337	1369597	1374700	0	2664348	181787192786	0	38002	0	192716280788	127694119	412303555	3786875	136	3578	1	13
1677698214	1339	1369597	1374700	0	2664348	181951025737	0	38002	0	192890023172	127809420	412737392	3790560	137	3582	1	13
1677698216	1341	1369597	1374700	0	2664348	182155815396	0	38002	0	193107201949	127953577	413316094	3795510	137	3587	1	13
1677698218	1343	1369597	1374700	0	2664348	182244809650	0	38002	0	193201579609	128016215	413555384	3797545	137	3590	1	13
1677698220	1345	1369597	1374700	0	2664348	182244809650	0	38002	0	193201579834	128016218	413556191	3797551	138	3591	1	13
1677698222	1347	1369597	1374700	0	2664348	182394023614	0	38002	0	193359820934	128121256	413965129	3801021	138	3595	1	13
1677698224	1349	1369597	1374700	0	2664348	182586691445	0	38002	0	193564141288	128256836	414464720	3805293	139	3600	1	13
1677698226	1351	1369597	1374700	0	2664348	182768454489	0	38002	0	193756901053	128384791	414958749	3809458	139	3604	1	13
1677698228	1353	1369597	1374700	0	2664348	182967404066	0	38002	0	193967886234	128524837	415504083	3814066	139	3610	1	13
1677698230	1355	1369597	1374700	0	2664348	183037766880	0	38002	0	194042503710	128574339	415679771	3815565	140	3612	1	13
1677698232	1357	1369597	1374700	0	2664348	183237375698	0	38002	0	194254183116	128714780	416179107	3819824	140	3617	1	13
1677698234	1359	1369597	1374700	0	2664348	183313829024	0	38002	0	194335265334	128768652	416409307	3821692	140	3620	1	13
1677698236	1361	1369597	1374700	0	2664348	183477794702	0	38018	0	194509147930	128884038	416849086	3825474	141	3625	1	13
1677698238	1363	1369597	1374700	0	2664348	183557056891	0	38018	0	194593202560	128939798	417048391	3827221	141	3628	1	13
1677698240	1365	1346549	1351652	0	2740388	183607587208	0	205240	172032	194646703325	128975281	417176233	3828380	141	3630	1	13
1677698242	1367	1324517	1329620	0	2525216	183607587240	0	593644	557056	194646705765	128975314	417201981	3828441	141	3632	1	13
